Std No.	Outgassing	ChemProd	ChemLoss	DryDepo		WetDepo		Escape		Condensation	Net Flux	Global Change
3	0.000000e+00	1.083463e+11	-1.051129e+11	-6.163579e+05	-6.813338e-02	-3.232835e+09	0.000000e+00	2.574921e-05	1.052971e-22
53	9.000000e-01	6.151085e+10	-4.170922e+10	-0.000000e+00	0.000000e+00	-0.000000e+00	0.000000e+00	1.980163e+10	1.651640e-16
1	0.000000e+00	4.017530e+09	-4.017530e+09	-4.404461e-03	-4.256378e-04	-0.000000e+00	0.000000e+00	-1.169107e-06	-1.663691e-21
56	0.000000e+00	9.159844e+09	-9.159844e+09	-1.157263e-11	-5.375965e-21	-0.000000e+00	0.000000e+00	-1.157263e-11	-1.458141e-17
54	0.000000e+00	1.906502e+09	-1.906502e+09	-5.023686e-10	-1.038785e-03	-0.000000e+00	0.000000e+00	3.878692e-09	1.389613e-24
2	0.000000e+00	1.200204e+04	-1.200204e+04	-1.745267e-18	-5.123024e-11	-0.000000e+00	0.000000e+00	-5.755504e-12	-1.482890e-17
4	0.000000e+00	2.617440e+10	-2.617440e+10	-6.797266e-04	-2.039485e-04	-0.000000e+00	0.000000e+00	1.334661e-06	6.272254e-19
5	0.000000e+00	3.687357e+08	-3.687357e+08	-4.790311e-08	-1.060933e-04	-0.000000e+00	0.000000e+00	1.467360e-08	3.952319e-17
7	1.000000e-02	2.350907e+10	-1.474714e+10	-0.000000e+00	0.000000e+00	-0.000000e+00	-3.607231e+27	-3.607231e+27	-1.327541e+04
6	0.000000e+00	6.982103e+01	-6.982102e+01	-6.063284e-12	-4.538687e-06	-0.000000e+00	0.000000e+00	5.239902e-14	3.042514e-21
52	3.000000e+11	1.569053e+09	-1.038252e+10	-2.364365e+11	-5.475008e+10	-0.000000e+00	0.000000e+00	5.390167e-02	4.007836e-24
20	0.000000e+00	2.985330e+10	-2.112677e+10	-8.726374e+09	-1.586241e+05	-0.000000e+00	0.000000e+00	-1.342492e-04	-1.247359e-23
22	0.000000e+00	1.124213e+09	-1.043480e+09	-2.107078e+05	-8.052251e+07	-0.000000e+00	0.000000e+00	4.470348e-08	1.349410e-23
61	0.000000e+00	2.028008e+10	-2.027983e+10	-2.481151e+05	-1.136238e-06	-0.000000e+00	0.000000e+00	1.862410e-05	2.038696e-18
19	0.000000e+00	4.386456e+06	-4.386456e+06	-0.000000e+00	-8.899721e-19	-0.000000e+00	0.000000e+00	-8.899721e-19	-1.836444e-27
58	0.000000e+00	6.312304e+06	-6.312304e+06	-0.000000e+00	-8.464203e-21	-0.000000e+00	0.000000e+00	4.470348e-08	1.923935e-13
59	0.000000e+00	3.831206e+06	-3.831206e+06	-0.000000e+00	-1.121157e-20	-0.000000e+00	0.000000e+00	5.587935e-09	2.836252e-14
80	0.000000e+00	2.199102e+07	-2.199102e+07	-0.000000e+00	-1.139312e-23	-0.000000e+00	0.000000e+00	-5.215406e-08	-1.936073e-10
60	0.000000e+00	5.205020e+07	-5.205020e+07	-8.426173e+00	-4.195727e-11	-0.000000e+00	0.000000e+00	-2.638972e-08	-2.425406e-18
21	3.000000e+08	3.177517e+07	-4.262924e+07	-2.867480e+08	-2.397948e+06	-0.000000e+00	0.000000e+00	-1.805369e-04	-1.107346e-23
62	0.000000e+00	2.980056e+07	-2.980056e+07	-5.656366e+00	-4.323022e-10	-0.000000e+00	0.000000e+00	5.734296e-09	7.144799e-19
24	0.000000e+00	1.794766e+07	-3.885936e+06	-2.427359e+06	-1.163436e+07	-0.000000e+00	0.000000e+00	1.862645e-09	8.537487e-25
63	0.000000e+00	4.288443e+05	-4.272130e+05	-1.172596e+00	-1.630104e+03	-0.000000e+00	0.000000e+00	-2.794422e-10	-8.373809e-22
23	0.000000e+00	4.682787e-09	-4.390388e-09	-5.808111e-12	-2.865909e-10	-0.000000e+00	0.000000e+00	-3.101927e-25	-1.599062e-24
71	0.000000e+00	5.004085e+02	-5.004085e+02	-5.037375e-19	-3.758811e-15	-0.000000e+00	0.000000e+00	7.406322e-11	7.400606e-09
25	0.000000e+00	1.392702e-10	-1.392658e-10	-5.821035e-16	-3.823308e-15	-0.000000e+00	0.000000e+00	-2.055746e-22	-1.760465e-18
26	0.000000e+00	1.496062e-37	-1.496062e-37	-0.000000e+00	-1.902447e-58	-0.000000e+00	0.000000e+00	-1.902447e-58	-8.495981e-27
64	0.000000e+00	1.750081e+03	-1.750081e+03	-0.000000e+00	-1.749848e-24	-0.000000e+00	0.000000e+00	-2.273737e-13	-4.591933e-15
27	0.000000e+00	5.822423e+03	-5.822423e+03	-0.000000e+00	-2.607931e-07	-0.000000e+00	0.000000e+00	-2.768324e-12	-4.026067e-22
28	0.000000e+00	3.573514e+03	-3.573514e+03	-0.000000e+00	-2.358381e-22	-0.000000e+00	0.000000e+00	9.094947e-13	2.137150e-16
29	0.000000e+00	9.300872e+03	-9.300872e+03	-0.000000e+00	-2.055164e-07	-0.000000e+00	0.000000e+00	2.082794e-12	3.478437e-21
30	0.000000e+00	4.269567e+04	-4.269567e+04	-0.000000e+00	-3.034994e-12	-0.000000e+00	0.000000e+00	1.879288e-11	1.610668e-18
31	0.000000e+00	6.053249e+04	-4.809025e+04	-1.110568e+04	-1.336555e+03	-0.000000e+00	0.000000e+00	-1.777566e-07	-2.817665e-23
32	0.000000e+00	8.857699e+01	-8.857699e+01	-0.000000e+00	-1.030395e-22	-0.000000e+00	0.000000e+00	-1.042793e-10	-3.463777e-14
33	0.000000e+00	3.697253e+02	-3.134961e+02	-3.274423e-02	-5.619649e+01	-0.000000e+00	0.000000e+00	-9.237056e-14	-3.754519e-23
34	0.000000e+00	1.104014e+03	-1.104014e+03	-3.115772e-06	-2.865537e-15	-0.000000e+00	0.000000e+00	1.182096e-10	1.076096e-16
35	0.000000e+00	1.822977e+04	-1.816758e+04	-2.460171e+01	-3.758772e+01	-0.000000e+00	0.000000e+00	-5.833556e-12	-2.604452e-22
36	0.000000e+00	8.893568e+01	-8.893568e+01	-3.443694e-06	-3.433806e-16	-0.000000e+00	0.000000e+00	-3.061816e-14	-4.444237e-18
40	0.000000e+00	2.577440e+10	-2.577027e+10	-4.132477e+06	-1.618377e-05	-0.000000e+00	0.000000e+00	-2.093323e-06	-2.305268e-20
41	0.000000e+00	1.771050e+10	-1.771050e+10	-0.000000e+00	-6.718475e-06	-0.000000e+00	0.000000e+00	8.540314e-06	8.791708e-19
76	0.000000e+00	1.122943e+09	-1.122943e+09	-0.000000e+00	-1.755169e-07	-0.000000e+00	0.000000e+00	-8.907726e-07	-4.573821e-18
77	0.000000e+00	2.439849e+09	-2.439849e+09	-0.000000e+00	-9.989671e-07	-0.000000e+00	0.000000e+00	-4.529280e-08	-5.620193e-20
42	0.000000e+00	9.867798e+08	-9.867617e+08	-1.811146e+04	-2.135712e-04	-0.000000e+00	0.000000e+00	-3.442331e-07	-1.832027e-21
43	3.000000e+09	2.248729e+09	-2.228405e+09	-1.417163e+09	-1.603161e+09	-0.000000e+00	0.000000e+00	-7.152557e-07	-1.502693e-22
74	0.000000e+00	2.008892e+09	-2.008892e+09	-1.529163e-06	-5.657553e-18	-0.000000e+00	0.000000e+00	3.781854e-07	8.415543e-09
75	0.000000e+00	2.193019e+08	-2.193019e+08	-1.214841e-05	-4.496468e-17	-0.000000e+00	0.000000e+00	1.003459e-07	3.709215e-10
44	0.000000e+00	2.664265e+03	-2.664265e+03	-1.684707e-09	-1.291078e-04	-0.000000e+00	0.000000e+00	4.142411e-13	1.374971e-21
45	3.000000e+08	8.991787e+08	-1.190253e+09	-8.890593e+06	-3.552534e+04	-0.000000e+00	0.000000e+00	6.606351e-07	3.775180e-22
46	0.000000e+00	4.065591e+09	-4.063895e+09	-1.695310e+06	-6.249611e-06	-0.000000e+00	0.000000e+00	-8.628414e-07	-8.399745e-20
47	0.000000e+00	9.365072e+08	-9.350672e+08	-1.440002e+06	-5.266315e-06	-0.000000e+00	0.000000e+00	-4.974418e-08	-9.787028e-21
48	0.000000e+00	1.784168e+08	-1.784165e+08	-2.909710e+02	-9.502220e-08	-0.000000e+00	0.000000e+00	-3.386744e-08	-7.113500e-23
68	0.000000e+00	3.312463e+02	-3.311464e+02	-6.139859e-03	-9.376788e-02	-0.000000e+00	0.000000e+00	1.592892e-13	2.123562e-19
73	0.000000e+00	2.565768e+03	-4.934074e+02	-4.854461e+01	-2.012775e+03	-0.000000e+00	-1.104070e+01	-1.930900e-12	-3.096530e-24
78	0.000000e+00	0.000000e+00	0.000000e+00	-1.104070e+01	-1.016861e-09	-0.000000e+00	1.104070e+01	1.834977e-12	2.231459e-24
79	0.000000e+00	3.293272e+07	0.000000e+00	-3.293272e+07	-6.041443e-04	-0.000000e+00	-4.747187e+00	-8.733464e-09	-1.671389e-23
111	0.000000e+00	0.000000e+00	0.000000e+00	-4.747180e+00	-6.786170e-06	-0.000000e+00	4.747187e+00	-3.504766e-08	-6.134991e-23
8	0.000000e+00	9.418635e+06	-9.418635e+06	-0.000000e+00	-4.006363e-09	-0.000000e+00	0.000000e+00	-2.810722e-10	-2.335847e-20
9	2.000000e+10	1.576471e+10	-3.575929e+10	-5.423522e+06	0.000000e+00	-0.000000e+00	0.000000e+00	-7.885599e-03	-2.689993e-23
10	0.000000e+00	4.721118e+10	-4.721117e+10	-4.471669e+00	-3.083210e+02	-0.000000e+00	0.000000e+00	-2.349489e-05	-7.704841e-19
57	0.000000e+00	9.762548e+07	-9.762548e+07	-0.000000e+00	-2.636447e-06	-0.000000e+00	0.000000e+00	4.576226e-08	7.479535e-21
11	0.000000e+00	1.344001e+07	-1.213793e+07	-0.000000e+00	-1.302084e+06	-0.000000e+00	0.000000e+00	-2.351590e-07	-5.640514e-25
12	0.000000e+00	8.125017e+08	-8.125017e+08	-3.664780e-04	-9.707583e-05	-0.000000e+00	0.000000e+00	5.110301e-08	1.001840e-21
13	0.000000e+00	5.295414e+06	-5.295414e+06	-2.730134e-12	-3.795640e-08	-0.000000e+00	0.000000e+00	3.019064e-09	7.391249e-18
14	0.000000e+00	1.632603e+02	-1.632603e+02	-5.186531e-22	-2.795179e-09	-0.000000e+00	0.000000e+00	-1.309976e-13	-1.983283e-17
15	0.000000e+00	5.522514e-07	-5.522506e-07	-1.279004e-39	-7.711382e-13	-0.000000e+00	0.000000e+00	-1.041094e-22	-5.713332e-23
16	0.000000e+00	6.649773e+08	-6.649773e+08	-5.463292e-02	-2.431127e+00	-0.000000e+00	0.000000e+00	1.562894e-07	2.741848e-20
17	0.000000e+00	1.916003e+03	-1.916003e+03	-2.146842e-11	-1.119300e-04	-0.000000e+00	0.000000e+00	-1.169822e-12	-4.418141e-21
18	0.000000e+00	3.704391e-02	-3.704375e-02	-1.891408e-09	-1.545506e-07	-0.000000e+00	0.000000e+00	1.313735e-17	1.285820e-22
70	0.000000e+00	1.583515e-04	-1.583513e-04	-7.692690e-28	-1.644057e-10	-0.000000e+00	0.000000e+00	5.609944e-20	1.444022e-22
37	0.000000e+00	2.113085e+06	-9.492467e+04	-7.275859e+05	-1.290575e+06	-0.000000e+00	0.000000e+00	-1.420267e-08	-8.758308e-24
38	0.000000e+00	9.495560e+04	-9.495560e+04	-4.374846e-20	-4.667512e-11	-0.000000e+00	0.000000e+00	-3.019370e-12	-6.548117e-19
39	0.000000e+00	5.687970e+01	-5.687970e+01	-1.686528e-12	-1.058556e-23	-0.000000e+00	0.000000e+00	-2.541968e-15	-5.034079e-17
72	0.000000e+00	5.521771e-03	-5.186658e-03	-3.351133e-04	-1.577187e-15	-0.000000e+00	0.000000e+00	-6.486355e-19	-1.406645e-24
65	0.000000e+00	1.209091e+03	-1.209091e+03	-4.051497e-07	-1.046893e-04	-0.000000e+00	0.000000e+00	3.372489e-14	2.606688e-22
66	0.000000e+00	3.087000e-02	-3.086959e-02	-2.348422e-07	-1.716311e-07	-0.000000e+00	0.000000e+00	8.745933e-18	3.591983e-23
109	0.000000e+00	2.714352e+06	-2.018859e+06	-5.945787e+05	-1.009141e+05	-0.000000e+00	0.000000e+00	1.396984e-09	6.868973e-24
67	0.000000e+00	1.507945e-04	-1.507945e-04	-7.744636e-20	-1.260226e-26	-0.000000e+00	0.000000e+00	-5.034132e-20	-2.214397e-19
110	0.000000e+00	1.128860e-01	-1.123248e-01	-4.795334e-04	-8.163956e-05	-0.000000e+00	0.000000e+00	-1.208885e-17	-9.934678e-24
106	0.000000e+00	7.304766e+09	-7.294113e+09	-1.065306e+07	-5.035363e-05	-0.000000e+00	0.000000e+00	1.321733e-06	1.589593e-23
107	0.000000e+00	2.417558e+10	-2.417557e+10	-7.548371e+03	-3.402671e-08	-0.000000e+00	0.000000e+00	-2.176574e-06	-3.724231e-20
108	0.000000e+00	2.417576e+10	-2.417558e+10	-1.788969e+05	-9.218405e-07	-0.000000e+00	0.000000e+00	6.361451e-06	6.436828e-23
49	0.000000e+00	7.559048e-06	-7.559044e-06	-3.826504e-12	-7.967272e-13	-0.000000e+00	0.000000e+00	-6.577890e-21	-2.447428e-23
50	0.000000e+00	2.698920e-08	-2.698920e-08	-5.293128e-29	-6.328451e-29	-0.000000e+00	0.000000e+00	3.308606e-24	2.096790e-21
51	0.000000e+00	0.000000e+00	0.000000e+00	-0.000000e+00	0.000000e+00	-0.000000e+00	0.000000e+00	0.000000e+00	nan
69	0.000000e+00	0.000000e+00	0.000000e+00	-0.000000e+00	0.000000e+00	-0.000000e+00	0.000000e+00	0.000000e+00	nan
