Std No.	Outgassing	ChemProd	ChemLoss	DryDepo		WetDepo		Escape		Condensation	Net Flux	Global Change
3	0.000000e+00	5.411190e+12	-5.409967e+12	-8.006389e+02	-1.501570e-05	-1.222411e+09	0.000000e+00	-2.598286e-03	-7.660735e-19
53	3.000000e+10	2.935851e+11	-1.249091e+10	-0.000000e+00	0.000000e+00	-3.110942e+11	0.000000e+00	-2.475879e+01	-7.900103e-23
1	0.000000e+00	1.527817e+12	-1.527817e+12	-5.110109e+01	-3.778224e-04	-0.000000e+00	0.000000e+00	5.871079e-04	1.845620e-20
56	0.000000e+00	1.272433e+09	-1.272433e+09	-0.000000e+00	-3.695975e-25	-0.000000e+00	0.000000e+00	-6.198883e-06	-1.180518e-12
54	0.000000e+00	1.096769e+09	-1.096769e+09	-0.000000e+00	0.000000e+00	-0.000000e+00	0.000000e+00	-2.384186e-07	-1.310779e-22
2	0.000000e+00	1.283174e+07	-1.283174e+07	-1.334946e-17	-5.221534e-11	-0.000000e+00	0.000000e+00	3.673075e-09	3.867116e-18
4	0.000000e+00	6.266095e+11	-6.266095e+11	-2.147981e+00	-5.519862e-03	-0.000000e+00	0.000000e+00	-3.029064e-04	-1.723063e-13
5	0.000000e+00	3.890553e+08	-3.890553e+08	-8.196087e-07	-1.795512e-02	-0.000000e+00	0.000000e+00	-1.627294e-07	-3.351712e-17
7	1.000000e-02	1.017894e+09	-4.496223e+11	-0.000000e+00	0.000000e+00	-0.000000e+00	-7.052209e+26	-7.052209e+26	-1.380797e+04
6	0.000000e+00	1.958594e+01	-1.958594e+01	-4.503888e-07	-2.765614e-06	-0.000000e+00	0.000000e+00	3.189599e-15	1.261155e-20
52	1.000000e-02	1.790185e+12	-1.503339e+12	-0.000000e+00	-1.017761e+12	-0.000000e+00	0.000000e+00	-7.309152e+11	-3.344948e-12
20	8.000000e+11	6.685620e+12	-7.222094e+12	-2.635260e+11	0.000000e+00	-0.000000e+00	0.000000e+00	3.256046e+02	1.299924e-22
22	0.000000e+00	1.044976e+12	-9.606258e+11	-2.821878e+09	-8.152797e+10	-0.000000e+00	0.000000e+00	-1.068115e-04	-8.499489e-21
61	0.000000e+00	6.076607e+12	-6.076581e+12	-2.548344e+07	-1.737978e-04	-0.000000e+00	0.000000e+00	4.394399e-03	1.681363e-17
19	0.000000e+00	2.917973e+08	-2.917973e+08	-0.000000e+00	-5.654318e-17	-0.000000e+00	0.000000e+00	1.192093e-07	1.733903e-22
58	0.000000e+00	3.626906e+07	-3.626906e+07	-0.000000e+00	-8.989613e-24	-0.000000e+00	0.000000e+00	-7.227063e-06	-1.097577e-13
59	0.000000e+00	8.988792e+07	-8.988792e+07	-0.000000e+00	-1.251531e-23	-0.000000e+00	0.000000e+00	-1.490116e-08	-3.065178e-16
80	0.000000e+00	1.422086e+08	-1.422086e+08	-0.000000e+00	-9.910934e-25	-0.000000e+00	0.000000e+00	2.980232e-08	2.769853e-15
60	0.000000e+00	1.015456e+09	-1.015456e+09	-0.000000e+00	-9.598716e-11	-0.000000e+00	0.000000e+00	2.383226e-07	1.724386e-16
21	3.000000e+08	1.693481e+07	-3.169348e+08	-0.000000e+00	0.000000e+00	-0.000000e+00	0.000000e+00	7.268596e-02	2.113217e-23
62	0.000000e+00	9.230803e+05	-9.230802e+05	-1.202816e-01	-8.015711e-13	-0.000000e+00	0.000000e+00	1.019584e-08	1.266570e-15
24	0.000000e+00	2.854816e+05	-1.399163e+05	-9.097469e+04	-5.459067e+04	-0.000000e+00	0.000000e+00	-1.164153e-10	-1.345922e-22
63	0.000000e+00	1.874299e+11	-2.187753e+10	-5.009153e+09	-1.605433e+11	-0.000000e+00	0.000000e+00	-6.103516e-05	-5.574334e-22
23	0.000000e+00	8.203385e-06	-8.203385e-06	-5.327654e-16	-2.436221e-13	-0.000000e+00	0.000000e+00	-1.005755e-21	-1.930973e-21
71	0.000000e+00	7.925151e+01	-7.925151e+01	-3.413649e-23	-6.383226e-16	-0.000000e+00	0.000000e+00	5.579118e-11	3.519892e-08
25	0.000000e+00	5.808209e-10	-5.808208e-10	-1.287990e-21	-8.816710e-17	-0.000000e+00	0.000000e+00	1.595850e-20	1.188075e-15
26	0.000000e+00	3.002968e-31	-3.002968e-31	-0.000000e+00	-8.871558e-60	-0.000000e+00	0.000000e+00	-4.379058e-47	-7.400445e-19
64	0.000000e+00	2.384626e+01	-2.384626e+01	-0.000000e+00	-7.778482e-26	-0.000000e+00	0.000000e+00	4.053646e-12	4.965067e-14
27	0.000000e+00	1.431291e+03	-1.431291e+03	-0.000000e+00	0.000000e+00	-0.000000e+00	0.000000e+00	0.000000e+00	0.000000e+00
28	0.000000e+00	2.422518e+02	-2.422518e+02	-0.000000e+00	-2.838022e-19	-0.000000e+00	0.000000e+00	2.842143e-14	4.292001e-16
29	0.000000e+00	1.103085e+06	-1.103085e+06	-0.000000e+00	0.000000e+00	-0.000000e+00	0.000000e+00	2.095476e-09	9.019391e-18
30	0.000000e+00	2.655583e+03	-2.655583e+03	-0.000000e+00	-3.340024e-15	-0.000000e+00	0.000000e+00	-3.340024e-15	-4.885264e-20
31	0.000000e+00	8.627107e+03	-2.688747e+03	-5.938360e+03	0.000000e+00	-0.000000e+00	0.000000e+00	1.866192e-07	3.303397e-22
32	0.000000e+00	1.814310e+04	-1.814310e+04	-1.291449e-18	-1.269598e-23	-0.000000e+00	0.000000e+00	6.953462e-06	9.409658e-14
33	0.000000e+00	1.193492e+05	-1.181009e+05	-2.354032e+01	-1.224815e+03	-0.000000e+00	0.000000e+00	1.978151e-11	5.911763e-23
34	0.000000e+00	7.383765e+08	-7.383761e+08	-4.316245e+02	-2.873954e-09	-0.000000e+00	0.000000e+00	1.945663e-07	5.901579e-17
35	0.000000e+00	8.223319e+06	-8.219895e+06	-3.280611e+03	-1.429722e+02	-0.000000e+00	0.000000e+00	5.170477e-10	1.398118e-20
36	0.000000e+00	1.053246e+03	-1.053246e+03	-2.621730e-08	-6.454985e-18	-0.000000e+00	0.000000e+00	2.488985e-13	3.036421e-20
40	0.000000e+00	3.410465e+11	-3.410465e+11	-0.000000e+00	-1.033647e-06	-0.000000e+00	0.000000e+00	6.000151e-05	9.388650e-19
41	0.000000e+00	3.257665e+11	-3.257665e+11	-0.000000e+00	-8.435913e-07	-0.000000e+00	0.000000e+00	1.822619e-04	7.017743e-18
76	0.000000e+00	1.176930e+10	-1.176930e+10	-0.000000e+00	-1.872746e-10	-0.000000e+00	0.000000e+00	-1.872746e-10	-9.992049e-21
77	0.000000e+00	1.037525e+11	-1.037525e+11	-0.000000e+00	-7.490348e-09	-0.000000e+00	0.000000e+00	1.525130e-05	1.726016e-17
42	0.000000e+00	2.194410e+11	-2.194410e+11	-0.000000e+00	-1.263558e-04	-0.000000e+00	0.000000e+00	-9.583822e-05	-3.939356e-19
43	3.000000e+09	7.230010e+10	-7.433959e+10	-7.997146e+08	-1.607946e+08	-0.000000e+00	0.000000e+00	1.241267e-04	6.812975e-19
74	0.000000e+00	7.173273e+10	-7.173273e+10	-0.000000e+00	-7.452338e-16	-0.000000e+00	0.000000e+00	-7.452338e-16	-2.582999e-19
75	0.000000e+00	6.639748e+09	-6.639748e+09	-0.000000e+00	-5.057511e-15	-0.000000e+00	0.000000e+00	4.768372e-06	3.080868e-10
44	0.000000e+00	1.826355e+04	-1.826355e+04	-1.664869e-06	-6.025062e-04	-0.000000e+00	0.000000e+00	-2.023366e-12	-1.079940e-20
45	3.000000e+08	9.072410e+11	-9.069235e+11	-6.170205e+08	-4.986356e+05	-0.000000e+00	0.000000e+00	-9.581191e-05	-3.783336e-21
46	0.000000e+00	1.072345e+12	-1.072345e+12	-0.000000e+00	-1.505278e-05	-0.000000e+00	0.000000e+00	2.290878e-04	2.322027e-18
47	0.000000e+00	1.702968e+11	-1.702968e+11	-0.000000e+00	-1.970191e-05	-0.000000e+00	0.000000e+00	1.081566e-05	6.151579e-19
48	0.000000e+00	1.777114e+05	-1.777114e+05	-0.000000e+00	-2.898322e-10	-0.000000e+00	0.000000e+00	8.851755e-11	2.454114e-23
68	0.000000e+00	3.726981e+02	-3.155840e+02	-1.764570e+01	-3.946849e+01	-0.000000e+00	0.000000e+00	2.842171e-14	2.708928e-22
73	0.000000e+00	1.197365e+04	-1.899389e+03	-1.948268e+03	-7.366909e+03	-0.000000e+00	-7.590818e+02	-1.796252e-11	-3.501022e-23
78	0.000000e+00	0.000000e+00	0.000000e+00	-7.590818e+02	-3.632055e-09	-0.000000e+00	7.590818e+02	6.821210e-13	7.173186e-25
79	0.000000e+00	2.152452e+08	0.000000e+00	-0.000000e+00	-3.550805e-03	-0.000000e+00	-2.152452e+08	-1.406670e-05	-1.077405e-20
111	0.000000e+00	0.000000e+00	0.000000e+00	-2.152452e+08	-1.016794e-03	-0.000000e+00	2.152452e+08	1.418591e-05	2.213896e-21
8	0.000000e+00	8.463633e+06	-8.463633e+06	-0.000000e+00	-5.171230e-09	-0.000000e+00	0.000000e+00	2.279351e-09	3.037946e-19
9	0.000000e+00	5.771992e+05	-5.771992e+05	-0.000000e+00	0.000000e+00	-0.000000e+00	0.000000e+00	0.000000e+00	0.000000e+00
10	0.000000e+00	8.483271e+06	-8.483269e+06	-0.000000e+00	-1.895668e+00	-0.000000e+00	0.000000e+00	-1.307079e-09	-9.809531e-19
57	0.000000e+00	1.123813e+05	-1.123813e+05	-0.000000e+00	-4.383813e-16	-0.000000e+00	0.000000e+00	-2.910427e-11	-5.454871e-19
11	0.000000e+00	1.480875e+04	-1.480873e+04	-0.000000e+00	-1.707206e-02	-0.000000e+00	0.000000e+00	3.814996e-11	5.732965e-22
12	1.000000e+08	2.984507e+12	-2.984606e+12	-3.007631e+05	-2.214286e+02	-0.000000e+00	0.000000e+00	1.989669e-03	9.976971e-19
13	0.000000e+00	8.770165e+07	-8.770165e+07	-1.014411e-02	-9.164931e-05	-0.000000e+00	0.000000e+00	2.996456e-08	4.634819e-18
14	0.000000e+00	4.465225e+03	-4.465225e+03	-5.313010e-09	-1.156100e-05	-0.000000e+00	0.000000e+00	2.244008e-12	7.141241e-17
15	0.000000e+00	1.250665e-04	-1.250662e-04	-9.212214e-20	-3.365741e-10	-0.000000e+00	0.000000e+00	8.038076e-21	1.477958e-20
16	0.000000e+00	2.984503e+12	-2.984419e+12	-0.000000e+00	-8.457163e+07	-0.000000e+00	0.000000e+00	3.081560e-04	6.439880e-20
17	0.000000e+00	1.069848e+04	-1.066473e+04	-1.774939e+01	-1.599774e+01	-0.000000e+00	0.000000e+00	-7.981171e-12	-4.575098e-19
18	0.000000e+00	2.924667e-02	-2.921450e-02	-4.693778e-06	-2.747918e-05	-0.000000e+00	0.000000e+00	-6.166400e-19	-8.294943e-22
70	0.000000e+00	1.212418e-01	-1.212418e-01	-1.001243e-16	-5.695951e-08	-0.000000e+00	0.000000e+00	4.851181e-17	1.324794e-19
37	0.000000e+00	3.991608e+03	-4.383817e-01	-2.697824e+03	-1.293346e+03	-0.000000e+00	0.000000e+00	-2.091838e-11	-2.318318e-23
38	0.000000e+00	4.151013e-01	-4.151013e-01	-2.324332e-19	-2.324817e-22	-0.000000e+00	0.000000e+00	4.274126e-15	9.296411e-16
39	0.000000e+00	2.615733e-01	-2.615733e-01	-0.000000e+00	-1.478987e-22	-0.000000e+00	0.000000e+00	3.386180e-15	2.194774e-16
72	0.000000e+00	3.673384e-02	-3.673384e-02	-0.000000e+00	-9.506442e-10	-0.000000e+00	0.000000e+00	1.287080e-11	9.799863e-21
65	0.000000e+00	3.724772e+04	-3.724696e+04	-4.751872e-01	-2.923031e-01	-0.000000e+00	0.000000e+00	-6.417256e-12	-2.015499e-19
66	0.000000e+00	1.016039e-01	-1.016038e-01	-4.844178e-08	-6.065392e-08	-0.000000e+00	0.000000e+00	-2.550366e-17	-2.493950e-20
109	0.000000e+00	3.944998e+03	-3.944976e+03	-0.000000e+00	-2.204521e-02	-0.000000e+00	0.000000e+00	8.966439e-13	3.519778e-21
67	0.000000e+00	8.895412e-08	-8.895412e-08	-0.000000e+00	-4.302615e-24	-0.000000e+00	0.000000e+00	1.280463e-22	6.894743e-18
110	0.000000e+00	2.048130e-06	-2.047802e-06	-0.000000e+00	-3.280567e-10	-0.000000e+00	0.000000e+00	1.132112e-19	4.700805e-19
106	0.000000e+00	5.232390e+01	-5.232390e+01	-0.000000e+00	-4.638920e-13	-0.000000e+00	0.000000e+00	-9.144654e-15	-1.560035e-20
107	0.000000e+00	1.798904e+02	-1.798904e+02	-0.000000e+00	-6.234380e-10	-0.000000e+00	0.000000e+00	1.058862e-13	4.176932e-23
108	0.000000e+00	1.798904e+02	-1.798904e+02	-0.000000e+00	-4.640333e-13	-0.000000e+00	0.000000e+00	-9.285963e-15	-6.352488e-21
49	0.000000e+00	1.024874e-08	-1.024748e-08	-1.260076e-12	-4.019556e-16	-0.000000e+00	0.000000e+00	-1.325391e-20	-3.440815e-17
50	0.000000e+00	2.961172e-12	-2.961172e-12	-0.000000e+00	-2.217828e-41	-0.000000e+00	0.000000e+00	-2.827277e-27	-5.271542e-17
51	0.000000e+00	0.000000e+00	0.000000e+00	-0.000000e+00	0.000000e+00	-0.000000e+00	0.000000e+00	0.000000e+00	nan
69	0.000000e+00	0.000000e+00	0.000000e+00	-0.000000e+00	0.000000e+00	-0.000000e+00	0.000000e+00	0.000000e+00	nan
