Std No.	Outgassing	ChemProd	ChemLoss	DryDepo		WetDepo		Escape		Condensation	Net Flux	Global Change
3	0.000000e+00	1.316261e+13	-1.315722e+13	-4.202630e-07	-4.759938e-08	-5.392303e+09	0.000000e+00	3.817616e-01	1.117768e-15
53	3.000000e+10	2.601155e+09	-2.751328e+09	-0.000000e+00	0.000000e+00	-2.984983e+10	0.000000e+00	8.079185e-01	5.297100e-23
1	0.000000e+00	7.488731e+13	-7.488731e+13	-8.114385e-02	-2.633194e-02	-0.000000e+00	0.000000e+00	-1.696685e+01	-2.314573e-17
56	0.000000e+00	1.229205e+13	-1.229205e+13	-0.000000e+00	-2.754790e-18	-0.000000e+00	0.000000e+00	-1.556641e+00	-1.415633e-09
54	0.000000e+00	8.313388e+13	-8.313388e+13	-0.000000e+00	0.000000e+00	-0.000000e+00	0.000000e+00	-1.282755e+04	-7.762031e-23
2	0.000000e+00	5.810449e+13	-5.808680e+13	-1.769093e+10	-3.873140e+04	-0.000000e+00	0.000000e+00	1.876598e+01	7.029364e-18
4	0.000000e+00	1.316014e+13	-1.316014e+13	-4.030663e-04	-1.143872e-05	-0.000000e+00	0.000000e+00	-5.199458e-01	-1.671335e-12
5	0.000000e+00	4.590979e+11	-4.590975e+11	-1.323663e+05	-2.266836e+05	-0.000000e+00	0.000000e+00	1.540825e-01	4.640130e-15
7	1.000000e-02	5.357871e+08	-1.765975e+08	-0.000000e+00	0.000000e+00	-0.000000e+00	-3.688523e+26	-3.688523e+26	-1.410188e+04
6	0.000000e+00	1.353706e+09	-9.429028e+08	-8.495138e+07	-3.258520e+08	-0.000000e+00	0.000000e+00	9.919405e-04	1.854711e-20
52	9.000000e-01	2.644556e+12	-2.700598e+12	-0.000000e+00	-4.771541e+13	-0.000000e+00	0.000000e+00	-4.777145e+13	-3.672201e-12
20	1.000000e+08	3.278819e+11	-2.701656e+11	-5.781637e+10	0.000000e+00	-0.000000e+00	0.000000e+00	9.674815e+02	2.731942e-22
22	0.000000e+00	1.141508e+09	-1.140201e+09	-6.246149e+04	-1.243854e+06	-0.000000e+00	0.000000e+00	1.381850e-06	2.147912e-21
61	0.000000e+00	1.071727e+09	-1.071727e+09	-1.844129e-12	-1.638214e-21	-0.000000e+00	0.000000e+00	8.773804e-05	1.368812e-10
19	0.000000e+00	5.914407e+09	-5.914407e+09	-0.000000e+00	-1.342069e-21	-0.000000e+00	0.000000e+00	-7.324219e-02	-1.354805e-07
58	0.000000e+00	7.401048e+07	-7.401048e+07	-0.000000e+00	-4.819619e-22	-0.000000e+00	0.000000e+00	-1.502246e-03	-8.332776e-09
59	0.000000e+00	7.785253e+07	-7.785253e+07	-0.000000e+00	-1.663269e-22	-0.000000e+00	0.000000e+00	1.832843e-06	2.939755e-11
80	0.000000e+00	6.277217e+08	-6.277217e+08	-0.000000e+00	-9.119926e-19	-0.000000e+00	0.000000e+00	-9.536743e-07	-2.609188e-15
60	0.000000e+00	1.419842e+09	-1.419842e+09	-0.000000e+00	-1.994639e-20	-0.000000e+00	0.000000e+00	1.511002e-02	6.862265e-09
21	3.000000e+09	8.703526e+06	-1.684341e+09	-1.324362e+09	0.000000e+00	-0.000000e+00	0.000000e+00	-8.937736e-01	-1.101827e-22
62	0.000000e+00	8.956992e+07	-8.956992e+07	-5.828712e-13	-7.509427e-23	-0.000000e+00	0.000000e+00	2.505779e-04	8.747201e-09
24	0.000000e+00	1.187133e+04	-1.183223e+04	-2.952355e+01	-9.575908e+00	-0.000000e+00	0.000000e+00	7.537526e-10	1.347107e-19
63	0.000000e+00	2.476793e+09	-2.476793e+09	-1.034903e-07	-2.141976e-06	-0.000000e+00	0.000000e+00	-3.933291e-03	-1.428943e-06
23	0.000000e+00	7.132575e+01	-2.441527e-03	-4.289514e+00	-6.703380e+01	-0.000000e+00	0.000000e+00	-9.094947e-13	-1.700571e-20
71	0.000000e+00	9.130841e+07	-9.130841e+07	-1.592776e-07	-7.109491e-07	-0.000000e+00	0.000000e+00	2.229303e-04	1.220758e-07
25	0.000000e+00	4.650736e-01	-3.639474e-01	-6.979145e-02	-3.133477e-02	-0.000000e+00	0.000000e+00	8.672785e-13	4.442731e-20
26	0.000000e+00	4.123192e-43	-7.146544e-15	-0.000000e+00	-2.189778e-40	-0.000000e+00	0.000000e+00	-7.146544e-15	-4.760099e-01
64	0.000000e+00	1.369074e-05	-1.399124e-05	-0.000000e+00	-1.772449e-30	-0.000000e+00	0.000000e+00	-3.005008e-07	-6.179998e-03
27	0.000000e+00	7.808663e-02	-7.808567e-02	-0.000000e+00	0.000000e+00	-0.000000e+00	0.000000e+00	9.566041e-07	1.204465e-12
28	0.000000e+00	1.790796e-01	-1.790796e-01	-0.000000e+00	-6.116736e-28	-0.000000e+00	0.000000e+00	1.197931e-13	1.782836e-11
29	0.000000e+00	6.616501e+03	-6.616501e+03	-0.000000e+00	0.000000e+00	-0.000000e+00	0.000000e+00	-4.674448e-07	-2.667165e-12
30	0.000000e+00	1.617060e-03	-1.617060e-03	-0.000000e+00	-1.935506e-25	-0.000000e+00	0.000000e+00	2.433383e-15	1.687849e-13
31	0.000000e+00	3.756095e-05	-2.535235e-05	-1.220860e-05	0.000000e+00	-0.000000e+00	0.000000e+00	1.143020e-16	1.525151e-22
32	0.000000e+00	4.614941e+02	-4.614945e+02	-4.143167e-12	-3.885116e-19	-0.000000e+00	0.000000e+00	-4.265951e-04	-5.358375e-12
33	0.000000e+00	7.605137e+02	-7.473672e+02	-6.688673e-01	-1.247768e+01	-0.000000e+00	0.000000e+00	5.390394e-08	2.851725e-17
34	0.000000e+00	1.601489e+03	-1.601486e+03	-1.531735e-09	-5.568619e-21	-0.000000e+00	0.000000e+00	2.807333e-03	5.215478e-08
35	0.000000e+00	8.197626e-03	-8.192920e-03	-4.203808e-06	-1.206759e-07	-0.000000e+00	0.000000e+00	3.820347e-07	2.396297e-10
36	0.000000e+00	7.445799e-03	-7.445798e-03	-3.457408e-23	-8.302034e-29	-0.000000e+00	0.000000e+00	1.805200e-10	2.730842e-08
40	0.000000e+00	2.179109e+02	-2.179110e+02	-0.000000e+00	-1.768165e-27	-0.000000e+00	0.000000e+00	-8.729601e-05	-2.199038e-04
41	0.000000e+00	8.088083e-13	-8.088083e-13	-0.000000e+00	-2.645336e-36	-0.000000e+00	0.000000e+00	1.411316e-24	7.593984e-15
76	0.000000e+00	1.320100e-32	-1.320100e-32	-0.000000e+00	-1.534217e-56	-0.000000e+00	0.000000e+00	3.247619e-44	2.973750e-14
77	0.000000e+00	1.491763e-39	-1.491763e-39	-0.000000e+00	-4.114902e-63	-0.000000e+00	0.000000e+00	1.690282e-50	5.863792e-14
42	0.000000e+00	2.297230e+05	-2.297230e+05	-0.000000e+00	-6.334845e-19	-0.000000e+00	0.000000e+00	8.429909e-04	1.425599e-11
43	3.000000e+09	1.845207e+08	-1.842201e+08	-2.688366e+09	-3.119347e+08	-0.000000e+00	0.000000e+00	1.312137e-03	8.036371e-19
74	0.000000e+00	1.613729e+08	-1.613729e+08	-0.000000e+00	-1.265945e-19	-0.000000e+00	0.000000e+00	-4.768372e-07	-9.462212e-09
75	0.000000e+00	3.725936e+07	-3.725936e+07	-0.000000e+00	-2.696831e-18	-0.000000e+00	0.000000e+00	1.639128e-07	5.422536e-10
44	0.000000e+00	1.751181e+04	-1.751181e+04	-3.190669e-05	-8.736520e-04	-0.000000e+00	0.000000e+00	-2.047985e-09	-5.644186e-18
45	3.000000e+08	4.137821e+00	-3.177384e+05	-2.995571e+08	-1.251237e+05	-0.000000e+00	0.000000e+00	5.448877e-06	4.469162e-22
46	0.000000e+00	3.177433e+05	-3.177433e+05	-0.000000e+00	-1.179002e-20	-0.000000e+00	0.000000e+00	-1.653098e-08	-2.443403e-14
47	0.000000e+00	3.691546e+04	-3.691546e+04	-0.000000e+00	-2.557875e-23	-0.000000e+00	0.000000e+00	-2.649904e-08	-2.027261e-11
48	0.000000e+00	2.752173e+05	-2.752173e+05	-0.000000e+00	-1.238038e-23	-0.000000e+00	0.000000e+00	-2.328306e-10	-2.042032e-11
68	0.000000e+00	1.028896e+02	-1.028896e+02	-2.547323e-15	-8.204020e-15	-0.000000e+00	0.000000e+00	1.065843e-08	3.740768e-07
73	0.000000e+00	1.736215e+04	-2.585944e+02	-5.389834e+03	-1.123887e+04	-0.000000e+00	-4.748482e+02	-1.392493e-09	-5.238956e-21
78	0.000000e+00	0.000000e+00	0.000000e+00	-4.748482e+02	-9.845672e-10	-0.000000e+00	4.748482e+02	2.250829e-09	1.634100e-20
79	0.000000e+00	5.792350e-93	0.000000e+00	-0.000000e+00	-5.791929e-93	-0.000000e+00	0.000000e+00	4.205867e-97	4.223216e-23
111	0.000000e+00	0.000000e+00	0.000000e+00	-0.000000e+00	0.000000e+00	-0.000000e+00	0.000000e+00	0.000000e+00	nan
8	0.000000e+00	1.587402e+03	-1.587402e+03	-0.000000e+00	-7.484929e-13	-0.000000e+00	0.000000e+00	7.138870e-10	1.247426e-17
9	0.000000e+00	7.476246e-02	-7.476246e-02	-0.000000e+00	0.000000e+00	-0.000000e+00	0.000000e+00	4.693884e-13	4.393231e-22
10	0.000000e+00	2.724731e+01	-2.724731e+01	-0.000000e+00	-5.948072e-11	-0.000000e+00	0.000000e+00	-2.843357e-12	-1.674131e-14
57	0.000000e+00	3.678389e+01	-3.678389e+01	-0.000000e+00	-8.052674e-27	-0.000000e+00	0.000000e+00	-1.284661e-11	-2.101276e-11
11	0.000000e+00	4.061461e+02	-2.882529e+01	-0.000000e+00	-3.773208e+02	-0.000000e+00	0.000000e+00	-3.166781e-08	-2.362963e-22
12	1.000000e+08	1.852488e+11	-1.853487e+11	-1.401819e+05	-4.935029e+01	-0.000000e+00	0.000000e+00	4.569153e-01	8.536486e-16
13	0.000000e+00	1.967800e+11	-1.967503e+11	-2.966490e+07	-7.635372e+03	-0.000000e+00	0.000000e+00	-4.455921e-01	-9.394348e-17
14	0.000000e+00	5.827135e+09	-5.825947e+09	-4.682222e+05	-7.203335e+05	-0.000000e+00	0.000000e+00	8.480536e-03	6.605664e-14
15	0.000000e+00	3.494939e+09	-3.494557e+09	-5.126860e+04	-3.304811e+05	-0.000000e+00	0.000000e+00	-5.509776e-03	-1.312230e-16
16	0.000000e+00	2.749209e+01	-2.749209e+01	-0.000000e+00	-1.957690e-06	-0.000000e+00	0.000000e+00	1.764198e-13	1.530105e-16
17	0.000000e+00	2.741626e+08	-2.108808e+08	-3.985165e+07	-2.343014e+07	-0.000000e+00	0.000000e+00	1.527369e-07	3.352406e-21
18	0.000000e+00	1.902687e+02	-4.938165e+00	-5.930323e+01	-1.260273e+02	-0.000000e+00	0.000000e+00	5.378701e-08	5.631239e-17
70	0.000000e+00	6.018460e+09	-6.013507e+09	-9.897264e+04	-4.854184e+06	-0.000000e+00	0.000000e+00	-8.888545e-03	-9.207816e-18
37	0.000000e+00	1.954926e+01	-1.892695e+00	-1.432816e+01	-3.328408e+00	-0.000000e+00	0.000000e+00	5.056019e-07	1.378376e-16
38	0.000000e+00	2.257661e+00	-2.257661e+00	-1.465242e-24	-7.424914e-20	-0.000000e+00	0.000000e+00	6.568079e-13	1.214833e-11
39	0.000000e+00	9.493090e-02	-9.493090e-02	-0.000000e+00	-2.915634e-22	-0.000000e+00	0.000000e+00	-1.809664e-14	-2.945963e-14
72	0.000000e+00	6.015906e+01	-6.015872e+01	-0.000000e+00	-3.212784e-04	-0.000000e+00	0.000000e+00	1.321786e-05	2.392713e-20
65	0.000000e+00	1.247157e+00	-1.247157e+00	-2.838514e-07	-1.302593e-07	-0.000000e+00	0.000000e+00	-8.179654e-13	-7.621421e-18
66	0.000000e+00	1.329447e-04	-5.169474e-05	-7.924694e-05	-2.002978e-06	-0.000000e+00	0.000000e+00	-6.134447e-14	-5.469895e-18
109	0.000000e+00	6.157894e-10	-1.336484e-10	-0.000000e+00	-4.821409e-10	-0.000000e+00	0.000000e+00	-4.189670e-22	-4.300716e-21
67	0.000000e+00	6.352320e-12	-6.352320e-12	-0.000000e+00	-5.699809e-35	-0.000000e+00	0.000000e+00	-4.748211e-24	-1.219678e-15
110	0.000000e+00	5.788476e-18	-2.477311e-18	-0.000000e+00	-3.311164e-18	-0.000000e+00	0.000000e+00	2.739943e-29	4.081515e-20
106	0.000000e+00	3.161364e-21	-3.161364e-21	-0.000000e+00	-7.288099e-29	-0.000000e+00	0.000000e+00	6.824986e-32	5.462669e-22
107	0.000000e+00	2.490278e-14	-2.490277e-14	-0.000000e+00	-7.488071e-21	-0.000000e+00	0.000000e+00	7.708018e-24	5.987752e-22
108	0.000000e+00	1.481037e-15	-1.481037e-15	-0.000000e+00	-4.969995e-24	-0.000000e+00	0.000000e+00	6.070659e-27	7.100312e-22
49	0.000000e+00	4.425946e-11	-1.672177e-11	-2.639710e-11	-4.955630e-15	-0.000000e+00	0.000000e+00	1.135635e-12	2.167107e-10
50	0.000000e+00	1.483618e-17	-1.483618e-17	-0.000000e+00	-1.190102e-41	-0.000000e+00	0.000000e+00	-1.656503e-27	-1.905402e-12
51	0.000000e+00	0.000000e+00	0.000000e+00	-0.000000e+00	0.000000e+00	-0.000000e+00	0.000000e+00	0.000000e+00	nan
69	0.000000e+00	0.000000e+00	0.000000e+00	-0.000000e+00	0.000000e+00	-0.000000e+00	0.000000e+00	0.000000e+00	nan
