0.000000 3.130801e-02 2.694960e-02 7.500000 1
0.000010 2.698901e-03 1.829732e-03 52.500000 56
0.000110 2.166856e-04 2.075457e-04 20.500000 4
0.001110 2.053238e-05 1.995199e-05 23.500000 1
0.011110 5.012646e-06 2.292227e-06 52.500000 80
0.111110 1.598192e-06 3.178245e-07 52.500000 80
1.111110 8.968513e-08 7.412186e-08 28.500000 42
11.111110 6.952353e-09 6.472925e-09 52.500000 22
111.111110 1.622611e-09 6.470621e-10 52.500000 22
1111.111110 9.438788e-11 7.937906e-11 0.500000 23
11111.111110 3.384687e-11 1.578947e-11 0.500000 23
111111.111110 5.561177e-12 5.076047e-12 3.500000 35
1111111.111110 1.648884e-12 1.647442e-12 0.500000 35
11111111.111110 1.121292e-13 1.119310e-13 0.500000 35
111111111.111110 2.959611e-15 2.847840e-15 11.500000 12
1111111111.111110 4.431660e-16 3.827866e-16 0.500000 29
11111111111.111111 9.796309e-18 9.796283e-18 0.500000 9
111111111111.111115 9.613692e-19 9.613687e-19 0.500000 11
1111111111111.111084 3.088350e-20 3.088349e-20 0.500000 11
11111111111111.111328 1.278773e-21 1.278024e-21 0.500000 18
111111111111111.109375 6.199958e-21 6.189175e-21 2.500000 35
1111111111111111.125000 3.132974e-22 3.035720e-22 0.500000 29
11111111111111112.000000 2.062449e-23 1.954426e-23 11.500000 12
111111111111111104.000000 2.626395e-24 2.617292e-24 50.500000 13
1111111111111111168.000000 1.771261e-24 1.770993e-24 3.500000 35
11111111111111110656.000000 2.701921e-25 2.685270e-25 3.500000 35
111111111111111114752.000000 3.300937e-26 3.299699e-26 3.500000 35
1111111111111111081984.000000 1.907440e-27 1.901823e-27 3.500000 35
11111111111111111344128.000000 1.545200e-28 1.335948e-28 0.500000 29
111111111111111109246976.000000 1.092369e-29 1.084444e-29 3.500000 35
1111111111111111092469760.000000 8.834656e-31 7.836545e-31 0.500000 29
11111111111111108777213952.000000 1.903219e-31 1.897136e-31 3.500000 35
111111111111111104952008704.000000 2.102739e-32 2.100144e-32 3.500000 35
1111111111111110912081133568.000000 3.834961e-33 3.822620e-33 3.500000 35
11111111111111109670567149568.000000 1.238231e-34 1.205389e-34 10.500000 5
111111111111111105501764517888.000000 1.466218e-35 1.458825e-35 3.500000 35
1111111111111110914280156823552.000000 4.985142e-36 4.981132e-36 3.500000 35
11111111111111109705751521656832.000000 1.289038e-37 1.274096e-37 0.500000 23
111111111111111097057515216568320.000000 2.645725e-38 2.630607e-38 3.500000 35
1111111111111111114690340241539072.000000 1.334071e-39 1.162094e-39 0.500000 29
11111111111111109993981897808543744.000000 3.169871e-41 2.637601e-41 50.500000 13
111111111111111113774877033367601152.000000 3.292449e-42 3.043497e-42 10.500000 5
1111111111111111027068305891418701824.000000 1.418936e-42 1.415305e-42 2.500000 35
11111111111111108499795627838070063104.000000 1.646511e-43 1.645522e-43 3.500000 35
111111111111111089720322761250345844736.000000 1.526763e-44 1.523523e-44 3.500000 35
1111111111111110859424295749546296737792.000000 1.302431e-45 1.295617e-45 3.500000 35
11111111111111107687548592784491086348288.000000 2.080222e-46 2.068167e-46 3.500000 35
111111111111111081711189206303427562307584.000000 1.509840e-47 1.502998e-47 3.500000 35
1111111111111110971854396973706809985466368.000000 6.409175e-49 6.376128e-49 11.500000 12
11111111111111110028028979558413168579444736.000000 1.952500e-49 1.950311e-49 3.500000 35
111111111111111107707930031296413335189192704.000000 7.018165e-51 7.018163e-51 18.500000 9
1111111111111110997851137798699795758347976704.000000 1.042969e-51 1.040536e-51 11.500000 12
11111111111111110612336678101112658331831369728.000000 1.031172e-52 9.939063e-53 11.500000 12
111111111111111113729270382380502992298532929536.000000 9.398712e-54 8.946438e-54 11.500000 12
1111111111111111177857523031108370770879831867392.000000 1.151518e-54 1.004727e-54 0.500000 29
11111111111111112103093783969510434491954339250176.000000 4.959261e-56 4.368282e-56 10.500000 5
111111111111111128819383127497345787715287886331904.000000 2.693376e-56 2.685136e-56 3.500000 35
1111111111111111122040331801858973764176996328275968.000000 2.226505e-57 2.216472e-57 3.500000 35
11111111111111110888096319072360769415818198212673536.000000 6.590377e-59 5.553651e-59 10.500000 5
111111111111111100905595216014112456735339620444667904.000000 6.920995e-60 4.651573e-60 50.500000 13
1111111111111111179197135620610356299040699920330784768.000000 7.012496e-61 6.637098e-61 11.500000 12
11111111111111112132253723127042026453781606635076059136.000000 1.538369e-61 1.425555e-61 0.500000 23
111111111111111121322537231270420264537816066350760591360.000000 1.714048e-62 1.491142e-62 0.500000 29
1111111111111111126113086380943955998754261160974943780864.000000 8.010593e-64 7.699873e-64 10.500000 5
11111111111111112654927438717603506333525003650272031932416.000000 7.716845e-65 7.694208e-65 3.500000 35
111111111111111115398901787910723492567390900178539566333952.000000 9.386832e-66 9.371393e-66 2.500000 35
1111111111111111332394979467352220057959655182972287711182848.000000 1.659474e-66 1.657983e-66 2.500000 35
11111111111111112610325948320542260050453567104975308920455168.000000 3.529619e-67 3.520052e-67 3.500000 35
111111111111111117539773326969663314154819854352782270908071936.000000 3.794344e-68 3.789195e-68 3.500000 35
1111111111111111358085437936059497917008802633063200166072287232.000000 1.740152e-69 1.735923e-69 3.500000 35
11111111111111112484728151362417790517324401793419736918773465088.000000 1.800625e-70 1.796099e-70 3.500000 35
111111111111111133616291337609595414395353014231895487123329908736.000000 1.642612e-71 1.637868e-71 3.500000 35
1111111111111111195858756192329273996399786201555784984263774961664.000000 7.578906e-73 7.482962e-73 3.500000 35
11111111111111113081020819393426181144427813541663208938393942622208.000000 2.575725e-73 2.249066e-73 0.500000 29
111111111111111121830742134173194282000838523207789216617889882177536.000000 1.416764e-74 1.371595e-74 10.500000 5
1111111111111111170416935689672915996310040633630730178093301253537792.000000 2.167386e-75 2.161102e-75 3.500000 35
11111111111111112087293242113201374552687163123884597685617793081278464.000000 1.341502e-76 1.171658e-76 0.500000 29
111111111111111123937923502863791462243565685539464344093656175179988992.000000 1.471884e-77 1.461927e-77 2.500000 35
1111111111111111288419092336346358089902761724204537316736213661675159552.000000 2.050991e-78 2.044977e-78 2.500000 35
11111111111111112491872064901796033159290778291566222160964921337749438464.000000 1.488275e-79 1.321455e-79 0.500000 29
111111111111111115503068045937939185839223648104162597456116046681442615296.000000 1.680212e-80 1.666771e-80 3.500000 35
1111111111111111230355901284019561024421709559533622967789425800382840307712.000000 2.164854e-81 2.149177e-81 3.500000 35
11111111111111111098355479645952903587745526339464277786242012666733776601088.000000 6.957776e-83 6.932571e-83 2.500000 35
111111111111111120625183062013470689129227817441618392995638089364094777819136.000000 2.552845e-83 2.550927e-83 2.500000 35
1111111111111111257673848036422395708635065129333387210666876694690318507835392.000000 1.984472e-84 1.972005e-84 2.500000 35
11111111111111112576738480364223957086350651293333872106668766946903185078353920.000000 1.165781e-85 1.146727e-85 10.500000 5
111111111111111125767384803642239570863506512933338721066687669469031850783539200.000000 1.614404e-86 1.414275e-86 0.500000 29
1111111111111111257673848036422395708635065129333387210666876694690318507835392000.000000 2.020399e-87 2.017741e-87 3.500000 35
11111111111111112576738480364223957086350651293333872106668766946903185078353920000.000000 7.524939e-89 4.918352e-89 50.500000 13
111111111111111132507371470429899519530260284688246389475973775104174971059441762304.000000 8.745172e-90 8.526125e-90 11.500000 12
1111111111111111486833394707202833963304693369000247936582604286285184597216079118336.000000 1.599180e-90 1.596286e-90 3.500000 35
11111111111111115299693093746438576347719175082316570144020353623501005669818555170816.000000 3.241358e-91 3.229415e-91 3.500000 35
111111111111111149546057764069103869759813819684652975214649050149816779116923439808512.000000 1.069296e-92 1.041107e-92 0.500000 29
1111111111111111605888519189340059296554231993278936991364234056224352673769621978873856.000000 1.385076e-93 1.210147e-93 0.500000 29
11111111111111116942308724282592757757191070304248627827384289000053005798499320435048448.000000 7.028470e-95 7.015118e-95 3.500000 35
111111111111111162355698983712390259238720700070812214963907302498054225498568399180005376.000000 3.918451e-96 3.506831e-96 10.500000 5
1111111111111111651826542873578051865719967012594818402878815374990445584931383212481970176.000000 1.601478e-96 1.594282e-96 2.500000 35
11111111111111115613639731569247741910551349745573903925116398549587549291051457062998376448.000000 1.249126e-97 1.239928e-97 2.500000 35
111111111111111170610408470357001847051886623541727520909912068700945997842712571619124969472.000000 1.429159e-98 1.427580e-98 3.500000 35
1111111111111111648208040084911920758733373731073321282464128354189177958698333712234684874752.000000 8.938383e-100 7.840580e-100 0.500000 29
11111111111111118334753828646178334364469497449739738476961038192140804218304681248956922986496.000000 7.378989e-101 7.119981e-101 11.500000 12
111111111111111175936844575273546836536151933941371282160331363320411943657761435983128932909056.000000 1.319451e-101 1.259587e-101 11.500000 12
1111111111111111877939545131747252479098207988310130463351777930820057012982180383934334080385024.000000 1.412439e-102 1.240482e-102 0.500000 29
11111111111111117830826656285378251881088570691929963499530064927273069518585275646518982793494528.000000 1.185326e-103 1.181409e-103 2.500000 35
111111111111111178308266562853782518810885706919299634995300649272730695185852756465189827934945280.000000 2.393388e-104 2.389479e-104 3.500000 35
1111111111111111722374262746483791721875672480958030517377792772347946912739389760311139366686687232.000000 3.269354e-105 3.263170e-105 3.500000 35
11111111111111118195077073577702452678487678221339758494981347249549229753300102472563536269471121408.000000 2.382426e-106 2.382006e-106 2.500000 35
111111111111111174180095166874108243107029154919321958380186116286934212525751385770018221873877221376.000000 5.823764e-107 5.822849e-107 3.500000 35
1111111111111111803966356219964412700493072567545824596358880012537806805315510969345119345305444155392.000000 1.159215e-108 1.007803e-108 0.500000 29
11111111111111117542340325789857484849548477528637405863132649328030350612691132800291696440521066020864.000000 1.063529e-109 9.301729e-110 0.500000 29
111111111111111187359160931733454260224658730810074221042274112416648724698046773438744892706011673001984.000000 1.481325e-110 1.468347e-110 0.500000 29
1111111111111111905420296447560887700191051189497275976851934775196741163170162255549656735862252764135424.000000 1.225159e-111 1.221511e-111 2.500000 35
11111111111111119818091455601041159352577645048489570162819995376693505620254291063389554769873792460128256.000000 3.104084e-112 3.096316e-112 3.500000 35
111111111111111181884626745334522903378210943209870413216452804439445051113419315798845149592044275134103552.000000 1.719119e-113 1.522946e-113 0.500000 29
1111111111111111786253691831993451653486978417548653555341033745739470500955945968318350699707055452406677504.000000 2.619981e-115 2.175807e-115 10.500000 5
11111111111111117862536918319934516534869784175486535553410337457394705009559459683183506997070554524066775040.000000 1.272660e-116 8.355346e-117 50.500000 13
111111111111111195312767901331455184059804921204491250867732455485296815306857157942926677631959842295059054592.000000 7.070680e-117 7.044241e-117 3.500000 35
1111111111111111819628489268257671690909192576447905346008291907562170031378471090540533915029564046515460112384.000000 1.395697e-117 1.393460e-117 2.500000 35
11111111111111117929286513192462956609714212493285039134744853781040104070404509927627873427715571712284340256768.000000 4.982642e-119 4.915363e-119 11.500000 12
111111111111111162204968844557348906936968475576433474525812358957178881127712236698520928032031316939146707075072.000000 1.441973e-119 1.437843e-119 2.500000 35
1111111111111111690401273595042611706010379353190002412544668304984677449582453817296240505300810770126253852721152.000000 5.285823e-121 5.080854e-121 10.500000 5
11111111111111116630606395352549626513541015142197353456300504188195219942603212371718280153086117298323391399329792.000000 9.049100e-122 7.937258e-122 0.500000 29
111111111111111175055066852657543962625419059892458995975682765454801945129114549356994798328364865877286622085513216.000000 1.146861e-122 8.296427e-123 0.500000 23
1111111111111111680558645333519058046334119331160706268455405865965221485666486088451452008903619115620444556117409792.000000 6.504968e-123 6.503012e-123 3.500000 35
11111111111111115965682175018514001504300338098440458388936997196658639269168948023092568396475836638375385584321429504.000000 2.701699e-124 2.682116e-124 3.500000 35
111111111111111168615800718896356857272772503258181696375951960905184532291645884086093168685402147907263828929642758144.000000 1.721511e-125 1.706258e-125 3.500000 35
1111111111111111757829838938653303310565878010772033863652175520560630439716110071702271564619171731260718073987855286272.000000 9.966542e-127 9.949173e-127 3.500000 35
11111111111111118151673043384050911008364003933242073835663002497676585331558310563753434668312919330111819017409974501376.000000 5.618549e-128 5.366049e-128 11.500000 12
111111111111111167755738737900080040418714667519899093577240089967079110890050069315997090152220344881006871513345625686016.000000 6.305636e-129 6.280968e-129 50.500000 13
1111111111111111787645320946524232961506549649699164094007520379748285048304764983732268953769474236170959264419489211482112.000000 7.020861e-130 4.581105e-130 50.500000 13
11111111111111117582885386618513176128880421898324512518114885183942866644636278395796561398368686928747217846098804235829248.000000 1.242967e-130 1.175276e-130 0.500000 23
111111111111111157040513203994465938172959444668548906175688460572869700788035011700293413066819321577880191382838418102812672.000000 1.754738e-131 1.529424e-131 0.500000 29
1111111111111111645558494688707322674192973543944273937778726170794932870513661206033622934335663406617169862140982678050045952.000000 2.440231e-132 2.122254e-132 0.500000 29
11111111111111116756198397482123879911783251828477878881874627968214272155669856416458984558026514829525170414660220768588136448.000000 3.229247e-133 3.221279e-133 3.500000 35
111111111111111157942353555779617897682519993835654324687950559353664531139634744768661678710828963867940606762589600067075702784.000000 1.621760e-134 1.420413e-134 0.500000 29
1111111111111111656380578910129146188307700133949538959925871356164470834732858002854042122063779114097894846697996861621202321408.000000 9.722184e-136 6.246330e-136 50.500000 13
11111111111111115332493095463963986499356998210007458190516861359599499973944411145861615861349959534283128001826354841004898516992.000000 9.264333e-137 6.251514e-137 0.500000 23
111111111111111158250181729188949766528449994618026307540136022404175833232980786989331380050650921769614561878878003510877483958272.000000 1.330961e-137 1.327665e-137 3.500000 35
1111111111111111661305829684678456089842580146467490685560838764972651668226394678384757343500930440524678128558611316722030820196352.000000 1.188089e-138 1.037698e-138 0.500000 29
11111111111111117243490395989096228294890443066972727736884215977173663369436641251779121778964674187875041363744763420126356046872576.000000 9.758488e-140 8.621512e-140 10.500000 5
111111111111111167391447166752468943777187297851344710318635533152159460196984856774338831038003783617724333012178432178015177709453312.000000 5.590647e-141 5.562983e-141 3.500000 35
1111111111111111552871508632200849297650661790872265493981396292651742438032691229900531028340606837912617395115323473222190590871994368.000000 8.397295e-142 8.387241e-142 2.500000 35
11111111111111116497058790604599214097476307409852107813453635237476241691824171001748168539721516365243181431204921520685595398500253696.000000 3.225005e-143 1.995367e-143 0.500000 23
111111111111111167552837784132900730630682246101532952464242145203985929748901066558129307414056358282077167592187046642759125957750030336.000000 1.445027e-143 1.439941e-143 3.500000 35
1111111111111111551580383693157395002822702204870759556816543396237130681617361551630207217332186240597794718475254557504239004885620621312.000000 1.095273e-144 1.060994e-144 11.500000 12
11111111111111116176859805721822548980142330081478635396570116926652526100822410790707863409633208231167157624467830422633602073879564517376.000000 1.787507e-145 1.769802e-145 0.500000 23
111111111111111167057045807540214281416745765076954672592938632980775015285414470102324963986822848913185259762400583007065716938982511607808.000000 5.060203e-147 3.298460e-147 50.500000 13
1111111111111111712878040077978053147090037364866893274947286039521748187071667598585220278992154621943962065765784060316494738991320047550464.000000 6.059111e-148 5.402458e-148 10.500000 5
11111111111111116790319744759173248807519735935890160357329662717505497596976492805356437676930137156942744912523614761198246833101241023725568.000000 5.375312e-149 3.809500e-149 50.500000 13
111111111111111157072456454932299442847016952549980887024714301488271479210079066277699893153576281569527425280940920669048050513029707780325376.000000 1.258191e-149 1.255157e-149 2.500000 35
1111111111111111657370492490598458790295612779971174602635801620376982766178277556983914800461563535694474443563771022233955847674158697458696192.000000 8.856360e-151 7.435195e-151 0.500000 23
11111111111111117613456060201290160244861446853368134815021919469701043350712618300322138431725243996935146724690052008861262587267926410452271104.000000 9.135251e-152 9.116787e-152 2.500000 35
111111111111111167816551519650457023713371916104430237840907968569560707995687441159357460900375570849428248934481785796438992988468548617600237568.000000 1.999075e-152 1.997396e-152 3.500000 35
1111111111111111855616375620236721250152226946201659398341052509747867890867567570929338308563795583052644480009750856197427431414514083230348476416.000000 7.769136e-154 7.643021e-154 10.500000 5
11111111111111117491458593659974306423411222751072451863818688153165114043211516753278800888277716583176272856107910572576049304966169249977408159744.000000 9.853446e-155 9.833852e-155 2.500000 35
111111111111111172075372169820028648025816102948206806319275316346814967457544076983415789689816527838828936710440177754031893025184434946904543985664.000000 8.685415e-156 7.622186e-156 10.500000 5
1111111111111111675326301429724855820925423036481784666090168120510770906982303321044202389810795070501348697494178929992661329860208228623132838068224.000000 5.775204e-157 5.740390e-157 2.500000 35
11111111111111115663004927853838222385268518532811045130439640174130618647587734439483091728011065715726910904296440958782830889202815385929425937760256.000000 1.051863e-157 1.049786e-157 2.500000 35
111111111111111165352113970085664910444570879984164863548092729989122909853759734562502374640885737071561717608127196316978568167222289061709478920978432.000000 4.699585e-159 4.435137e-159 50.500000 13
1111111111111111793074174765613172089915879914338519231380068551856296672583715588307767064181258649344298913123876550836189830075329053855738301903798272.000000 9.079695e-160 9.070789e-160 2.500000 35
11111111111111116814317467138079537015397430227410227546607555502842426133468209941615724099633376264413535234897928807030665113528441232648234917485871104.000000 9.164640e-161 9.160709e-161 2.500000 35
111111111111111162188911841951183722773913668055569130041045528277914711508714387728360192771377974755978264901828158996540074136751882694966892633247449088.000000 5.194986e-162 4.952800e-162 11.500000 12
1111111111111111812425528961259409943901076975548751954011416138795452709518110651293107470912364959980809447327117720325931205320559775158163535664034873344.000000 1.250290e-162 1.249365e-162 3.500000 35
11111111111111117362109647445603808574363008575515276925710317963889304717457239416893052536329308750123987280035832681817190197393433958747656919314107203584.000000 6.619345e-164 6.617984e-164 2.500000 35
111111111111111173621096474456038085743630085755152769257103179638893047174572394168930525363293087501239872800358326818171901973934339587476569193141072035840.000000 4.353671e-165 4.039156e-165 50.500000 13
1111111111111111638656322547185623626761387426515080637927339838108582007397068953396438415515255246252833007269459169437127422195386430392016451953651804536832.000000 4.885818e-166 4.872329e-166 3.500000 35
11111111111111116386563225471856236267613874265150806379273398381085820073970689533964384155152552462528330072694591694371274221953864303920164519536518045368320.000000 3.637341e-167 2.522546e-167 50.500000 13
111111111111111176352626455982531288202527661824173286787126554470742804176334733841130796830588005106507712980913801583020466705165134620993547912518321678843904.000000 4.150391e-168 3.935193e-168 11.500000 12
1111111111111111663630310949713561477814165264860411083916124979428351214270324630399412326073380207215281831777394938715742871166639413555600257387958086987153408.000000 4.194271e-169 4.005769e-169 11.500000 12
11111111111111118234638367258923637245519434302705259382443498838748741382591609632184453536453799573749543086281838620988817445826585058025366121675182946692104192.000000 6.171475e-170 5.996594e-170 0.500000 29
111111111111111169559701610494932192716172089794243405478176996031765579906809189696321893158778015724721632714755272339237064584984323200498752834387012852356481024.000000 9.642086e-171 9.610269e-171 3.500000 35
1111111111111111772317108477515147005595854417339289184859317914451986802582733336716354784822340037323859116035931406616277305089532396283516978638059028210952175616.000000 1.017569e-171 1.015983e-171 3.500000 35
11111111111111116086475780827080535049363695759593315740272156122987473284181649319096649645886122931603544997407235490719430987115288458226541513437893755445257961472.000000 1.545424e-172 1.084024e-172 0.500000 23
111111111111111157591367200374663480480447260768334005186079515186809943358525125094832700054186674432765357648168197756307625743592813573048158588493544501124052025344.000000 1.365333e-173 7.663407e-174 0.500000 23
1111111111111111549726547140577499844698955033062546834127658783523581117718920306179256629304470305261492837874448720355982784415447567656743533517852300584612299538432.000000 1.419853e-174 1.414472e-174 3.500000 35
11111111111111116335253467027187317170366112718490851308736951622260397284911793294402818172641389102732072014175951434186818980809853854927053010925183627498226058264576.000000 1.393009e-175 1.385671e-175 3.500000 35
111111111111111156648630705300574621916648628081985449347686605926407283987337211083146166689640402626383571058307800496852260714855513122393588703278551301765436079603712.000000 2.020061e-176 2.017401e-176 3.500000 35
1111111111111111512855075333235357820870386287996469983559402776894499328979126335944405546602216119056338517915464294208395174402610927808920355784999233231919764771700736.000000 1.639967e-177 1.635494e-177 3.500000 35
11111111111111116415700314606842899767810262707725928073613146545814757551253161956733402353082670963543317803177372000327010129928770160049576307796863047176827952301080576.000000 1.017760e-178 1.011563e-178 3.500000 35
111111111111111153859806655872514425205251428455169454831978515243189461420836430789019248434342631451593717039591887537325634212066414544812781078393664752907237086338220032.000000 6.942016e-180 6.328123e-180 0.500000 23
1111111111111111675894019761337338551690530266179558893708491155298002802097633491601056152296547356967129983625009974919182569950281306190567570778269523780552936685683343360.000000 3.681445e-181 3.218436e-181 0.500000 29
11111111111111115880246097116655341999222000379377257126597193134636935618485012140261034048065498897983665831583916712097897841393263233154061243818964829796053745594106118144.000000 3.707862e-182 3.694176e-182 3.500000 35
111111111111111158802460971166553419992220003793772571265971931346369356184850121402610340480654988979836658315839167120978978413932632331540612438189648297960537455941061181440.000000 1.940120e-182 1.932865e-182 3.500000 35
1111111111111111644261032143455488985053931384012498948530933292237651475607945871674073163200148268786375159457027385583801167058337512355509450075575229092211814320225160003584.000000 1.542985e-183 1.365194e-183 0.500000 29
11111111111111115092936183071595975007377761534330431824400197431801524825852786933189457430555121592151545763403016710861738480527106586592614684107462384219563588942702443495424.000000 1.016025e-184 9.777929e-185 11.500000 12
111111111111111161726754937619631068819070033789660779531275058242615167700341243600304767917122104687213104283368224268427570325721214161625985374260943095816072323503417687277568.000000 5.118319e-185 4.497904e-185 0.500000 29
1111111111111111530888404520966940138228360990325756105014565911029352321468905441855766130278653936746549869638977785405794219093610955250661145477118876929197231762423030854189056.000000 2.291710e-186 2.212970e-186 10.500000 5
11111111111111117151639135454562639781480182651435730443173598766758576132758536960366334345827971050144563724543472942665547186426268194972717231101653921909860135706601423605071872.000000 1.442903e-187 1.316836e-187 10.500000 35
111111111111111164145370993566053444218015535521644626859624229041725549655307439436428651286113983770729377132819949072225051882302047379862749205694678608627050084736529775797993472.000000 4.280605e-188 4.271892e-188 3.500000 35
1111111111111111759390035711333701699728736011099849109750030428431018883309521277040041587615791465398753933130035976393137238534390626916458261742096555853815321204637049122023538688.000000 1.017985e-189 1.000902e-189 10.500000 5
11111111111111117593900357113337016997287360110998491097500304284310188833095212770400415876157914653987539331300359763931372385343906269164582617420965558538153212046370491220235386880.000000 6.416917e-191 6.132703e-191 11.500000 12
111111111111111175939003571133370169972873601109984910975003042843101888330952127704004158761579146539875393313003597639313723853439062691645826174209655585381532120463704912202353868800.000000 7.290784e-192 6.809832e-192 10.500000 5
1111111111111111759390035711333701699728736011099849109750030428431018883309521277040041587615791465398753933130035976393137238534390626916458261742096555853815321204637049122023538688000.000000 2.768040e-193 2.135538e-193 10.500000 35
11111111111111115661631595604707844649611414645004818948036639431092689504477587044640844731377702385890656040339070782699564369592817680482043286899471730666698875312830116871744979468288.000000 2.348601e-193 2.342974e-193 3.500000 35
111111111111111172074466048116111825277521710177997566676075713136666889673716876252485016472018722003681626731081019676850107821936885514280747513166667929638623446996624163505373053976576.000000 3.189440e-194 3.178140e-194 3.500000 35
1111111111111111658912060112884984737649586846868178157977919856063708918221404739300543888087220427457716002000048949369083221715334020304966216554978876804499695694492949655902037502590976.000000 7.524948e-196 7.464228e-196 3.500000 35
11111111111111116094459798182640779255490826429387401509516500358213409354087935207210988667808469933944357897514399514495489365121061524346932096936286348109904646741143160725806830728511488.000000 1.714620e-196 1.683123e-196 0.500000 29
111111111111111164901884405396080337522948600608229055657266589201523532165888249558465488382594574064505995955032714978517636467468844673091161518270882840579784949041722293923776661664301056.000000 1.798947e-197 1.483243e-197 0.500000 23
1111111111111111775652009608190324814206776768141651854559916631835697357659167215148034138370261731847057302906766184459184134794951788478810512747765447909181480902586524912540433956776968192.000000 2.193485e-198 2.188118e-198 3.500000 35
11111111111111117249987433864985162386158604633179073353650163359075125432590533273226824365525353353662583655641905705895810267468464517796509537217428001078280283377188041232193670207233851392.000000 1.201720e-199 1.201668e-199 3.500000 35
111111111111111164395351743179162251767039437559991610465317586242241684021887110680211971364417310099698006581606958839821605386987791306099565928010656362566250423393045086030565992303765225472.000000 1.163233e-200 1.160053e-200 3.500000 35
1111111111111111546699246286143350052535835070338326627798967294240301996570652442177444446154138419753846106118324409768578086417515666598609305950143079847063875309384426944809211405814772793344.000000 8.319100e-202 8.303561e-202 3.500000 35
11111111111111114948303016751309380711307367741988122401433893912098407466249358210442843034927865897575079942795269811661045037762558018186699175074958884984779398829598808565444388632959037472768.000000 7.301052e-203 6.761793e-203 0.500000 23
111111111111111137034483460870114931575850086346397770977000242393673374675521593032469996110554219776629652586641315252016790543723212634681538524514262926187169485954097024470898476125061803671552.000000 1.015625e-203 1.015155e-203 2.500000 35
1111111111111111469933208261844980320056289592051845334068711997755219346650991842900367435015337711359265700596904215436917184108451066724299011055025236651156690878276098734177348042886846605164544.000000 8.101399e-205 7.158427e-205 0.500000 29
11111111111111115496039071843600451234945205749221394335076796568100078265676125729609014141431741222336410403812970657703166070454262190262859117029313225625846876932642015257520386681958294599237632.000000 6.769357e-206 6.717394e-206 3.500000 35
111111111111111103971143408026363038148984228455225719709828663885936155510123990057348394772502109263763886576118282363656030024878524429356974755633237272944550807734034365967401866621833918946476032.000000 4.906891e-206 4.574047e-206 50.500000 13
211111111111111100944455629277399204096434556000728082358070414836283003945678065591544733177208361131791398992092164771838165759246802913996359796680477150815574398800824347778583679928001047801364480.000000 1.055557e-205 1.054033e-205 3.500000 35
311111111111111131910599390801529686177530102904222594100271700316672937145656985951568902676458148306219056382740329988937388613391146380816822447500980350895876630929204853994966826699334194686853120.000000 5.997785e-206 5.862554e-206 10.500000 5
411111111111111094891080071779471535991335211091732807654553916736976700816786216659937409986620864867846423824039929588202437227983359883275129878774956906557621580934404311400947306540335305511141376.000000 8.626818e-206 7.449666e-206 0.500000 29
511111111111111057871560752757413385805140319279243021208836133157280464487915447368305917296783581429473791265339529187467485842575573385733437310048933462219366530939603768806927786381336416335429632.000000 3.421432e-205 3.417452e-205 2.500000 35
611111111111111020852041433735355235618945427466753234763118349577584228159044678076674424606946297991101158706639128786732534457167786888191744741322910017881111480944803226212908266222337527159717888.000000 4.775162e-205 4.770955e-205 2.500000 35
711111111111110983832522114713297085432750535654263448317400565997887991830173908785042931917109014552728526147938728385997583071760000390650052172596886573542856430950002683618888746063338637984006144.000000 6.760934e-206 5.936358e-206 0.500000 29
811111111111110946813002795691238935246555643841773661871682782418191755501303139493411439227271731114355893589238327985262631686352213893108359603870863129204601380955202141024869225904339748808294400.000000 8.265855e-206 7.999483e-206 11.500000 12
911111111111110909793483476669180785060360752029283875425964998838495519172432370201779946537434447675983261030537927584527680300944427395566667035144839684866346330960401598430849705745340859632582656.000000 1.455074e-205 1.356007e-205 10.500000 5
1011111111111110872773964157647122634874165860216794088980247215258799282843561600910148453847597164237610628471837527183792728915536640898024974466418816240528091280965601055836830185586341970456870912.000000 5.742574e-206 5.714611e-206 3.500000 35
1111111111111110835754444838625064484687970968404304302534529431679103046514690831618516961157759880799237995913137126783057777530128854400483281897692792796189836230970800513242810665427343081281159168.000000 1.945042e-205 1.928740e-205 3.500000 35
1211111111111110798734925519603006334501776076591814516088811648099406810185820062326885468467922597360865363354436726382322826144721067902941589328966769351851581180975999970648791145268344192105447424.000000 3.321569e-205 3.321393e-205 3.500000 35
1311111111111110897686732361673325448850162062211293326018932002639882912914648672338565300156259455148093310694433457217256223238417541334124207199333799196350440695227561525675576958970009375052136448.000000 1.165114e-205 1.114473e-205 50.500000 13
1411111111111110996638539203743644563198548047830772135949052357180359015643477282350245131844596312935321258034430188052189620332114014765306825069700829040849300209479123080702362772671674557998825472.000000 4.824421e-205 4.822745e-205 2.500000 35
1511111111111111095590346045813963677546934033450250945879172711720835118372305892361924963532933170722549205374426918887123017425810488196489442940067858885348159723730684635729148586373339740945514496.000000 4.008504e-205 4.004650e-205 2.500000 35
1611111111111111194542152887884282791895320019069729755809293066261311221101134502373604795221270028509777152714423649722056414519506961627672060810434888729847019237982246190755934400075004923892203520.000000 5.773016e-206 5.767553e-206 3.500000 35
1711111111111111293493959729954601906243706004689208565739413420801787323829963112385284626909606886297005100054420380556989811613203435058854678680801918574345878752233807745782720213776670106838892544.000000 5.718262e-206 3.754050e-206 50.500000 13
1811111111111111392445766572024921020592091990308687375669533775342263426558791722396964458597943744084233047394417111391923208706899908490037296551168948418844738266485369300809506027478335289785581568.000000 1.691989e-205 1.691177e-205 3.500000 35
1911111111111111491397573414095240134940477975928166185599654129882739529287620332408644290286280601871460994734413842226856605800596381921219914421535978263343597780736930855836291841180000472732270592.000000 7.294732e-206 6.279795e-206 0.500000 29
2011111111111111590349380256165559249288863961547644995529774484423215632016448942420324121974617459658688942074410573061790002894292855352402532291903008107842457294988492410863077654881665655678959616.000000 5.170936e-206 5.156619e-206 2.500000 35
2111111111111111689301187098235878363637249947167123805459894838963691734745277552432003953662954317445916889414407303896723399987989328783585150162270037952341316809240053965889863468583330838625648640.000000 1.771263e-206 1.699213e-206 11.500000 12
2211111111111111788252993940306197477985635932786602615390015193504167837474106162443683785351291175233144836754404034731656797081685802214767768032637067796840176323491615520916649282284996021572337664.000000 2.791964e-206 2.451743e-206 0.500000 29
2311111111111111887204800782376516592334021918406081425320135548044643940202934772455363617039628033020372784094400765566590194175382275645950385903004097641339035837743177075943435095986661204519026688.000000 4.029390e-206 3.492877e-206 0.500000 29
2411111111111111986156607624446835706682407904025560235250255902585120042931763382467043448727964890807600731434397496401523591269078749077133003773371127485837895351994738630970220909688326387465715712.000000 8.141249e-206 8.140833e-206 2.500000 35
2511111111111112085108414466517154821030793889645039045180376257125596145660591992478723280416301748594828678774394227236456988362775222508315621643738157330336754866246300185997006723389991570412404736.000000 6.717945e-206 6.007589e-206 50.500000 13
2611111111111112184060221308587473935379179875264517855110496611666072248389420602490403112104638606382056626114390958071390385456471695939498239514105187174835614380497861741023792537091656753359093760.000000 1.486083e-205 1.292415e-205 0.500000 29
2711111111111112283012028150657793049727565860883996665040616966206548351118249212502082943792975464169284573454387688906323782550168169370680857384472217019334473894749423296050578350793321936305782784.000000 8.184490e-206 7.830033e-206 0.500000 29
2811111111111112381963834992728112164075951846503475474970737320747024453847077822513762775481312321956512520794384419741257179643864642801863475254839246863833333409000984851077364164494987119252471808.000000 9.774499e-206 9.733512e-206 3.500000 35
2911111111111112480915641834798431278424337832122954284900857675287500556575906432525442607169649179743740468134381150576190576737561116233046093125206276708332192923252546406104149978196652302199160832.000000 8.924603e-206 8.863901e-206 2.500000 35
3011111111111112579867448676868750392772723817742433094830978029827976659304735042537122438857986037530968415474377881411123973831257589664228710995573306552831052437504107961130935791898317485145849856.000000 6.873958e-206 6.020059e-206 0.500000 23
3111111111111112678819255518939069507121109803361911904761098384368452762033563652548802270546322895318196362814374612246057370924954063095411328865940336397329911951755669516157721605599982668092538880.000000 1.400563e-205 1.396968e-205 2.500000 35
3211111111111112777771062361009388621469495788981390714691218738908928864762392262560482102234659753105424310154371343080990768018650536526593946736307366241828771466007231071184507419301647851039227904.000000 1.725434e-205 1.720591e-205 2.500000 35
3311111111111112876722869203079707735817881774600869524621339093449404967491220872572161933922996610892652257494368073915924165112347009957776564606674396086327630980258792626211293233003313033985916928.000000 1.067562e-205 7.325373e-206 50.500000 13
3411111111111112975674676045150026850166267760220348334551459447989881070220049482583841765611333468679880204834364804750857562206043483388959182477041425930826490494510354181238079046704978216932605952.000000 1.420378e-205 1.408958e-205 11.500000 12
3511111111111113074626482887220345964514653745839827144481579802530357172948878092595521597299670326467108152174361535585790959299739956820141800347408455775325350008761915736264864860406643399879294976.000000 1.111914e-205 9.663341e-206 0.500000 29
3611111111111113173578289729290665078863039731459305954411700157070833275677706702607201428988007184254336099514358266420724356393436430251324418217775485619824209523013477291291650674108308582825984000.000000 2.396830e-205 2.382255e-205 3.500000 35
3711111111111113272530096571360984193211425717078784764341820511611309378406535312618881260676344042041564046854354997255657753487132903682507036088142515464323069037265038846318436487809973765772673024.000000 2.467939e-205 2.457903e-205 3.500000 35
3811111111111113371481903413431303307559811702698263574271940866151785481135363922630561092364680899828791994194351728090591150580829377113689653958509545308821928551516600401345222301511638948719362048.000000 5.334813e-206 4.259392e-206 0.500000 23
3911111111111113470433710255501622421908197688317742384202061220692261583864192532642240924053017757616019941534348458925524547674525850544872271828876575153320788065768161956372008115213304131666051072.000000 7.111127e-206 6.291955e-206 0.500000 23
4011111111111113569385517097571941536256583673937221194132181575232737686593021142653920755741354615403247888874345189760457944768222323976054889699243604997819647580019723511398793928914969314612740096.000000 2.972670e-206 2.938271e-206 3.500000 35
4111111111111113668337323939642260650604969659556700004062301929773213789321849752665600587429691473190475836214341920595391341861918797407237507569610634842318507094271285066425579742616634497559429120.000000 1.266772e-206 8.197192e-207 50.500000 13
4211111111111113767289130781712579764953355645176178813992422284313689892050678362677280419118028330977703783554338651430324738955615270838420125439977664686817366608522846621452365556318299680506118144.000000 3.210682e-206 2.308359e-206 50.500000 13
4311111111111113866240937623782898879301741630795657623922542638854165994779506972688960250806365188764931730894335382265258136049311744269602743310344694531316226122774408176479151370019964863452807168.000000 1.297312e-205 1.296728e-205 3.500000 35
4411111111111113965192744465853217993650127616415136433852662993394642097508335582700640082494702046552159678234332113100191533143008217700785361180711724375815085637025969731505937183721630046399496192.000000 8.039921e-206 7.774112e-206 0.500000 23
4511111111111114064144551307923537107998513602034615243782783347935118200237164192712319914183038904339387625574328843935124930236704691131967979051078754220313945151277531286532722997423295229346185216.000000 6.788929e-206 6.768347e-206 2.500000 35
4611111111111114163096358149993856222346899587654094053712903702475594302965992802723999745871375762126615572914325574770058327330401164563150596921445784064812804665529092841559508811124960412292874240.000000 1.578933e-206 1.578100e-206 2.500000 35
4711111111111114262048164992064175336695285573273572863643024057016070405694821412735679577559712619913843520254322305604991724424097637994333214791812813909311664179780654396586294624826625595239563264.000000 2.685795e-205 2.680657e-205 3.500000 35
4811111111111114360999971834134494451043671558893051673573144411556546508423650022747359409248049477701071467594319036439925121517794111425515832662179843753810523694032215951613080438528290778186252288.000000 3.570026e-205 3.562647e-205 2.500000 35
4911111111111113916066474031835304507253734034784656097999912213616333254921681115545793943423689770585897095339527242332185124695073545141801208776174660442960924951298329116156644916787299672643338240.000000 2.019060e-205 1.623060e-205 0.500000 23
5011111111111113471132976229536114563463796510676260522426680015676120001419712208344228477599330063470722723084735448224445127872352978858086584890169477132111326208564442280700209395046308567100424192.000000 1.972326e-205 1.972115e-205 3.500000 35
5111111111111113026199478427236924619673858986567864946853447817735906747917743301142663011774970356355548350829943654116705131049632412574371961004164293821261727465830555445243773873305317461557510144.000000 2.519458e-206 2.169697e-206 52.500000 80
5211111111111112581265980624937734675883921462459469371280215619795693494415774393941097545950610649240373978575151860008965134226911846290657337118159110510412128723096668609787338351564326356014596096.000000 1.092584e-205 1.092202e-205 3.500000 35
5311111111111112136332482822638544732093983938351073795706983421855480240913805486739532080126250942125199606320360065901225137404191280006942713232153927199562529980362781774330902829823335250471682048.000000 8.654803e-206 8.653413e-206 3.500000 35
5411111111111111691398985020339354788304046414242678220133751223915266987411836579537966614301891235010025234065568271793485140581470713723228089346148743888712931237628894938874467308082344144928768000.000000 8.911057e-206 8.882551e-206 2.500000 35
5511111111111111246465487218040164844514108890134282644560519025975053733909867672336401148477531527894850861810776477685745143758750147439513465460143560577863332494895008103418031786341353039385853952.000000 1.014823e-205 9.697629e-206 11.500000 12
5611111111111110801531989415740974900724171366025887068987286828034840480407898765134835682653171820779676489555984683578005146936029581155798841574138377267013733752161121267961596264600361933842939904.000000 1.211215e-205 1.201895e-205 10.500000 5
5711111111111110356598491613441784956934233841917491493414054630094627226905929857933270216828812113664502117301192889470265150113309014872084217688133193956164135009427234432505160742859370828300025856.000000 2.645898e-205 2.645269e-205 2.500000 35
5811111111111109911664993811142595013144296317809095917840822432154413973403960950731704751004452406549327745046401095362525153290588448588369593802128010645314536266693347597048725221118379722757111808.000000 6.703840e-206 6.106810e-206 10.500000 5
5911111111111109466731496008843405069354358793700700342267590234214200719901992043530139285180092699434153372791609301254785156467867882304654969916122827334464937523959460761592289699377388617214197760.000000 5.416407e-206 5.401601e-206 3.500000 35
6011111111111109021797998206544215125564421269592304766694358036273987466400023136328573819355732992318979000536817507147045159645147316020940346030117644023615338781225573926135854177636397511671283712.000000 2.607770e-205 2.595752e-205 3.500000 35
6111111111111108576864500404245025181774483745483909191121125838333774212898054229127008353531373285203804628282025713039305162822426749737225722144112460712765740038491687090679418655895406406128369664.000000 1.437454e-205 1.432635e-205 2.500000 35
6211111111111108131931002601945835237984546221375513615547893640393560959396085321925442887707013578088630256027233918931565165999706183453511098258107277401916141295757800255222983134154415300585455616.000000 1.789694e-205 1.783995e-205 2.500000 35
6311111111111107686997504799646645294194608697267118039974661442453347705894116414723877421882653870973455883772442124823825169176985617169796474372102094091066542553023913419766547612413424195042541568.000000 6.615021e-206 5.803490e-206 50.500000 13
6411111111111107242064006997347455350404671173158722464401429244513134452392147507522311956058294163858281511517650330716085172354265050886081850486096910780216943810290026584310112090672433089499627520.000000 1.516450e-205 1.515439e-205 3.500000 35
6511111111111106797130509195048265406614733649050326888828197046572921198890178600320746490233934456743107139262858536608345175531544484602367226600091727469367345067556139748853676568931441983956713472.000000 1.275942e-205 1.272581e-205 2.500000 35
6611111111111106352197011392749075462824796124941931313254964848632707945388209693119181024409574749627932767008066742500605178708823918318652602714086544158517746324822252913397241047190450878413799424.000000 2.028156e-205 2.027964e-205 2.500000 35
6711111111111105907263513590449885519034858600833535737681732650692494691886240785917615558585215042512758394753274948392865181886103352034937978828081360847668147582088366077940805525449459772870885376.000000 7.706591e-206 6.723854e-206 10.500000 5
6811111111111105462330015788150695575244921076725140162108500452752281438384271878716050092760855335397584022498483154285125185063382785751223354942076177536818548839354479242484370003708468667327971328.000000 1.136845e-205 1.134274e-205 3.500000 35
6911111111111105017396517985851505631454983552616744586535268254812068184882302971514484626936495628282409650243691360177385188240662219467508731056070994225968950096620592407027934481967477561785057280.000000 1.168989e-205 1.015902e-205 0.500000 29
7011111111111104572463020183552315687665046028508349010962036056871854931380334064312919161112135921167235277988899566069645191417941653183794107170065810915119351353886705571571498960226486456242143232.000000 1.512486e-205 1.323603e-205 0.500000 29
7111111111111104127529522381253125743875108504399953435388803858931641677878365157111353695287776214052060905734107771961905194595221086900079483284060627604269752611152818736115063438485495350699229184.000000 1.518565e-205 1.513707e-205 3.500000 35
7211111111111103682596024578953935800085170980291557859815571660991428424376396249909788229463416506936886533479315977854165197772500520616364859398055444293420153868418931900658627916744504245156315136.000000 7.254148e-206 6.950792e-206 11.500000 12
7311111111111103237662526776654745856295233456183162284242339463051215170874427342708222763639056799821712161224524183746425200949779954332650235512050260982570555125685045065202192395003513139613401088.000000 9.318798e-206 7.869474e-206 10.500000 5
7411111111111102792729028974355555912505295932074766708669107265111001917372458435506657297814697092706537788969732389638685204127059388048935611626045077671720956382951158229745756873262522034070487040.000000 1.026026e-205 1.023808e-205 3.500000 35
7511111111111102347795531172056365968715358407966371133095875067170788663870489528305091831990337385591363416714940595530945207304338821765220987740039894360871357640217271394289321351521530928527572992.000000 4.312575e-205 4.309837e-205 3.500000 35
7611111111111101902862033369757176024925420883857975557522642869230575410368520621103526366165977678476189044460148801423205210481618255481506363854034711050021758897483384558832885829780539822984658944.000000 1.067024e-205 9.950677e-206 10.500000 5
7711111111111101457928535567457986081135483359749579981949410671290362156866551713901960900341617971361014672205357007315465213658897689197791739968029527739172160154749497723376450308039548717441744896.000000 7.753730e-206 7.710638e-206 3.500000 35
7811111111111101012995037765158796137345545835641184406376178473350148903364582806700395434517258264245840299950565213207725216836177122914077116082024344428322561412015610887920014786298557611898830848.000000 2.258192e-205 2.254507e-205 3.500000 35
7911111111111100568061539962859606193555608311532788830802946275409935649862613899498829968692898557130665927695773419099985220013456556630362492196019161117472962669281724052463579264557566506355916800.000000 1.664237e-205 1.658691e-205 0.500000 23
8011111111111100123128042160560416249765670787424393255229714077469722396360644992297264502868538850015491555440981624992245223190735990346647868310013977806623363926547837217007143742816575400813002752.000000 1.689597e-205 9.931987e-206 0.500000 23
8111111111111099678194544358261226305975733263315997679656481879529509142858676085095699037044179142900317183186189830884505226368015424062933244424008794495773765183813950381550708221075584295270088704.000000 6.344315e-206 4.997094e-206 50.500000 13
8211111111111099233261046555962036362185795739207602104083249681589295889356707177894133571219819435785142810931398036776765229545294857779218620538003611184924166441080063546094272699334593189727174656.000000 7.104371e-206 7.062563e-206 3.500000 35
8311111111111098788327548753662846418395858215099206528510017483649082635854738270692568105395459728669968438676606242669025232722574291495503996651998427874074567698346176710637837177593602084184260608.000000 8.438121e-206 8.427683e-206 2.500000 35
8411111111111098343394050951363656474605920690990810952936785285708869382352769363491002639571100021554794066421814448561285235899853725211789372765993244563224968955612289875181401655852610978641346560.000000 7.005928e-206 5.011554e-206 0.500000 23
8511111111111097898460553149064466530815983166882415377363553087768656128850800456289437173746740314439619694167022654453545239077133158928074748879988061252375370212878403039724966134111619873098432512.000000 2.669695e-205 2.667801e-205 3.500000 35
8611111111111097453527055346765276587026045642774019801790320889828442875348831549087871707922380607324445321912230860345805242254412592644360124993982877941525771470144516204268530612370628767555518464.000000 9.710409e-205 9.698701e-205 3.500000 35
8711111111111097008593557544466086643236108118665624226217088691888229621846862641886306242098020900209270949657439066238065245431692026360645501107977694630676172727410629368812095090629637662012604416.000000 1.619554e-205 1.564666e-205 10.500000 5
8811111111111096563660059742166896699446170594557228650643856493948016368344893734684740776273661193094096577402647272130325248608971460076930877221972511319826573984676742533355659568888646556469690368.000000 1.977169e-205 1.973780e-205 3.500000 35
8911111111111096118726561939867706755656233070448833075070624296007803114842924827483175310449301485978922205147855478022585251786250893793216253335967328008976975241942855697899224047147655450926776320.000000 1.047542e-205 1.022211e-205 10.500000 5
9011111111111095673793064137568516811866295546340437499497392098067589861340955920281609844624941778863747832893063683914845254963530327509501629449962144698127376499208968862442788525406664345383862272.000000 9.915937e-206 9.838759e-206 10.500000 35
9111111111111095228859566335269326868076358022232041923924159900127376607838987013080044378800582071748573460638271889807105258140809761225787005563956961387277777756475082026986353003665673239840948224.000000 1.505342e-205 1.504069e-205 3.500000 35
9211111111111094783926068532970136924286420498123646348350927702187163354337018105878478912976222364633399088383480095699365261318089194942072381677951778076428179013741195191529917481924682134298034176.000000 1.478708e-205 1.475747e-205 3.500000 35
9311111111111094338992570730670946980496482974015250772777695504246950100835049198676913447151862657518224716128688301591625264495368628658357757791946594765578580271007308356073481960183691028755120128.000000 1.275939e-205 1.106557e-205 0.500000 29
9411111111111093894059072928371757036706545449906855197204463306306736847333080291475347981327502950403050343873896507483885267672648062374643133905941411454728981528273421520617046438442699923212206080.000000 1.396746e-205 1.395600e-205 3.500000 35
9511111111111093449125575126072567092916607925798459621631231108366523593831111384273782515503143243287875971619104713376145270849927496090928510019936228143879382785539534685160610916701708817669292032.000000 2.760252e-205 2.753886e-205 2.500000 35
9611111111111093004192077323773377149126670401690064046057998910426310340329142477072217049678783536172701599364312919268405274027206929807213886133931044833029784042805647849704175394960717712126377984.000000 2.493823e-205 2.193043e-205 0.500000 29
9711111111111092559258579521474187205336732877581668470484766712486097086827173569870651583854423829057527227109521125160665277204486363523499262247925861522180185300071761014247739873219726606583463936.000000 1.268187e-205 1.260836e-205 2.500000 35
9811111111111093202095691007914015377823442372929021665918239619507262545786799697095576713055457251747157494044306380938272068214599876669579121874665104522027503071308770959757747022364048078019756032.000000 1.882599e-205 1.879327e-205 2.500000 35
9911111111111093844932802494353843550310151868276374861351712526528428004746425824320501842256490674436787760979091636715878859224713389815658981501404347521874820842545780905267754171508369549456048128.000000 3.477793e-205 3.474820e-205 2.500000 35
10011111111111094487769913980793671722796861363623728056785185433549593463706051951545426971457524097126418027913876892493485650234826902961738841128143590521722138613782790850777761320652691020892340224.000000 3.824095e-206 3.605052e-206 10.500000 5
10111111111111095130607025467233499895283570858971081252218658340570758922665678078770352100658557519816048294848662148271092441244940416107818700754882833521569456385019800796287768469797012492328632320.000000 1.948050e-206 1.695675e-206 0.500000 23
10211111111111095773444136953673328067770280354318434447652131247591924381625304205995277229859590942505678561783447404048699232255053929253898560381622076521416774156256810741797775618941333963764924416.000000 3.760715e-206 3.245439e-206 50.500000 13
10311111111111096416281248440113156240256989849665787643085604154613089840584930333220202359060624365195308828718232659826306023265167442399978420008361319521264091927493820687307782768085655435201216512.000000 9.579796e-206 8.634013e-206 50.500000 13
10411111111111097059118359926552984412743699345013140838519077061634255299544556460445127488261657787884939095653017915603912814275280955546058279635100562521111409698730830632817789917229976906637508608.000000 2.428772e-205 2.427716e-205 3.500000 35
10511111111111097701955471412992812585230408840360494033952549968655420758504182587670052617462691210574569362587803171381519605285394468692138139261839805520958727469967840578327797066374298378073800704.000000 1.963190e-205 1.959216e-205 2.500000 35
10611111111111098344792582899432640757717118335707847229386022875676586217463808714894977746663724633264199629522588427159126396295507981838217998888579048520806045241204850523837804215518619849510092800.000000 7.773373e-206 6.977330e-206 50.500000 13
10711111111111098987629694385872468930203827831055200424819495782697751676423434842119902875864758055953829896457373682936733187305621494984297858515318291520653363012441860469347811364662941320946384896.000000 1.506998e-205 1.503797e-205 2.500000 35
10811111111111099630466805872312297102690537326402553620252968689718917135383060969344828005065791478643460163392158938714339978315735008130377718142057534520500680783678870414857818513807262792382676992.000000 9.628348e-206 8.560163e-206 10.500000 5
10911111111111100273303917358752125275177246821749906815686441596740082594342687096569753134266824901333090430326944194491946769325848521276457577768796777520347998554915880360367825662951584263818969088.000000 3.241990e-206 2.853770e-206 0.500000 29
11011111111111100916141028845191953447663956317097260011119914503761248053302313223794678263467858324022720697261729450269553560335962034422537437395536020520195316326152890305877832812095905735255261184.000000 5.628111e-206 5.619482e-206 3.500000 35
11111111111111101558978140331631781620150665812444613206553387410782413512261939351019603392668891746712350964196514706047160351346075547568617297022275263520042634097389900251387839961240227206691553280.000000 5.086303e-206 5.050413e-206 0.500000 23
11211111111111102201815251818071609792637375307791966401986860317803578971221565478244528521869925169401981231131299961824767142356189060714697156649014506519889951868626910196897847110384548678127845376.000000 1.712205e-205 1.702052e-205 3.500000 35
11311111111111102844652363304511437965124084803139319597420333224824744430181191605469453651070958592091611498066085217602373933366302573860777016275753749519737269639863920142407854259528870149564137472.000000 2.987686e-205 2.968001e-205 3.500000 35
11411111111111103487489474790951266137610794298486672792853806131845909889140817732694378780271992014781241765000870473379980724376416087006856875902492992519584587411100930087917861408673191621000429568.000000 1.209707e-205 8.840280e-206 0.500000 23
11511111111111104130326586277391094310097503793834025988287279038867075348100443859919303909473025437470872031935655729157587515386529600152936735529232235519431905182337940033427868557817513092436721664.000000 1.352288e-205 1.178444e-205 0.500000 29
11611111111111104773163697763830922482584213289181379183720751945888240807060069987144229038674058860160502298870440984935194306396643113299016595155971478519279222953574949978937875706961834563873013760.000000 1.197930e-205 1.193999e-205 3.500000 35
11711111111111105416000809250270750655070922784528732379154224852909406266019696114369154167875092282850132565805226240712801097406756626445096454782710721519126540724811959924447882856106156035309305856.000000 1.935961e-206 1.933580e-206 10.500000 5
11811111111111106058837920736710578827557632279876085574587697759930571724979322241594079297076125705539762832740011496490407888416870139591176314409449964518973858496048969869957890005250477506745597952.000000 3.699473e-205 3.227038e-205 0.500000 29
11911111111111106701675032223150407000044341775223438770021170666951737183938948368819004426277159128229393099674796752268014679426983652737256174036189207518821176267285979815467897154394798978181890048.000000 1.875817e-205 1.850749e-205 11.500000 12
12011111111111107344512143709590235172531051270570791965454643573972902642898574496043929555478192550919023366609582008045621470437097165883336033662928450518668494038522989760977904303539120449618182144.000000 1.133360e-205 1.008253e-205 10.500000 5
12111111111111107987349255196030063345017760765918145160888116480994068101858200623268854684679225973608653633544367263823228261447210679029415893289667693518515811809759999706487911452683441921054474240.000000 1.503799e-205 1.500713e-205 3.500000 35
12211111111111108630186366682469891517504470261265498356321589388015233560817826750493779813880259396298283900479152519600835052457324192175495752916406936518363129580997009651997918601827763392490766336.000000 2.431535e-205 2.431002e-205 2.500000 35
12311111111111109273023478168909719689991179756612851551755062295036399019777452877718704943081292818987914167413937775378441843467437705321575612543146179518210447352234019597507925750972084863927058432.000000 2.209214e-205 2.078190e-205 0.500000 29
12411111111111109915860589655349547862477889251960204747188535202057564478737079004943630072282326241677544434348723031156048634477551218467655472169885422518057765123471029543017932900116406335363350528.000000 9.603391e-206 9.486509e-206 11.500000 12
12511111111111110558697701141789376034964598747307557942622008109078729937696705132168555201483359664367174701283508286933655425487664731613735331796624665517905082894708039488527940049260727806799642624.000000 6.159158e-206 5.644779e-206 10.500000 5
12611111111111111201534812628229204207451308242654911138055481016099895396656331259393480330684393087056804968218293542711262216497778244759815191423363908517752400665945049434037947198405049278235934720.000000 4.216781e-206 4.190420e-206 2.500000 35
12711111111111111844371924114669032379938017738002264333488953923121060855615957386618405459885426509746435235153078798488869007507891757905895051050103151517599718437182059379547954347549370749672226816.000000 8.829299e-206 8.812442e-206 2.500000 35
12811111111111112487209035601108860552424727233349617528922426830142226314575583513843330589086459932436065502087864054266475798518005271051974910676842394517447036208419069325057961496693692221108518912.000000 1.481119e-205 1.479940e-205 2.500000 35
12911111111111113130046147087548688724911436728696970724355899737163391773535209641068255718287493355125695769022649310044082589528118784198054770303581637517294353979656079270567968645838013692544811008.000000 3.535198e-206 3.526224e-206 3.500000 35
13011111111111113772883258573988516897398146224044323919789372644184557232494835768293180847488526777815326035957434565821689380538232297344134629930320880517141671750893089216077975794982335163981103104.000000 4.494706e-206 4.475561e-206 0.500000 29
13111111111111114415720370060428345069884855719391677115222845551205722691454461895518105976689560200504956302892219821599296171548345810490214489557060123516988989522130099161587982944126656635417395200.000000 1.544864e-205 1.538857e-205 3.500000 35
13211111111111115058557481546868173242371565214739030310656318458226888150414088022743031105890593623194586569827005077376902962558459323636294349183799366516836307293367109107097990093270978106853687296.000000 6.944991e-206 5.150560e-206 50.500000 13
13311111111111115701394593033308001414858274710086383506089791365248053609373714149967956235091627045884216836761790333154509753568572836782374208810538609516683625064604119052607997242415299578289979392.000000 1.970293e-205 1.970030e-205 3.500000 35
13411111111111116344231704519747829587344984205433736701523264272269219068333340277192881364292660468573847103696575588932116544578686349928454068437277852516530942835841128998118004391559621049726271488.000000 3.845774e-206 2.586246e-206 50.500000 13
13511111111111116987068816006187657759831693700781089896956737179290384527292966404417806493493693891263477370631360844709723335588799863074533928064017095516378260607078138943628011540703942521162563584.000000 1.953329e-205 1.942592e-205 2.500000 35
13611111111111117629905927492627485932318403196128443092390210086311549986252592531642731622694727313953107637566146100487330126598913376220613787690756338516225578378315148889138018689848263992598855680.000000 2.359376e-205 2.071700e-205 0.500000 29
13711111111111118272743038979067314104805112691475796287823682993332715445212218658867656751895760736642737904500931356264936917609026889366693647317495581516072896149552158834648025838992585464035147776.000000 2.591896e-205 2.589734e-205 3.500000 35
13811111111111118915580150465507142277291822186823149483257155900353880904171844786092581881096794159332368171435716612042543708619140402512773506944234824515920213920789168780158032988136906935471439872.000000 3.372630e-206 3.075978e-206 10.500000 5
13911111111111119558417261951946970449778531682170502678690628807375046363131470913317507010297827582021998438370501867820150499629253915658853366570974067515767531692026178725668040137281228406907731968.000000 8.147830e-206 8.143660e-206 2.500000 35
14011111111111120201254373438386798622265241177517855874124101714396211822091097040542432139498861004711628705305287123597757290639367428804933226197713310515614849463263188671178047286425549878344024064.000000 1.251680e-205 1.251431e-205 3.500000 35
14111111111111120844091484924826626794751950672865209069557574621417377281050723167767357268699894427401258972240072379375364081649480941951013085824452553515462167234500198616688054435569871349780316160.000000 1.659978e-205 1.480836e-205 0.500000 29
14211111111111121486928596411266454967238660168212562264991047528438542740010349294992282397900927850090889239174857635152970872659594455097092945451191796515309485005737208562198061584714192821216608256.000000 4.581403e-206 3.842258e-206 10.500000 5
14311111111111122129765707897706283139725369663559915460424520435459708198969975422217207527101961272780519506109642890930577663669707968243172805077931039515156802776974218507708068733858514292652900352.000000 6.684730e-206 6.683294e-206 3.500000 35
14411111111111122772602819384146111312212079158907268655857993342480873657929601549442132656302994695470149773044428146708184454679821481389252664704670282515004120548211228453218075883002835764089192448.000000 1.059353e-205 6.330809e-206 0.500000 23
14511111111111123415439930870585939484698788654254621851291466249502039116889227676667057785504028118159780039979213402485791245689934994535332524331409525514851438319448238398728083032147157235525484544.000000 2.184698e-205 2.168388e-205 3.500000 35
14611111111111124058277042357025767657185498149601975046724939156523204575848853803891982914705061540849410306913998658263398036700048507681412383958148768514698756090685248344238090181291478706961776640.000000 1.794605e-205 1.704899e-205 11.500000 12
14711111111111124701114153843465595829672207644949328242158412063544370034808479931116908043906094963539040573848783914041004827710162020827492243584888011514546073861922258289748097330435800178398068736.000000 2.252413e-205 2.247013e-205 2.500000 35
14811111111111125343951265329905424002158917140296681437591884970565535493768106058341833173107128386228670840783569169818611618720275533973572103211627254514393391633159268235258104479580121649834360832.000000 1.445822e-205 1.445446e-205 3.500000 35
14911111111111125986788376816345252174645626635644034633025357877586700952727732185566758302308161808918301107718354425596218409730389047119651962838366497514240709404396278180768111628724443121270652928.000000 1.785988e-205 1.785726e-205 3.500000 35
15011111111111126629625488302785080347132336130991387828458830784607866411687358312791683431509195231607931374653139681373825200740502560265731822465105740514088027175633288126278118777868764592706945024.000000 8.166664e-206 6.382997e-206 50.500000 13
15111111111111127272462599789224908519619045626338741023892303691629031870646984440016608560710228654297561641587924937151431991750616073411811682091844983513935344946870298071788125927013086064143237120.000000 1.124908e-205 9.850032e-206 0.500000 29
15211111111111127915299711275664736692105755121686094219325776598650197329606610567241533689911262076987191908522710192929038782760729586557891541718584226513782662718107308017298133076157407535579529216.000000 6.163606e-206 5.939134e-206 10.500000 5
15311111111111128558136822762104564864592464617033447414759249505671362788566236694466458819112295499676822175457495448706645573770843099703971401345323469513629980489344317962808140225301729007015821312.000000 1.030122e-205 9.186018e-206 0.500000 29
15411111111111129200973934248544393037079174112380800610192722412692528247525862821691383948313328922366452442392280704484252364780956612850051260972062712513477298260581327908318147374446050478452113408.000000 2.390200e-205 2.383818e-205 3.500000 35
15511111111111129843811045734984221209565883607728153805626195319713693706485488948916309077514362345056082709327065960261859155791070125996131120598801955513324616031818337853828154523590371949888405504.000000 1.457606e-205 1.151951e-205 0.500000 23
15611111111111130486648157221424049382052593103075507001059668226734859165445115076141234206715395767745712976261851216039465946801183639142210980225541198513171933803055347799338161672734693421324697600.000000 1.040219e-205 1.034080e-205 3.500000 35
15711111111111131129485268707863877554539302598422860196493141133756024624404741203366159335916429190435343243196636471817072737811297152288290839852280441513019251574292357744848168821879014892760989696.000000 2.842542e-205 2.837907e-205 3.500000 35
15811111111111131772322380194303705727026012093770213391926614040777190083364367330591084465117462613124973510131421727594679528821410665434370699479019684512866569345529367690358175971023336364197281792.000000 2.038957e-205 1.777138e-205 0.500000 29
15911111111111132415159491680743533899512721589117566587360086947798355542323993457816009594318496035814603777066206983372286319831524178580450559105758927512713887116766377635868183120167657835633573888.000000 7.533194e-206 6.932071e-206 10.500000 5
16011111111111133057996603167183362071999431084464919782793559854819521001283619585040934723519529458504234044000992239149893110841637691726530418732498170512561204888003387581378190269311979307069865984.000000 1.295508e-205 1.293569e-205 2.500000 35
16111111111111133700833714653623190244486140579812272978227032761840686460243245712265859852720562881193864310935777494927499901851751204872610278359237413512408522659240397526888197418456300778506158080.000000 3.141478e-205 3.136755e-205 2.500000 35
16211111111111134343670826140063018416972850075159626173660505668861851919202871839490784981921596303883494577870562750705106692861864718018690137985976656512255840430477407472398204567600622249942450176.000000 6.143022e-206 4.612406e-206 50.500000 13
16311111111111134986507937626502846589459559570506979369093978575883017378162497966715710111122629726573124844805348006482713483871978231164769997612715899512103158201714417417908211716744943721378742272.000000 1.464569e-205 1.462037e-205 2.500000 35
16411111111111135629345049112942674761946269065854332564527451482904182837122124093940635240323663149262755111740133262260320274882091744310849857239455142511950475972951427363418218865889265192815034368.000000 4.900761e-205 4.897058e-205 3.500000 35
16511111111111136272182160599382502934432978561201685759960924389925348296081750221165560369524696571952385378674918518037927065892205257456929716866194385511797793744188437308928226015033586664251326464.000000 1.908907e-205 1.903295e-205 2.500000 35
16611111111111136915019272085822331106919688056549038955394397296946513755041376348390485498725729994642015645609703773815533856902318770603009576492933628511645111515425447254438233164177908135687618560.000000 2.941875e-205 2.935470e-205 2.500000 35
16711111111111137557856383572262159279406397551896392150827870203967679214001002475615410627926763417331645912544489029593140647912432283749089436119672871511492429286662457199948240313322229607123910656.000000 7.449943e-206 7.150839e-206 10.500000 35
16811111111111138200693495058701987451893107047243745346261343110988844672960628602840335757127796840021276179479274285370747438922545796895169295746412114511339747057899467145458247462466551078560202752.000000 1.706390e-205 1.248377e-205 0.500000 23
16911111111111138843530606545141815624379816542591098541694816018010010131920254730065260886328830262710906446414059541148354229932659310041249155373151357511187064829136477090968254611610872549996494848.000000 1.460213e-205 1.144016e-205 0.500000 23
17011111111111139486367718031581643796866526037938451737128288925031175590879880857290186015529863685400536713348844796925961020942772823187329014999890600511034382600373487036478261760755194021432786944.000000 2.915362e-206 2.051141e-206 50.500000 13
17111111111111140129204829518021471969353235533285804932561761832052341049839506984515111144730897108090166980283630052703567811952886336333408874626629843510881700371610496981988268909899515492869079040.000000 3.463330e-206 3.046724e-206 0.500000 29
17211111111111140772041941004461300141839945028633158127995234739073506508799133111740036273931930530779797247218415308481174602962999849479488734253369086510729018142847506927498276059043836964305371136.000000 2.820175e-205 2.818481e-205 3.500000 35
17311111111111141414879052490901128314326654523980511323428707646094671967758759238964961403132963953469427514153200564258781393973113362625568593880108329510576335914084516873008283208188158435741663232.000000 4.130935e-205 4.123545e-205 3.500000 35
17411111111111142057716163977340956486813364019327864518862180553115837426718385366189886532333997376159057781087985820036388184983226875771648453506847572510423653685321526818518290357332479907177955328.000000 9.401586e-206 8.921867e-206 10.500000 5
17511111111111142700553275463780784659300073514675217714295653460137002885678011493414811661535030798848688048022771075813994975993340388917728313133586815510270971456558536764028297506476801378614247424.000000 3.342843e-206 2.989898e-206 0.500000 23
17611111111111143343390386950220612831786783010022570909729126367158168344637637620639736790736064221538318314957556331591601767003453902063808172760326058510118289227795546709538304655621122850050539520.000000 9.189989e-206 9.187826e-206 2.500000 35
17711111111111143986227498436660441004273492505369924105162599274179333803597263747864661919937097644227948581892341587369208558013567415209888032387065301509965606999032556655048311804765444321486831616.000000 1.635562e-205 1.631996e-205 3.500000 35
17811111111111144629064609923100269176760202000717277300596072181200499262556889875089587049138131066917578848827126843146815349023680928355967892013804544509812924770269566600558318953909765792923123712.000000 3.681692e-206 3.493725e-206 11.500000 12
17911111111111145271901721409540097349246911496064630496029545088221664721516516002314512178339164489607209115761912098924422140033794441502047751640543787509660242541506576546068326103054087264359415808.000000 1.775729e-205 1.772706e-205 2.500000 35
18011111111111145914738832895979925521733620991411983691463017995242830180476142129539437307540197912296839382696697354702028931043907954648127611267283030509507560312743586491578333252198408735795707904.000000 1.894286e-205 1.821644e-205 0.500000 23
18111111111111146557575944382419753694220330486759336886896490902263995639435768256764362436741231334986469649631482610479635722054021467794207470894022273509354878083980596437088340401342730207232000000.000000 1.768526e-205 1.760527e-205 3.500000 35
18211111111111147200413055868859581866707039982106690082329963809285161098395394383989287565942264757676099916566267866257242513064134980940287330520761516509202195855217606382598347550487051678668292096.000000 4.984799e-206 3.560439e-206 10.500000 35
18311111111111147843250167355299410039193749477454043277763436716306326557355020511214212695143298180365730183501053122034849304074248494086367190147500759509049513626454616328108354699631373150104584192.000000 1.605618e-205 1.402729e-205 0.500000 29
18411111111111148486087278841739238211680458972801396473196909623327492016314646638439137824344331603055360450435838377812456095084362007232447049774240002508896831397691626273618361848775694621540876288.000000 1.268550e-205 1.240710e-205 11.500000 12
18511111111111149128924390328179066384167168468148749668630382530348657475274272765664062953545365025744990717370623633590062886094475520378526909400979245508744149168928636219128368997920016092977168384.000000 1.956012e-205 1.955749e-205 2.500000 35
18611111111111149771761501814618894556653877963496102864063855437369822934233898892888988082746398448434620984305408889367669677104589033524606769027718488508591466940165646164638376147064337564413460480.000000 2.346975e-205 2.344914e-205 2.500000 35
18711111111111150414598613301058722729140587458843456059497328344390988393193525020113913211947431871124251251240194145145276468114702546670686628654457731508438784711402656110148383296208659035849752576.000000 4.273223e-205 4.267120e-205 3.500000 35
18811111111111151057435724787498550901627296954190809254930801251412153852153151147338838341148465293813881518174979400922883259124816059816766488281196974508286102482639666055658390445352980507286044672.000000 1.118835e-205 1.066017e-205 10.500000 5
18911111111111151700272836273938379074114006449538162450364274158433319311112777274563763470349498716503511785109764656700490050134929572962846347907936217508133420253876676001168397594497301978722336768.000000 5.192367e-206 5.086231e-206 0.500000 23
19011111111111152343109947760378207246600715944885515645797747065454484770072403401788688599550532139193142052044549912478096841145043086108926207534675460507980738025113685946678404743641623450158628864.000000 1.401570e-205 1.398467e-205 3.500000 35
19111111111111152985947059246818035419087425440232868841231219972475650229032029529013613728751565561882772318979335168255703632155156599255006067161414703507828055796350695892188411892785944921594920960.000000 4.031184e-206 3.331214e-206 0.500000 23
1921111111111115362878417073325786359157413493558022203666469287949681568799165565623853885795259898457240258591412042403331042