Std No.	Outgassing	ChemProd	ChemLoss	DryDepo		WetDepo		Escape		Condensation	Net Flux	Global Change
3	0.000000e+00	1.157561e+11	-1.135282e+11	-2.646028e+00	-9.152858e-08	-2.227978e+09	0.000000e+00	5.626678e-05	1.411486e-20
53	3.000000e+10	1.151662e+10	-8.521071e+09	-0.000000e+00	0.000000e+00	-3.299555e+10	0.000000e+00	2.519150e-01	7.410894e-24
1	0.000000e+00	3.736185e+10	-3.736185e+10	-4.361019e-02	-3.945049e-05	-0.000000e+00	0.000000e+00	5.754561e-06	7.616106e-23
56	0.000000e+00	2.530393e+09	-2.530393e+09	-0.000000e+00	-1.064120e-23	-0.000000e+00	0.000000e+00	9.536743e-07	6.169153e-14
54	0.000000e+00	4.502742e+08	-4.502742e+08	-0.000000e+00	0.000000e+00	-0.000000e+00	0.000000e+00	-5.960464e-08	-5.560324e-20
2	0.000000e+00	1.691974e+02	-1.691974e+02	-1.267196e-20	-5.801607e-11	-0.000000e+00	0.000000e+00	-7.356891e-15	-3.003827e-21
4	0.000000e+00	1.184264e+10	-1.184264e+10	-1.527673e-03	-3.949674e-06	-0.000000e+00	0.000000e+00	-3.836316e-06	-1.115191e-14
5	0.000000e+00	9.326349e+06	-9.326349e+06	-2.851943e-12	-3.312783e-02	-0.000000e+00	0.000000e+00	2.245674e-10	1.678726e-20
7	1.000000e-02	4.134705e+05	-4.606317e+09	-0.000000e+00	0.000000e+00	-0.000000e+00	-7.052209e+26	-7.052209e+26	-1.380751e+04
6	0.000000e+00	3.406514e+02	-3.406382e+02	-1.870621e-04	-1.301836e-02	-0.000000e+00	0.000000e+00	3.514723e-14	2.324640e-23
52	1.000000e-02	3.358167e+10	-2.982971e+10	-0.000000e+00	-1.017789e+12	-0.000000e+00	0.000000e+00	-1.014037e+12	-4.640685e-12
20	1.000000e+12	1.390920e+11	-1.438777e+11	-9.952142e+11	0.000000e+00	-0.000000e+00	0.000000e+00	5.380629e+02	5.688095e-23
22	0.000000e+00	8.145829e+09	-7.351589e+09	-2.117385e+07	-7.730661e+08	-0.000000e+00	0.000000e+00	2.145767e-06	1.785698e-22
61	0.000000e+00	1.106231e+11	-1.106225e+11	-5.879932e+05	-4.088548e-06	-0.000000e+00	0.000000e+00	-3.298539e-05	-1.025993e-18
19	0.000000e+00	8.163560e+09	-8.163560e+09	-0.000000e+00	-3.070813e-12	-0.000000e+00	0.000000e+00	1.907346e-06	3.610325e-23
58	0.000000e+00	3.926331e+09	-3.926331e+09	-0.000000e+00	-3.394191e-18	-0.000000e+00	0.000000e+00	9.536743e-07	2.062395e-16
59	0.000000e+00	7.930072e+09	-7.930072e+09	-0.000000e+00	-3.514122e-18	-0.000000e+00	0.000000e+00	-3.514122e-18	-1.179570e-27
80	0.000000e+00	1.170338e+07	-1.170338e+07	-0.000000e+00	-4.345107e-23	-0.000000e+00	0.000000e+00	-9.313226e-09	-6.712982e-16
60	0.000000e+00	8.998707e+08	-8.998707e+08	-0.000000e+00	-3.831174e-14	-0.000000e+00	0.000000e+00	1.192093e-07	1.888560e-17
21	3.000000e+08	5.010030e+05	-3.005010e+08	-0.000000e+00	0.000000e+00	-0.000000e+00	0.000000e+00	1.337935e-01	2.071403e-22
62	0.000000e+00	1.035051e+08	-1.035051e+08	-1.751666e-04	-8.039580e-15	-0.000000e+00	0.000000e+00	-3.438688e-09	-8.137076e-19
24	0.000000e+00	4.516837e+07	-3.892235e+07	-3.553369e+06	-2.692644e+06	-0.000000e+00	0.000000e+00	-7.031485e-08	-4.277150e-23
63	0.000000e+00	6.020510e+08	-8.990884e+07	-1.478340e+07	-4.973588e+08	-0.000000e+00	0.000000e+00	3.576279e-07	3.084701e-22
23	0.000000e+00	3.345317e-07	-3.295417e-07	-8.880672e-11	-4.901221e-09	-0.000000e+00	0.000000e+00	-4.665299e-22	-5.588440e-23
71	0.000000e+00	3.231781e+00	-3.231781e+00	-3.936492e-22	-7.034973e-17	-0.000000e+00	0.000000e+00	-1.022808e-12	-1.582427e-08
25	0.000000e+00	1.345115e-11	-1.344885e-11	-5.995159e-16	-1.700444e-15	-0.000000e+00	0.000000e+00	-2.091420e-22	-2.109313e-18
26	0.000000e+00	1.182505e-30	-1.212581e-15	-0.000000e+00	-8.204589e-41	-0.000000e+00	0.000000e+00	-1.212581e-15	-6.425131e+01
64	0.000000e+00	1.855307e+02	-1.855307e+02	-0.000000e+00	-5.530894e-24	-0.000000e+00	0.000000e+00	1.136868e-13	1.514214e-16
27	0.000000e+00	3.617603e+04	-3.617603e+04	-0.000000e+00	0.000000e+00	-0.000000e+00	0.000000e+00	1.455192e-11	2.196035e-21
28	0.000000e+00	2.878357e+04	-2.878357e+04	-0.000000e+00	-6.880847e-16	-0.000000e+00	0.000000e+00	-1.091462e-11	-1.738425e-16
29	0.000000e+00	3.044770e+08	-3.044770e+08	-0.000000e+00	0.000000e+00	-0.000000e+00	0.000000e+00	1.192093e-07	2.106517e-19
30	0.000000e+00	9.442900e+04	-9.442900e+04	-0.000000e+00	-7.680592e-15	-0.000000e+00	0.000000e+00	-1.455960e-11	-2.759082e-17
31	0.000000e+00	7.163289e+03	-4.149074e+03	-3.014215e+03	0.000000e+00	-0.000000e+00	0.000000e+00	-2.428033e-08	-8.454056e-23
32	0.000000e+00	5.998172e+08	-5.998172e+08	-2.189268e-17	-1.900347e-15	-0.000000e+00	0.000000e+00	2.384186e-07	1.197637e-19
33	0.000000e+00	1.504108e+08	-1.401184e+08	-1.908706e+05	-1.010152e+07	-0.000000e+00	0.000000e+00	-5.960464e-08	-2.504755e-23
34	0.000000e+00	4.036059e+08	-4.036059e+08	-6.452489e-01	-4.435375e-12	-0.000000e+00	0.000000e+00	2.625761e-08	1.605348e-18
35	0.000000e+00	1.337858e+05	-1.337808e+05	-4.635454e+00	-3.295829e-01	-0.000000e+00	0.000000e+00	5.046408e-11	3.670220e-21
36	0.000000e+00	3.963142e+04	-3.963142e+04	-2.483870e-10	-5.413508e-20	-0.000000e+00	0.000000e+00	-8.280398e-12	-2.983796e-18
40	0.000000e+00	3.932681e+08	-3.932681e+08	-0.000000e+00	-4.144317e-08	-0.000000e+00	0.000000e+00	4.949986e-07	4.907946e-19
41	0.000000e+00	3.039331e+07	-3.039331e+07	-0.000000e+00	-1.860833e-09	-0.000000e+00	0.000000e+00	1.864457e-09	2.780394e-19
76	0.000000e+00	1.987267e+04	-1.987267e+04	-0.000000e+00	-2.382419e-13	-0.000000e+00	0.000000e+00	-3.876221e-12	-3.552288e-18
77	0.000000e+00	4.638621e+03	-4.638621e+03	-0.000000e+00	-1.566598e-13	-0.000000e+00	0.000000e+00	7.528349e-13	1.395121e-18
42	0.000000e+00	8.958459e+09	-8.958459e+09	-0.000000e+00	-1.208230e-04	-0.000000e+00	0.000000e+00	5.062030e-06	1.703536e-20
43	3.000000e+09	3.202031e+09	-3.175562e+09	-2.463004e+09	-5.634656e+08	-0.000000e+00	0.000000e+00	4.768372e-07	2.209493e-22
74	0.000000e+00	3.007131e+09	-3.007131e+09	-0.000000e+00	-6.042300e-18	-0.000000e+00	0.000000e+00	4.768372e-07	5.258933e-09
75	0.000000e+00	3.255128e+08	-3.255128e+08	-0.000000e+00	-4.765894e-17	-0.000000e+00	0.000000e+00	1.192093e-07	2.094058e-10
44	0.000000e+00	1.251991e+03	-1.251991e+03	-5.216002e-09	-6.283615e-05	-0.000000e+00	0.000000e+00	-8.291995e-13	-4.380088e-20
45	3.000000e+08	1.980468e+09	-2.006938e+09	-2.733042e+08	-2.249939e+05	-0.000000e+00	0.000000e+00	-3.305904e-07	-1.925147e-23
46	0.000000e+00	2.118960e+09	-2.118960e+09	-0.000000e+00	-9.665766e-07	-0.000000e+00	0.000000e+00	-9.665766e-07	-2.654434e-19
47	0.000000e+00	8.567349e+09	-8.567349e+09	-0.000000e+00	-4.697893e-07	-0.000000e+00	0.000000e+00	5.252257e-06	1.993431e-18
48	0.000000e+00	3.924438e+03	-3.924438e+03	-0.000000e+00	-1.192308e-11	-0.000000e+00	0.000000e+00	-4.192379e-12	-1.182598e-23
68	0.000000e+00	2.257634e+00	-1.968038e+00	-6.832525e-02	-2.212707e-01	-0.000000e+00	0.000000e+00	8.049117e-16	1.316927e-22
73	0.000000e+00	1.248747e+03	-1.321235e+02	-1.821769e+02	-8.925987e+02	-0.000000e+00	-4.184816e+01	1.350031e-12	1.046323e-23
78	0.000000e+00	0.000000e+00	0.000000e+00	-4.184816e+01	-2.006010e-10	-0.000000e+00	4.184816e+01	-9.947598e-14	-2.000466e-24
79	0.000000e+00	4.911237e-05	0.000000e+00	-0.000000e+00	-3.986169e-08	-0.000000e+00	-4.907251e-05	-6.981858e-12	-1.277694e-22
111	0.000000e+00	0.000000e+00	0.000000e+00	-4.907251e-05	-1.784753e-13	-0.000000e+00	4.907251e-05	2.189623e-13	6.433761e-22
8	0.000000e+00	4.269418e+05	-4.269418e+05	-0.000000e+00	-3.433970e-09	-0.000000e+00	0.000000e+00	-1.743412e-10	-1.863106e-20
9	0.000000e+00	2.803910e+02	-2.803910e+02	-0.000000e+00	0.000000e+00	-0.000000e+00	0.000000e+00	-5.684342e-14	-3.142705e-23
10	0.000000e+00	5.817603e+04	-5.817602e+04	-0.000000e+00	-3.584191e-03	-0.000000e+00	0.000000e+00	-2.166153e-11	-2.565731e-19
57	0.000000e+00	1.197060e+03	-1.197060e+03	-0.000000e+00	-4.970880e-18	-0.000000e+00	0.000000e+00	-4.547523e-13	-1.949270e-19
11	0.000000e+00	3.438180e+02	-3.389306e+02	-0.000000e+00	-4.887344e+00	-0.000000e+00	0.000000e+00	-7.528467e-11	-5.395648e-23
12	1.000000e+08	8.320375e+10	-8.330346e+10	-2.869523e+05	-2.013084e+02	-0.000000e+00	0.000000e+00	-5.873999e-05	-4.609451e-20
13	0.000000e+00	5.953771e+05	-5.953771e+05	-7.044385e-05	-6.198187e-07	-0.000000e+00	0.000000e+00	2.015363e-10	2.726688e-19
14	0.000000e+00	5.715901e+01	-5.715901e+01	-9.849128e-14	-4.457114e-08	-0.000000e+00	0.000000e+00	1.688413e-14	3.467278e-18
15	0.000000e+00	5.814257e-07	-5.814165e-07	-1.224483e-26	-9.219643e-12	-0.000000e+00	0.000000e+00	-1.988545e-22	-2.802068e-22
16	0.000000e+00	8.330183e+10	-8.320295e+10	-0.000000e+00	-9.887664e+07	-0.000000e+00	0.000000e+00	-1.956522e-05	-2.832700e-21
17	0.000000e+00	7.891499e+00	-7.120334e+00	-3.989010e-01	-3.722637e-01	-0.000000e+00	0.000000e+00	2.997602e-15	5.197918e-21
18	0.000000e+00	2.586353e-04	-2.585779e-04	-6.249164e-09	-5.122890e-08	-0.000000e+00	0.000000e+00	-3.291848e-19	-7.371928e-22
70	0.000000e+00	8.142446e-02	-8.142400e-02	-7.656824e-22	-4.535741e-07	-0.000000e+00	0.000000e+00	2.644500e-17	3.477769e-22
37	0.000000e+00	2.056159e+03	-5.646069e+00	-1.379325e+03	-6.711884e+02	-0.000000e+00	0.000000e+00	2.501110e-12	3.792753e-24
38	0.000000e+00	1.891839e+03	-1.891839e+03	-5.911874e-22	-4.087305e-14	-0.000000e+00	0.000000e+00	1.865006e-13	2.417963e-18
39	0.000000e+00	4.958505e-01	-4.958505e-01	-0.000000e+00	-3.026690e-24	-0.000000e+00	0.000000e+00	5.551115e-17	1.054311e-17
72	0.000000e+00	4.957305e+00	-4.957304e+00	-0.000000e+00	-1.361140e-06	-0.000000e+00	0.000000e+00	1.482408e-10	7.884154e-23
65	0.000000e+00	1.977680e+05	-1.977673e+05	-7.742562e-02	-6.660213e-01	-0.000000e+00	0.000000e+00	-7.143053e-11	-7.853763e-21
66	0.000000e+00	5.807683e+00	-5.807612e+00	-4.430442e-05	-2.668369e-05	-0.000000e+00	0.000000e+00	-4.266275e-15	-3.270977e-22
109	0.000000e+00	1.940281e+00	-1.914195e+00	-0.000000e+00	-2.608572e-02	-0.000000e+00	0.000000e+00	1.519618e-15	3.703303e-23
67	0.000000e+00	3.644087e-03	-3.644087e-03	-0.000000e+00	-3.086311e-19	-0.000000e+00	0.000000e+00	-1.609674e-18	-1.471168e-18
110	0.000000e+00	6.808355e-06	-5.958447e-06	-0.000000e+00	-8.499080e-07	-0.000000e+00	0.000000e+00	4.764560e-21	2.401524e-23
106	0.000000e+00	2.776129e-02	-2.776129e-02	-0.000000e+00	-2.444740e-13	-0.000000e+00	0.000000e+00	5.957041e-17	2.251873e-22
107	0.000000e+00	1.246429e-01	-1.246429e-01	-0.000000e+00	-3.383736e-11	-0.000000e+00	0.000000e+00	7.757620e-16	1.445190e-23
108	0.000000e+00	1.246429e-01	-1.246429e-01	-0.000000e+00	-2.445331e-13	-0.000000e+00	0.000000e+00	-2.033245e-17	-3.994065e-23
49	0.000000e+00	1.991384e-04	-1.988963e-04	-2.420200e-07	-9.548336e-11	-0.000000e+00	0.000000e+00	-1.835329e-19	-1.072739e-22
50	0.000000e+00	6.646450e-05	-6.646450e-05	-0.000000e+00	-1.614182e-27	-0.000000e+00	0.000000e+00	-1.614182e-27	-7.105618e-27
51	0.000000e+00	0.000000e+00	0.000000e+00	-0.000000e+00	0.000000e+00	-0.000000e+00	0.000000e+00	0.000000e+00	nan
69	0.000000e+00	0.000000e+00	0.000000e+00	-0.000000e+00	0.000000e+00	-0.000000e+00	0.000000e+00	0.000000e+00	nan
