Std No.	Outgassing	ChemProd	ChemLoss	DryDepo		WetDepo		Escape		Condensation	Net Flux	Global Change
3	0.000000e+00	5.013799e+10	-4.869872e+10	-7.703525e+01	-9.329590e-06	-1.439265e+09	0.000000e+00	1.035213e-03	4.373335e-20
53	9.000000e-01	3.508655e+10	-6.252547e+09	-0.000000e+00	0.000000e+00	-0.000000e+00	0.000000e+00	2.883400e+10	2.405023e-16
1	0.000000e+00	8.619676e+08	-8.619676e+08	-3.688358e-04	-6.950901e-06	-0.000000e+00	0.000000e+00	-1.237783e-04	-3.696901e-19
56	0.000000e+00	2.132440e+09	-2.132440e+09	-0.000000e+00	-7.406996e-22	-0.000000e+00	0.000000e+00	5.395412e-04	9.263549e-10
54	0.000000e+00	6.431425e+08	-6.431425e+08	-0.000000e+00	0.000000e+00	-0.000000e+00	0.000000e+00	-1.192093e-07	-1.009690e-22
2	0.000000e+00	2.030090e+03	-2.030090e+03	-2.188919e-19	-3.859174e-13	-0.000000e+00	0.000000e+00	2.962034e-13	2.041606e-18
4	0.000000e+00	4.089184e+09	-4.089184e+09	-7.297845e-07	-9.555349e-06	-0.000000e+00	0.000000e+00	-3.683898e-04	-5.759373e-16
5	0.000000e+00	8.770013e+06	-8.770013e+06	-4.238394e-07	-3.157729e-05	-0.000000e+00	0.000000e+00	9.806200e-10	1.077380e-17
7	1.000000e-02	2.294854e+09	-1.981588e+09	-0.000000e+00	0.000000e+00	-0.000000e+00	-3.607231e+27	-3.607231e+27	-1.327541e+04
6	0.000000e+00	2.943821e+00	-2.943820e+00	-2.797970e-11	-7.433749e-07	-0.000000e+00	0.000000e+00	-6.288273e-16	-7.142700e-23
52	3.000000e+11	1.290764e+09	-1.643025e+09	-2.433067e+11	-5.634109e+10	-0.000000e+00	0.000000e+00	1.402283e-02	1.012566e-24
20	0.000000e+00	1.259793e+10	-1.255257e+10	-4.535796e+07	0.000000e+00	-0.000000e+00	0.000000e+00	7.387532e-01	2.861297e-23
22	0.000000e+00	4.100240e+09	-3.762264e+09	-3.309185e+05	-3.376450e+08	-0.000000e+00	0.000000e+00	-1.251698e-06	-5.715995e-23
61	0.000000e+00	1.287461e+10	-1.287454e+10	-6.870579e+04	-2.900287e-06	-0.000000e+00	0.000000e+00	-1.969927e-07	-3.891590e-21
19	0.000000e+00	1.888122e+07	-1.888122e+07	-0.000000e+00	-4.344120e-18	-0.000000e+00	0.000000e+00	-4.344120e-18	-1.537292e-27
58	0.000000e+00	7.016222e+07	-7.016222e+07	-0.000000e+00	-1.288906e-19	-0.000000e+00	0.000000e+00	-1.964271e-04	-8.606042e-12
59	0.000000e+00	5.137601e+07	-5.137601e+07	-0.000000e+00	-8.979086e-19	-0.000000e+00	0.000000e+00	2.843887e-05	2.968569e-13
80	0.000000e+00	1.674072e+08	-1.674072e+08	-0.000000e+00	-6.473702e-23	-0.000000e+00	0.000000e+00	6.496906e-06	6.128245e-10
60	0.000000e+00	3.093916e+08	-3.093916e+08	-0.000000e+00	-2.406128e-13	-0.000000e+00	0.000000e+00	3.858209e-04	5.939010e-16
21	3.000000e+08	1.641545e+07	-3.164154e+08	-0.000000e+00	0.000000e+00	-0.000000e+00	0.000000e+00	-4.614431e-02	-4.582430e-23
62	0.000000e+00	6.050488e+06	-6.050488e+06	-1.672045e-03	-1.107302e-13	-0.000000e+00	0.000000e+00	1.604158e-06	7.496240e-15
24	0.000000e+00	3.715975e+06	-3.343875e+06	-6.276219e+04	-3.093377e+05	-0.000000e+00	0.000000e+00	-5.820766e-11	-1.417428e-25
63	0.000000e+00	1.090346e+05	-8.157379e+04	-1.922519e+01	-2.744163e+04	-0.000000e+00	0.000000e+00	-5.456968e-11	-2.514337e-24
23	0.000000e+00	7.532542e-08	-7.424352e-08	-6.194642e-13	-1.071750e-09	-0.000000e+00	0.000000e+00	9.533955e-12	1.253779e-12
71	0.000000e+00	8.579536e+03	-8.579536e+03	-1.375490e-22	-9.592543e-15	-0.000000e+00	0.000000e+00	8.039837e-10	4.685494e-09
25	0.000000e+00	1.522885e-08	-1.522884e-08	-1.456907e-16	-8.611450e-15	-0.000000e+00	0.000000e+00	2.747032e-16	4.429399e-15
26	0.000000e+00	1.435922e-34	-1.435922e-34	-0.000000e+00	-1.729316e-57	-0.000000e+00	0.000000e+00	4.276423e-50	4.000111e-20
64	0.000000e+00	2.217866e+06	-2.217866e+06	-0.000000e+00	-1.393114e-21	-0.000000e+00	0.000000e+00	-1.393114e-21	-4.325054e-27
27	0.000000e+00	2.472176e+06	-2.472176e+06	-0.000000e+00	0.000000e+00	-0.000000e+00	0.000000e+00	-4.656613e-10	-1.649123e-23
28	0.000000e+00	2.558998e+05	-2.558998e+05	-0.000000e+00	-4.182368e-15	-0.000000e+00	0.000000e+00	-5.821184e-11	-2.077046e-18
29	0.000000e+00	3.342650e+05	-3.342650e+05	-0.000000e+00	0.000000e+00	-0.000000e+00	0.000000e+00	2.095476e-09	7.924337e-22
30	0.000000e+00	1.076990e+05	-1.076990e+05	-0.000000e+00	-3.747183e-13	-0.000000e+00	0.000000e+00	-4.403046e-11	-5.199505e-19
31	0.000000e+00	2.569887e+05	-1.945667e+05	-6.242196e+04	0.000000e+00	-0.000000e+00	0.000000e+00	-4.416506e-09	-1.240661e-25
32	0.000000e+00	2.547198e+04	-2.547198e+04	-3.772901e-22	-1.570224e-20	-0.000000e+00	0.000000e+00	-4.767935e-08	-1.550637e-14
33	0.000000e+00	6.787611e+03	-6.636613e+03	-8.852996e-02	-1.509101e+02	-0.000000e+00	0.000000e+00	-1.762146e-12	-9.137834e-24
34	0.000000e+00	2.275808e+04	-2.275808e+04	-3.054152e-04	-1.444169e-14	-0.000000e+00	0.000000e+00	2.961355e-07	1.416652e-13
35	0.000000e+00	2.141320e+03	-2.141190e+03	-9.173808e-02	-3.837452e-02	-0.000000e+00	0.000000e+00	-4.802894e-13	-8.613361e-23
36	0.000000e+00	1.801154e+03	-1.801154e+03	-3.588400e-10	-3.504444e-18	-0.000000e+00	0.000000e+00	1.830497e-13	4.782201e-19
40	0.000000e+00	9.656782e+09	-9.656782e+09	-0.000000e+00	-3.480564e-08	-0.000000e+00	0.000000e+00	1.140929e-05	7.141275e-20
41	0.000000e+00	4.796479e+09	-4.796479e+09	-0.000000e+00	-9.468014e-10	-0.000000e+00	0.000000e+00	-2.861970e-06	-1.532387e-18
76	0.000000e+00	2.010404e+07	-2.010404e+07	-0.000000e+00	-6.087970e-14	-0.000000e+00	0.000000e+00	-6.087970e-14	-2.602278e-23
77	0.000000e+00	1.165010e+07	-1.165010e+07	-0.000000e+00	-2.298401e-14	-0.000000e+00	0.000000e+00	5.587912e-09	1.799854e-18
42	0.000000e+00	2.118399e+07	-2.118399e+07	-0.000000e+00	-1.351730e-06	-0.000000e+00	0.000000e+00	4.275178e-09	1.775175e-22
43	3.000000e+09	2.618815e+09	-2.618611e+09	-1.408637e+09	-1.591567e+09	-0.000000e+00	0.000000e+00	-7.152557e-07	-1.305059e-22
74	0.000000e+00	2.568292e+09	-2.568292e+09	-0.000000e+00	-5.101975e-18	-0.000000e+00	0.000000e+00	-9.536743e-07	-1.883320e-09
75	0.000000e+00	2.822268e+08	-2.822268e+08	-0.000000e+00	-4.113856e-17	-0.000000e+00	0.000000e+00	-1.192093e-07	-4.984880e-11
44	0.000000e+00	1.750583e+02	-1.750583e+02	-5.338347e-11	-7.869651e-06	-0.000000e+00	0.000000e+00	-1.567464e-14	-2.165718e-22
45	3.000000e+08	5.741554e+08	-5.743601e+08	-2.985095e+08	-1.285727e+06	-0.000000e+00	0.000000e+00	-1.356006e-06	-1.201591e-23
46	0.000000e+00	1.390329e+09	-1.390329e+09	-0.000000e+00	-8.882647e-07	-0.000000e+00	0.000000e+00	6.540963e-08	2.381703e-20
47	0.000000e+00	1.795636e+07	-1.795636e+07	-0.000000e+00	-1.519497e-05	-0.000000e+00	0.000000e+00	1.166583e-08	7.336298e-22
48	0.000000e+00	1.745873e+04	-1.745873e+04	-0.000000e+00	-2.554710e-11	-0.000000e+00	0.000000e+00	1.083268e-11	2.668472e-24
68	0.000000e+00	1.112998e+02	-1.112954e+02	-3.437633e-05	-4.445775e-03	-0.000000e+00	0.000000e+00	2.857437e-14	3.629050e-20
73	0.000000e+00	1.563941e+02	-6.335105e+01	-1.091806e+00	-9.177085e+01	-0.000000e+00	-1.804168e-01	2.922662e-14	3.473564e-25
78	0.000000e+00	0.000000e+00	0.000000e+00	-1.804168e-01	-1.661739e-11	-0.000000e+00	1.804168e-01	9.159340e-14	7.314378e-24
79	0.000000e+00	6.194473e+01	0.000000e+00	-0.000000e+00	-1.270774e-03	-0.000000e+00	-6.194346e+01	1.463017e-07	1.627193e-22
111	0.000000e+00	0.000000e+00	0.000000e+00	-6.194344e+01	-2.053764e-05	-0.000000e+00	6.194346e+01	-1.233935e-07	-1.204362e-22
8	0.000000e+00	2.107545e+07	-2.107545e+07	-0.000000e+00	-6.769118e-09	-0.000000e+00	0.000000e+00	4.406753e-09	2.630102e-21
9	2.000000e+10	6.247185e+09	-2.607840e+10	-1.687887e+08	0.000000e+00	-0.000000e+00	0.000000e+00	-3.244887e-01	-3.385234e-23
10	0.000000e+00	5.058924e+10	-5.058924e+10	-0.000000e+00	-1.636549e+02	-0.000000e+00	0.000000e+00	-5.053303e-06	-3.883914e-21
57	0.000000e+00	1.425504e+08	-1.425504e+08	-0.000000e+00	-1.840316e-02	-0.000000e+00	0.000000e+00	4.579333e-08	1.570835e-24
11	0.000000e+00	9.958143e+06	-2.942150e+06	-0.000000e+00	-7.015993e+06	-0.000000e+00	0.000000e+00	-1.228778e-04	-5.466674e-23
12	0.000000e+00	2.526390e+08	-2.526390e+08	-3.921556e-07	-1.037852e-06	-0.000000e+00	0.000000e+00	6.010820e-08	5.716752e-21
13	0.000000e+00	2.250316e+03	-2.250316e+03	-2.437309e-20	-6.426096e-14	-0.000000e+00	0.000000e+00	8.452337e-13	5.713801e-17
14	0.000000e+00	6.616416e-06	-6.616416e-06	-2.606095e-30	-3.631714e-19	-0.000000e+00	0.000000e+00	2.890440e-19	1.241173e-14
15	0.000000e+00	1.114951e-22	-1.114951e-22	-1.003190e-58	-1.310681e-29	-0.000000e+00	0.000000e+00	6.724276e-38	1.506238e-22
16	0.000000e+00	2.016194e+08	-2.016194e+08	-0.000000e+00	-1.015580e-01	-0.000000e+00	0.000000e+00	-4.915998e-08	-5.761943e-20
17	0.000000e+00	1.332831e+02	-1.332831e+02	-1.599538e-15	-4.358760e-07	-0.000000e+00	0.000000e+00	-4.412989e-15	-2.465086e-22
18	0.000000e+00	5.476216e-07	-5.476215e-07	-7.014688e-16	-1.535410e-13	-0.000000e+00	0.000000e+00	-1.689411e-22	-4.200763e-22
70	0.000000e+00	6.899884e-12	-6.899883e-12	-1.027917e-34	-7.739901e-19	-0.000000e+00	0.000000e+00	3.286273e-27	3.968023e-22
37	0.000000e+00	4.719048e+08	-2.071848e+08	-7.522231e+07	-1.894977e+08	-0.000000e+00	0.000000e+00	2.920628e-06	8.294794e-24
38	0.000000e+00	2.072434e+08	-2.072434e+08	-1.661663e-18	-4.459019e-08	-0.000000e+00	0.000000e+00	-1.478787e-08	-3.791090e-19
39	0.000000e+00	4.663303e+05	-4.663303e+05	-0.000000e+00	-2.279019e-20	-0.000000e+00	0.000000e+00	-5.820766e-11	-1.552747e-17
72	0.000000e+00	4.192955e+02	-4.192955e+02	-0.000000e+00	-4.933996e-06	-0.000000e+00	0.000000e+00	1.573784e-10	2.040207e-23
65	0.000000e+00	5.695835e-02	-5.695834e-02	-9.071861e-12	-2.389008e-09	-0.000000e+00	0.000000e+00	-2.177896e-17	-3.816200e-21
66	0.000000e+00	2.752176e-10	-2.752170e-10	-2.804626e-16	-3.654107e-16	-0.000000e+00	0.000000e+00	-1.059292e-26	-3.836067e-24
109	0.000000e+00	2.765555e+08	-2.731224e+08	-0.000000e+00	-3.433130e+06	-0.000000e+00	0.000000e+00	-4.828908e-07	-2.101982e-23
67	0.000000e+00	3.105192e-01	-3.105192e-01	-0.000000e+00	-4.258136e-09	-0.000000e+00	0.000000e+00	-2.888670e-13	-4.334360e-23
110	0.000000e+00	1.142391e+05	-2.420172e+04	-0.000000e+00	-9.003737e+04	-0.000000e+00	0.000000e+00	-5.820766e-11	-6.246495e-25
106	0.000000e+00	7.540406e+09	-7.540406e+09	-0.000000e+00	-2.985297e-03	-0.000000e+00	0.000000e+00	-2.965960e-07	-2.213724e-24
107	0.000000e+00	3.136784e+10	-3.136784e+10	-0.000000e+00	-6.878495e-07	-0.000000e+00	0.000000e+00	1.075624e-05	1.061012e-19
108	0.000000e+00	3.136784e+10	-3.136784e+10	-0.000000e+00	-3.917083e-03	-0.000000e+00	0.000000e+00	6.109684e-07	3.620868e-24
49	0.000000e+00	2.498556e-01	-2.497682e-01	-8.724912e-05	-1.847986e-07	-0.000000e+00	0.000000e+00	-4.396386e-16	-3.973621e-23
50	0.000000e+00	4.039394e-02	-4.039393e-02	-0.000000e+00	-1.074257e-08	-0.000000e+00	0.000000e+00	-2.441622e-13	-1.454563e-23
51	0.000000e+00	0.000000e+00	0.000000e+00	-0.000000e+00	0.000000e+00	-0.000000e+00	0.000000e+00	0.000000e+00	nan
69	0.000000e+00	0.000000e+00	0.000000e+00	-0.000000e+00	0.000000e+00	-0.000000e+00	0.000000e+00	0.000000e+00	nan
