0.000000 3.800646e-04 1.624760e-04 35.000000 7
0.000010 2.891250e-04 1.547946e-04 35.000000 7
0.000110 6.974696e-05 4.516312e-05 35.000000 7
0.001110 1.952079e-05 1.663813e-05 5.000000 3
0.011110 3.862354e-06 2.367011e-06 5.000000 3
0.111110 3.536653e-07 2.448606e-07 55.000000 7
1.111110 1.587693e-07 3.357802e-08 45.000000 7
11.111110 1.580188e-08 4.354409e-09 45.000000 7
111.111110 4.473717e-10 3.795910e-10 495.000000 32
1111.111110 9.107513e-11 7.362261e-11 5.000000 77
11111.111110 5.625753e-10 5.453918e-10 75.000000 60
111111.111110 5.371383e-11 5.194165e-11 75.000000 60
1111111.111110 6.853638e-13 5.041980e-13 45.000000 60
11111111.111110 6.727808e-14 4.974544e-14 45.000000 60
111111111.111110 3.345085e-16 3.244349e-16 335.000000 45
1111111111.111110 3.140317e-17 3.050431e-17 115.000000 1
11111111111.111111 3.081285e-18 3.079593e-18 5.000000 29
111111111111.111115 4.239375e-19 3.621899e-19 115.000000 27
1111111111111.111084 1.169008e-20 1.062192e-20 115.000000 1
11111111111111.111328 4.984338e-21 4.976282e-21 5.000000 29
111111111111111.109375 6.332909e-22 5.869246e-22 335.000000 45
1111111111111111.125000 6.873872e-23 6.748678e-23 25.000000 111
11111111111111112.000000 5.145340e-23 5.051628e-23 25.000000 111
111111111111111104.000000 2.665174e-23 2.616633e-23 25.000000 111
1111111111111111168.000000 3.303775e-24 3.243603e-24 25.000000 111
11111111111111110656.000000 5.607353e-25 5.505225e-25 25.000000 111
111111111111111114752.000000 3.437653e-26 3.375046e-26 25.000000 111
1111111111111111081984.000000 2.645398e-27 2.597216e-27 25.000000 111
11111111111111111344128.000000 1.591313e-28 1.562329e-28 25.000000 111
111111111111111109246976.000000 1.199122e-29 1.177282e-29 25.000000 111
1111111111111111092469760.000000 7.161332e-30 7.030899e-30 25.000000 111
11111111111111108777213952.000000 7.490605e-31 7.354173e-31 25.000000 111
111111111111111104952008704.000000 1.484306e-31 1.457272e-31 25.000000 111
1111111111111110912081133568.000000 2.175941e-33 2.136341e-33 25.000000 111
11111111111111109670567149568.000000 1.699948e-33 1.668988e-33 25.000000 111
111111111111111105501764517888.000000 5.560449e-36 5.458803e-36 25.000000 111
1111111111111110914280156823552.000000 3.353546e-36 3.292465e-36 25.000000 111
11111111111111109705751521656832.000000 6.209561e-37 6.096466e-37 25.000000 111
111111111111111097057515216568320.000000 7.145590e-38 7.015444e-38 25.000000 111
1111111111111111114690340241539072.000000 2.296672e-39 2.254848e-39 25.000000 111
11111111111111109993981897808543744.000000 4.149530e-41 3.050889e-41 45.000000 60
111111111111111113774877033367601152.000000 5.938075e-41 5.829923e-41 25.000000 111
1111111111111111027068305891418701824.000000 3.985780e-42 3.913184e-42 25.000000 111
11111111111111108499795627838070063104.000000 9.793303e-43 9.614935e-43 25.000000 111
111111111111111089720322761250345844736.000000 8.053919e-44 7.907238e-44 25.000000 111
1111111111111110859424295749546296737792.000000 2.020831e-45 1.984016e-45 25.000000 111
11111111111111107687548592784491086348288.000000 9.166604e-47 8.999654e-47 25.000000 111
111111111111111081711189206303427562307584.000000 1.252366e-47 1.229556e-47 25.000000 111
1111111111111110971854396973706809985466368.000000 1.750666e-48 1.718781e-48 25.000000 111
11111111111111110028028979558413168579444736.000000 4.634341e-50 4.549938e-50 25.000000 111
111111111111111107707930031296413335189192704.000000 4.325403e-51 4.246623e-51 25.000000 111
1111111111111110997851137798699795758347976704.000000 5.739923e-51 5.635380e-51 25.000000 111
11111111111111110612336678101112658331831369728.000000 1.398203e-52 1.372742e-52 25.000000 111
111111111111111113729270382380502992298532929536.000000 3.667073e-53 3.600285e-53 25.000000 111
1111111111111111177857523031108370770879831867392.000000 2.480151e-54 2.434978e-54 25.000000 111
11111111111111112103093783969510434491954339250176.000000 4.031236e-57 3.679233e-57 335.000000 45
111111111111111128819383127497345787715287886331904.000000 3.848747e-56 3.778649e-56 25.000000 111
1111111111111111122040331801858973764176996328275968.000000 2.562926e-57 2.516249e-57 25.000000 111
11111111111111110888096319072360769415818198212673536.000000 9.226768e-58 9.058722e-58 25.000000 111
111111111111111100905595216014112456735339620444667904.000000 6.570301e-59 6.450644e-59 25.000000 111
1111111111111111179197135620610356299040699920330784768.000000 4.640517e-60 4.555994e-60 25.000000 111
11111111111111112132253723127042026453781606635076059136.000000 8.178367e-61 8.029415e-61 25.000000 111
111111111111111121322537231270420264537816066350760591360.000000 8.540105e-62 8.384559e-62 25.000000 111
1111111111111111126113086380943955998754261160974943780864.000000 5.283193e-63 5.186978e-63 25.000000 111
11111111111111112654927438717603506333525003650272031932416.000000 3.650477e-65 2.794705e-65 45.000000 60
111111111111111115398901787910723492567390900178539566333952.000000 8.459879e-66 8.305800e-66 25.000000 111
1111111111111111332394979467352220057959655182972287711182848.000000 3.463440e-67 3.400359e-67 25.000000 111
11111111111111112610325948320542260050453567104975308920455168.000000 9.766172e-68 9.588300e-68 25.000000 111
111111111111111117539773326969663314154819854352782270908071936.000000 3.554658e-68 3.489916e-68 25.000000 111
1111111111111111358085437936059497917008802633063200166072287232.000000 3.725499e-69 3.657647e-69 25.000000 111
11111111111111112484728151362417790517324401793419736918773465088.000000 3.829074e-70 3.759337e-70 25.000000 111
111111111111111133616291337609595414395353014231895487123329908736.000000 6.946772e-71 6.820250e-71 25.000000 111
1111111111111111195858756192329273996399786201555784984263774961664.000000 9.028114e-72 8.863676e-72 25.000000 111
11111111111111113081020819393426181144427813541663208938393942622208.000000 9.287191e-73 9.118044e-73 25.000000 111
111111111111111121830742134173194282000838523207789216617889882177536.000000 8.811570e-74 8.651093e-74 25.000000 111
1111111111111111170416935689672915996310040633630730178093301253537792.000000 1.366052e-74 1.341172e-74 25.000000 111
11111111111111112087293242113201374552687163123884597685617793081278464.000000 1.887171e-76 1.852823e-76 25.000000 111
111111111111111123937923502863791462243565685539464344093656175179988992.000000 4.681408e-77 4.596143e-77 25.000000 111
1111111111111111288419092336346358089902761724204537316736213661675159552.000000 1.048061e-78 1.028970e-78 25.000000 111
11111111111111112491872064901796033159290778291566222160964921337749438464.000000 2.738003e-79 2.688135e-79 25.000000 111
111111111111111115503068045937939185839223648104162597456116046681442615296.000000 3.323507e-80 3.262975e-80 25.000000 111
1111111111111111230355901284019561024421709559533622967789425800382840307712.000000 4.629630e-82 4.545295e-82 25.000000 111
11111111111111111098355479645952903587745526339464277786242012666733776601088.000000 1.927927e-82 1.892813e-82 25.000000 111
111111111111111120625183062013470689129227817441618392995638089364094777819136.000000 3.211503e-83 3.153011e-83 25.000000 111
1111111111111111257673848036422395708635065129333387210666876694690318507835392.000000 2.441018e-84 2.396560e-84 25.000000 111
11111111111111112576738480364223957086350651293333872106668766946903185078353920.000000 1.972779e-85 1.936848e-85 25.000000 111
111111111111111125767384803642239570863506512933338721066687669469031850783539200.000000 1.983829e-86 1.947697e-86 25.000000 111
1111111111111111257673848036422395708635065129333387210666876694690318507835392000.000000 3.907804e-87 3.836630e-87 25.000000 111
11111111111111112576738480364223957086350651293333872106668766946903185078353920000.000000 5.524372e-88 5.423755e-88 25.000000 111
111111111111111132507371470429899519530260284688246389475973775104174971059441762304.000000 1.453738e-90 1.371089e-90 45.000000 60
1111111111111111486833394707202833963304693369000247936582604286285184597216079118336.000000 1.765903e-90 1.733741e-90 25.000000 111
11111111111111115299693093746438576347719175082316570144020353623501005669818555170816.000000 6.248186e-91 6.134386e-91 25.000000 111
111111111111111149546057764069103869759813819684652975214649050149816779116923439808512.000000 5.938231e-92 5.830074e-92 25.000000 111
1111111111111111605888519189340059296554231993278936991364234056224352673769621978873856.000000 5.296114e-93 5.199659e-93 25.000000 111
11111111111111116942308724282592757757191070304248627827384289000053005798499320435048448.000000 7.001593e-94 6.874071e-94 25.000000 111
111111111111111162355698983712390259238720700070812214963907302498054225498568399180005376.000000 1.883108e-95 1.848816e-95 25.000000 111
1111111111111111651826542873578051865719967012594818402878815374990445584931383212481970176.000000 6.974108e-96 6.847086e-96 25.000000 111
11111111111111115613639731569247741910551349745573903925116398549587549291051457062998376448.000000 2.461211e-97 2.416389e-97 25.000000 111
111111111111111170610408470357001847051886623541727520909912068700945997842712571619124969472.000000 4.177953e-98 4.101859e-98 25.000000 111
1111111111111111648208040084911920758733373731073321282464128354189177958698333712234684874752.000000 3.212934e-99 3.154413e-99 25.000000 111
11111111111111118334753828646178334364469497449739738476961038192140804218304681248956922986496.000000 5.744410e-100 5.639785e-100 25.000000 111
111111111111111175936844575273546836536151933941371282160331363320411943657761435983128932909056.000000 6.329522e-101 6.214238e-101 25.000000 111
1111111111111111877939545131747252479098207988310130463351777930820057012982180383934334080385024.000000 3.121817e-103 3.065009e-103 25.000000 111
11111111111111117830826656285378251881088570691929963499530064927273069518585275646518982793494528.000000 5.503089e-103 5.402858e-103 25.000000 111
111111111111111178308266562853782518810885706919299634995300649272730695185852756465189827934945280.000000 3.703144e-104 3.635702e-104 25.000000 111
1111111111111111722374262746483791721875672480958030517377792772347946912739389760311139366686687232.000000 5.939395e-105 5.831221e-105 25.000000 111
11111111111111118195077073577702452678487678221339758494981347249549229753300102472563536269471121408.000000 5.448333e-106 5.349106e-106 25.000000 111
111111111111111174180095166874108243107029154919321958380186116286934212525751385770018221873877221376.000000 9.722650e-107 9.545569e-107 25.000000 111
1111111111111111803966356219964412700493072567545824596358880012537806805315510969345119345305444155392.000000 2.265395e-108 2.224122e-108 25.000000 111
11111111111111117542340325789857484849548477528637405863132649328030350612691132800291696440521066020864.000000 1.326256e-108 1.302100e-108 25.000000 111
111111111111111187359160931733454260224658730810074221042274112416648724698046773438744892706011673001984.000000 5.491566e-111 5.391323e-111 25.000000 111
1111111111111111905420296447560887700191051189497275976851934775196741163170162255549656735862252764135424.000000 7.939632e-111 7.795029e-111 25.000000 111
11111111111111119818091455601041159352577645048489570162819995376693505620254291063389554769873792460128256.000000 1.437611e-111 1.411427e-111 25.000000 111
111111111111111181884626745334522903378210943209870413216452804439445051113419315798845149592044275134103552.000000 2.069202e-112 2.031515e-112 25.000000 111
1111111111111111786253691831993451653486978417548653555341033745739470500955945968318350699707055452406677504.000000 5.159471e-114 5.065447e-114 25.000000 111
11111111111111117862536918319934516534869784175486535553410337457394705009559459683183506997070554524066775040.000000 2.204137e-115 2.163996e-115 25.000000 111
111111111111111195312767901331455184059804921204491250867732455485296815306857157942926677631959842295059054592.000000 4.583074e-117 4.499608e-117 25.000000 111
1111111111111111819628489268257671690909192576447905346008291907562170031378471090540533915029564046515460112384.000000 4.664489e-117 4.579534e-117 25.000000 111
11111111111111117929286513192462956609714212493285039134744853781040104070404509927627873427715571712284340256768.000000 1.539901e-118 1.511851e-118 25.000000 111
111111111111111162204968844557348906936968475576433474525812358957178881127712236698520928032031316939146707075072.000000 3.158183e-119 3.100661e-119 25.000000 111
1111111111111111690401273595042611706010379353190002412544668304984677449582453817296240505300810770126253852721152.000000 1.294703e-120 1.271123e-120 25.000000 111
11111111111111116630606395352549626513541015142197353456300504188195219942603212371718280153086117298323391399329792.000000 2.886869e-121 2.834289e-121 25.000000 111
111111111111111175055066852657543962625419059892458995975682765454801945129114549356994798328364865877286622085513216.000000 1.562175e-122 1.533722e-122 25.000000 111
1111111111111111680558645333519058046334119331160706268455405865965221485666486088451452008903619115620444556117409792.000000 4.927972e-123 4.838216e-123 25.000000 111
11111111111111115965682175018514001504300338098440458388936997196658639269168948023092568396475836638375385584321429504.000000 1.323991e-123 1.299877e-123 25.000000 111
111111111111111168615800718896356857272772503258181696375951960905184532291645884086093168685402147907263828929642758144.000000 1.390863e-124 1.365530e-124 25.000000 111
1111111111111111757829838938653303310565878010772033863652175520560630439716110071702271564619171731260718073987855286272.000000 3.384185e-126 3.322523e-126 25.000000 111
11111111111111118151673043384050911008364003933242073835663002497676585331558310563753434668312919330111819017409974501376.000000 5.935819e-127 5.827708e-127 25.000000 111
111111111111111167755738737900080040418714667519899093577240089967079110890050069315997090152220344881006871513345625686016.000000 9.081680e-128 8.916271e-128 25.000000 111
1111111111111111787645320946524232961506549649699164094007520379748285048304764983732268953769474236170959264419489211482112.000000 1.317772e-128 1.293771e-128 25.000000 111
11111111111111117582885386618513176128880421898324512518114885183942866644636278395796561398368686928747217846098804235829248.000000 3.174610e-130 3.116770e-130 25.000000 111
111111111111111157040513203994465938172959444668548906175688460572869700788035011700293413066819321577880191382838418102812672.000000 3.105710e-131 3.049147e-131 25.000000 111
1111111111111111645558494688707322674192973543944273937778726170794932870513661206033622934335663406617169862140982678050045952.000000 1.081372e-132 1.061679e-132 25.000000 111
11111111111111116756198397482123879911783251828477878881874627968214272155669856416458984558026514829525170414660220768588136448.000000 1.444779e-132 1.418466e-132 25.000000 111
111111111111111157942353555779617897682519993835654324687950559353664531139634744768661678710828963867940606762589600067075702784.000000 5.924932e-134 5.817043e-134 25.000000 111
1111111111111111656380578910129146188307700133949538959925871356164470834732858002854042122063779114097894846697996861621202321408.000000 1.733946e-135 1.702369e-135 25.000000 111
11111111111111115332493095463963986499356998210007458190516861359599499973944411145861615861349959534283128001826354841004898516992.000000 1.288813e-135 1.265340e-135 25.000000 111
111111111111111158250181729188949766528449994618026307540136022404175833232980786989331380050650921769614561878878003510877483958272.000000 1.239026e-136 1.216459e-136 25.000000 111
1111111111111111661305829684678456089842580146467490685560838764972651668226394678384757343500930440524678128558611316722030820196352.000000 5.933410e-138 5.825364e-138 25.000000 111
11111111111111117243490395989096228294890443066972727736884215977173663369436641251779121778964674187875041363744763420126356046872576.000000 8.838310e-139 8.677336e-139 25.000000 111
111111111111111167391447166752468943777187297851344710318635533152159460196984856774338831038003783617724333012178432178015177709453312.000000 3.484856e-140 3.421395e-140 25.000000 111
1111111111111111552871508632200849297650661790872265493981396292651742438032691229900531028340606837912617395115323473222190590871994368.000000 5.658449e-141 5.555389e-141 25.000000 111
11111111111111116497058790604599214097476307409852107813453635237476241691824171001748168539721516365243181431204921520685595398500253696.000000 1.853970e-142 1.820207e-142 25.000000 111
111111111111111167552837784132900730630682246101532952464242145203985929748901066558129307414056358282077167592187046642759125957750030336.000000 5.696157e-143 5.592411e-143 25.000000 111
1111111111111111551580383693157395002822702204870759556816543396237130681617361551630207217332186240597794718475254557504239004885620621312.000000 3.598773e-144 3.533233e-144 25.000000 111
11111111111111116176859805721822548980142330081478635396570116926652526100822410790707863409633208231167157624467830422633602073879564517376.000000 7.240140e-146 7.108261e-146 25.000000 111
111111111111111167057045807540214281416745765076954672592938632980775015285414470102324963986822848913185259762400583007065716938982511607808.000000 6.260710e-146 6.146685e-146 25.000000 111
1111111111111111712878040077978053147090037364866893274947286039521748187071667598585220278992154621943962065765784060316494738991320047550464.000000 4.444932e-148 4.364026e-148 25.000000 111
11111111111111116790319744759173248807519735935890160357329662717505497596976492805356437676930137156942744912523614761198246833101241023725568.000000 2.337213e-148 2.294645e-148 25.000000 111
111111111111111157072456454932299442847016952549980887024714301488271479210079066277699893153576281569527425280940920669048050513029707780325376.000000 1.024425e-148 1.005768e-148 25.000000 111
1111111111111111657370492490598458790295612779971174602635801620376982766178277556983914800461563535694474443563771022233955847674158697458696192.000000 1.155684e-149 1.134635e-149 25.000000 111
11111111111111117613456060201290160244861446853368134815021919469701043350712618300322138431725243996935146724690052008861262587267926410452271104.000000 8.314595e-151 8.163143e-151 25.000000 111
111111111111111167816551519650457023713371916104430237840907968569560707995687441159357460900375570849428248934481785796438992988468548617600237568.000000 1.188204e-151 1.166563e-151 25.000000 111
1111111111111111855616375620236721250152226946201659398341052509747867890867567570929338308563795583052644480009750856197427431414514083230348476416.000000 4.907446e-153 4.818049e-153 25.000000 111
11111111111111117491458593659974306423411222751072451863818688153165114043211516753278800888277716583176272856107910572576049304966169249977408159744.000000 4.167740e-155 4.091862e-155 25.000000 111
111111111111111172075372169820028648025816102948206806319275316346814967457544076983415789689816527838828936710440177754031893025184434946904543985664.000000 1.134778e-155 1.114110e-155 25.000000 111
1111111111111111675326301429724855820925423036481784666090168120510770906982303321044202389810795070501348697494178929992661329860208228623132838068224.000000 7.613021e-156 7.474364e-156 25.000000 111
11111111111111115663004927853838222385268518532811045130439640174130618647587734439483091728011065715726910904296440958782830889202815385929425937760256.000000 3.863222e-157 3.792851e-157 25.000000 111
111111111111111165352113970085664910444570879984164863548092729989122909853759734562502374640885737071561717608127196316978568167222289061709478920978432.000000 1.810898e-157 1.777914e-157 25.000000 111
1111111111111111793074174765613172089915879914338519231380068551856296672583715588307767064181258649344298913123876550836189830075329053855738301903798272.000000 4.862465e-159 4.773865e-159 25.000000 111
11111111111111116814317467138079537015397430227410227546607555502842426133468209941615724099633376264413535234897928807030665113528441232648234917485871104.000000 2.244071e-160 2.203197e-160 25.000000 111
111111111111111162188911841951183722773913668055569130041045528277914711508714387728360192771377974755978264901828158996540074136751882694966892633247449088.000000 3.120231e-162 3.063395e-162 25.000000 111
1111111111111111812425528961259409943901076975548751954011416138795452709518110651293107470912364959980809447327117720325931205320559775158163535664034873344.000000 2.229731e-162 2.189121e-162 25.000000 111
11111111111111117362109647445603808574363008575515276925710317963889304717457239416893052536329308750123987280035832681817190197393433958747656919314107203584.000000 5.159971e-164 5.065997e-164 25.000000 111
111111111111111173621096474456038085743630085755152769257103179638893047174572394168930525363293087501239872800358326818171901973934339587476569193141072035840.000000 1.365058e-164 1.340196e-164 25.000000 111
1111111111111111638656322547185623626761387426515080637927339838108582007397068953396438415515255246252833007269459169437127422195386430392016451953651804536832.000000 7.575400e-166 7.437426e-166 25.000000 111
11111111111111116386563225471856236267613874265150806379273398381085820073970689533964384155152552462528330072694591694371274221953864303920164519536518045368320.000000 3.427651e-166 3.365223e-166 25.000000 111
111111111111111176352626455982531288202527661824173286787126554470742804176334733841130796830588005106507712980913801583020466705165134620993547912518321678843904.000000 2.285346e-167 2.243724e-167 25.000000 111
1111111111111111663630310949713561477814165264860411083916124979428351214270324630399412326073380207215281831777394938715742871166639413555600257387958086987153408.000000 1.066688e-168 1.047261e-168 25.000000 111
11111111111111118234638367258923637245519434302705259382443498838748741382591609632184453536453799573749543086281838620988817445826585058025366121675182946692104192.000000 4.485256e-170 4.403563e-170 25.000000 111
111111111111111169559701610494932192716172089794243405478176996031765579906809189696321893158778015724721632714755272339237064584984323200498752834387012852356481024.000000 1.951215e-170 1.915677e-170 25.000000 111
1111111111111111772317108477515147005595854417339289184859317914451986802582733336716354784822340037323859116035931406616277305089532396283516978638059028210952175616.000000 8.444910e-172 8.291097e-172 25.000000 111
11111111111111116086475780827080535049363695759593315740272156122987473284181649319096649645886122931603544997407235490719430987115288458226541513437893755445257961472.000000 3.022141e-172 2.967099e-172 25.000000 111
111111111111111157591367200374663480480447260768334005186079515186809943358525125094832700054186674432765357648168197756307625743592813573048158588493544501124052025344.000000 2.736073e-173 2.686242e-173 25.000000 111
1111111111111111549726547140577499844698955033062546834127658783523581117718920306179256629304470305261492837874448720355982784415447567656743533517852300584612299538432.000000 1.970663e-174 1.934773e-174 25.000000 111
11111111111111116335253467027187317170366112718490851308736951622260397284911793294402818172641389102732072014175951434186818980809853854927053010925183627498226058264576.000000 1.637201e-174 1.607383e-174 25.000000 111
111111111111111156648630705300574621916648628081985449347686605926407283987337211083146166689640402626383571058307800496852260714855513122393588703278551301765436079603712.000000 9.248024e-176 9.079616e-176 25.000000 111
1111111111111111512855075333235357820870386287996469983559402776894499328979126335944405546602216119056338517915464294208395174402610927808920355784999233231919764771700736.000000 2.162803e-178 1.801556e-178 45.000000 60
11111111111111116415700314606842899767810262707725928073613146545814757551253161956733402353082670963543317803177372000327010129928770160049576307796863047176827952301080576.000000 4.171183e-178 4.095212e-178 25.000000 111
111111111111111153859806655872514425205251428455169454831978515243189461420836430789019248434342631451593717039591887537325634212066414544812781078393664752907237086338220032.000000 2.339692e-179 2.297076e-179 25.000000 111
1111111111111111675894019761337338551690530266179558893708491155298002802097633491601056152296547356967129983625009974919182569950281306190567570778269523780552936685683343360.000000 1.194575e-179 1.172818e-179 25.000000 111
11111111111111115880246097116655341999222000379377257126597193134636935618485012140261034048065498897983665831583916712097897841393263233154061243818964829796053745594106118144.000000 1.076087e-181 1.056470e-181 25.000000 111
111111111111111158802460971166553419992220003793772571265971931346369356184850121402610340480654988979836658315839167120978978413932632331540612438189648297960537455941061181440.000000 4.602407e-182 4.518585e-182 25.000000 111
1111111111111111644261032143455488985053931384012498948530933292237651475607945871674073163200148268786375159457027385583801167058337512355509450075575229092211814320225160003584.000000 2.000120e-184 1.963719e-184 25.000000 111
11111111111111115092936183071595975007377761534330431824400197431801524825852786933189457430555121592151545763403016710861738480527106586592614684107462384219563588942702443495424.000000 1.843900e-184 1.810317e-184 25.000000 111
111111111111111161726754937619631068819070033789660779531275058242615167700341243600304767917122104687213104283368224268427570325721214161625985374260943095816072323503417687277568.000000 1.897680e-185 1.863118e-185 25.000000 111
1111111111111111530888404520966940138228360990325756105014565911029352321468905441855766130278653936746549869638977785405794219093610955250661145477118876929197231762423030854189056.000000 2.108784e-186 2.070376e-186 25.000000 111
11111111111111117151639135454562639781480182651435730443173598766758576132758536960366334345827971050144563724543472942665547186426268194972717231101653921909860135706601423605071872.000000 1.327672e-186 1.303491e-186 25.000000 111
111111111111111164145370993566053444218015535521644626859624229041725549655307439436428651286113983770729377132819949072225051882302047379862749205694678608627050084736529775797993472.000000 7.997273e-189 7.851398e-189 25.000000 111
1111111111111111759390035711333701699728736011099849109750030428431018883309521277040041587615791465398753933130035976393137238534390626916458261742096555853815321204637049122023538688.000000 8.861018e-189 8.699638e-189 25.000000 111
11111111111111117593900357113337016997287360110998491097500304284310188833095212770400415876157914653987539331300359763931372385343906269164582617420965558538153212046370491220235386880.000000 4.533131e-190 4.450559e-190 25.000000 111
111111111111111175939003571133370169972873601109984910975003042843101888330952127704004158761579146539875393313003597639313723853439062691645826174209655585381532120463704912202353868800.000000 1.411143e-191 1.385438e-191 25.000000 111
1111111111111111759390035711333701699728736011099849109750030428431018883309521277040041587615791465398753933130035976393137238534390626916458261742096555853815321204637049122023538688000.000000 4.338053e-192 4.259042e-192 25.000000 111
11111111111111115661631595604707844649611414645004818948036639431092689504477587044640844731377702385890656040339070782699564369592817680482043286899471730666698875312830116871744979468288.000000 5.839066e-193 5.732721e-193 25.000000 111
111111111111111172074466048116111825277521710177997566676075713136666889673716876252485016472018722003681626731081019676850107821936885514280747513166667929638623446996624163505373053976576.000000 5.279616e-194 5.183455e-194 25.000000 111
1111111111111111658912060112884984737649586846868178157977919856063708918221404739300543888087220427457716002000048949369083221715334020304966216554978876804499695694492949655902037502590976.000000 1.070693e-195 1.051196e-195 25.000000 111
11111111111111116094459798182640779255490826429387401509516500358213409354087935207210988667808469933944357897514399514495489365121061524346932096936286348109904646741143160725806830728511488.000000 5.937384e-196 5.829246e-196 25.000000 111
111111111111111164901884405396080337522948600608229055657266589201523532165888249558465488382594574064505995955032714978517636467468844673091161518270882840579784949041722293923776661664301056.000000 1.592190e-197 1.563186e-197 25.000000 111
1111111111111111775652009608190324814206776768141651854559916631835697357659167215148034138370261731847057302906766184459184134794951788478810512747765447909181480902586524912540433956776968192.000000 1.311026e-198 1.287147e-198 25.000000 111
11111111111111117249987433864985162386158604633179073353650163359075125432590533273226824365525353353662583655641905705895810267468464517796509537217428001078280283377188041232193670207233851392.000000 1.308033e-199 1.284209e-199 25.000000 111
111111111111111164395351743179162251767039437559991610465317586242241684021887110680211971364417310099698006581606958839821605386987791306099565928010656362566250423393045086030565992303765225472.000000 5.818054e-201 5.712089e-201 25.000000 111
1111111111111111546699246286143350052535835070338326627798967294240301996570652442177444446154138419753846106118324409768578086417515666598609305950143079847063875309384426944809211405814772793344.000000 2.240529e-202 2.199722e-202 25.000000 111
11111111111111114948303016751309380711307367741988122401433893912098407466249358210442843034927865897575079942795269811661045037762558018186699175074958884984779398829598808565444388632959037472768.000000 8.983174e-203 8.819560e-203 25.000000 111
111111111111111137034483460870114931575850086346397770977000242393673374675521593032469996110554219776629652586641315252016790543723212634681538524514262926187169485954097024470898476125061803671552.000000 5.578385e-203 5.476784e-203 25.000000 111
1111111111111111469933208261844980320056289592051845334068711997755219346650991842900367435015337711359265700596904215436917184108451066724299011055025236651156690878276098734177348042886846605164544.000000 8.604818e-205 8.448140e-205 25.000000 111
11111111111111115496039071843600451234945205749221394335076796568100078265676125729609014141431741222336410403812970657703166070454262190262859117029313225625846876932642015257520386681958294599237632.000000 6.520156e-205 6.401406e-205 25.000000 111
111111111111111103971143408026363038148984228455225719709828663885936155510123990057348394772502109263763886576118282363656030024878524429356974755633237272944550807734034365967401866621833918946476032.000000 9.863435e-205 9.683784e-205 25.000000 111
211111111111111100944455629277399204096434556000728082358070414836283003945678065591544733177208361131791398992092164771838165759246802913996359796680477150815574398800824347778583679928001047801364480.000000 6.003312e-205 5.893979e-205 25.000000 111
311111111111111131910599390801529686177530102904222594100271700316672937145656985951568902676458148306219056382740329988937388613391146380816822447500980350895876630929204853994966826699334194686853120.000000 5.923059e-205 5.815183e-205 25.000000 111
411111111111111094891080071779471535991335211091732807654553916736976700816786216659937409986620864867846423824039929588202437227983359883275129878774956906557621580934404311400947306540335305511141376.000000 4.762883e-205 4.676132e-205 25.000000 111
511111111111111057871560752757413385805140319279243021208836133157280464487915447368305917296783581429473791265339529187467485842575573385733437310048933462219366530939603768806927786381336416335429632.000000 6.245531e-205 6.131776e-205 25.000000 111
611111111111111020852041433735355235618945427466753234763118349577584228159044678076674424606946297991101158706639128786732534457167786888191744741322910017881111480944803226212908266222337527159717888.000000 8.902889e-205 8.740737e-205 25.000000 111
711111111111110983832522114713297085432750535654263448317400565997887991830173908785042931917109014552728526147938728385997583071760000390650052172596886573542856430950002683618888746063338637984006144.000000 3.531305e-205 3.466999e-205 25.000000 111
811111111111110946813002795691238935246555643841773661871682782418191755501303139493411439227271731114355893589238327985262631686352213893108359603870863129204601380955202141024869225904339748808294400.000000 1.246368e-204 1.223668e-204 25.000000 111
911111111111110909793483476669180785060360752029283875425964998838495519172432370201779946537434447675983261030537927584527680300944427395566667035144839684866346330960401598430849705745340859632582656.000000 9.728235e-205 9.551065e-205 25.000000 111
1011111111111110872773964157647122634874165860216794088980247215258799282843561600910148453847597164237610628471837527183792728915536640898024974466418816240528091280965601055836830185586341970456870912.000000 4.567737e-206 4.484666e-206 25.000000 111
1111111111111110835754444838625064484687970968404304302534529431679103046514690831618516961157759880799237995913137126783057777530128854400483281897692792796189836230970800513242810665427343081281159168.000000 5.953674e-205 5.845239e-205 25.000000 111
1211111111111110798734925519603006334501776076591814516088811648099406810185820062326885468467922597360865363354436726382322826144721067902941589328966769351851581180975999970648791145268344192105447424.000000 6.171670e-206 6.059313e-206 25.000000 111
1311111111111110897686732361673325448850162062211293326018932002639882912914648672338565300156259455148093310694433457217256223238417541334124207199333799196350440695227561525675576958970009375052136448.000000 1.284043e-204 1.260657e-204 25.000000 111
1411111111111110996638539203743644563198548047830772135949052357180359015643477282350245131844596312935321258034430188052189620332114014765306825069700829040849300209479123080702362772671674557998825472.000000 1.234327e-205 1.211866e-205 25.000000 111
1511111111111111095590346045813963677546934033450250945879172711720835118372305892361924963532933170722549205374426918887123017425810488196489442940067858885348159723730684635729148586373339740945514496.000000 6.764770e-205 6.641560e-205 25.000000 111
1611111111111111194542152887884282791895320019069729755809293066261311221101134502373604795221270028509777152714423649722056414519506961627672060810434888729847019237982246190755934400075004923892203520.000000 1.052910e-204 1.033733e-204 25.000000 111
1711111111111111293493959729954601906243706004689208565739413420801787323829963112385284626909606886297005100054420380556989811613203435058854678680801918574345878752233807745782720213776670106838892544.000000 1.048413e-204 1.029319e-204 25.000000 111
1811111111111111392445766572024921020592091990308687375669533775342263426558791722396964458597943744084233047394417111391923208706899908490037296551168948418844738266485369300809506027478335289785581568.000000 2.001381e-205 1.964944e-205 25.000000 111
1911111111111111491397573414095240134940477975928166185599654129882739529287620332408644290286280601871460994734413842226856605800596381921219914421535978263343597780736930855836291841180000472732270592.000000 7.017342e-205 6.889536e-205 25.000000 111
2011111111111111590349380256165559249288863961547644995529774484423215632016448942420324121974617459658688942074410573061790002894292855352402532291903008107842457294988492410863077654881665655678959616.000000 3.869778e-205 3.799302e-205 25.000000 111
2111111111111111689301187098235878363637249947167123805459894838963691734745277552432003953662954317445916889414407303896723399987989328783585150162270037952341316809240053965889863468583330838625648640.000000 3.892290e-205 3.821401e-205 25.000000 111
2211111111111111788252993940306197477985635932786602615390015193504167837474106162443683785351291175233144836754404034731656797081685802214767768032637067796840176323491615520916649282284996021572337664.000000 1.052424e-204 1.033256e-204 25.000000 111
2311111111111111887204800782376516592334021918406081425320135548044643940202934772455363617039628033020372784094400765566590194175382275645950385903004097641339035837743177075943435095986661204519026688.000000 1.021400e-204 1.002798e-204 25.000000 111
2411111111111111986156607624446835706682407904025560235250255902585120042931763382467043448727964890807600731434397496401523591269078749077133003773371127485837895351994738630970220909688326387465715712.000000 1.869179e-204 1.835135e-204 25.000000 111
2511111111111112085108414466517154821030793889645039045180376257125596145660591992478723280416301748594828678774394227236456988362775222508315621643738157330336754866246300185997006723389991570412404736.000000 1.209087e-204 1.187069e-204 25.000000 111
2611111111111112184060221308587473935379179875264517855110496611666072248389420602490403112104638606382056626114390958071390385456471695939498239514105187174835614380497861741023792537091656753359093760.000000 4.129645e-205 4.054411e-205 25.000000 111
2711111111111112283012028150657793049727565860883996665040616966206548351118249212502082943792975464169284573454387688906323782550168169370680857384472217019334473894749423296050578350793321936305782784.000000 1.308274e-204 1.284446e-204 25.000000 111
2811111111111112381963834992728112164075951846503475474970737320747024453847077822513762775481312321956512520794384419741257179643864642801863475254839246863833333409000984851077364164494987119252471808.000000 2.788450e-205 2.737643e-205 25.000000 111
2911111111111112480915641834798431278424337832122954284900857675287500556575906432525442607169649179743740468134381150576190576737561116233046093125206276708332192923252546406104149978196652302199160832.000000 9.804990e-206 9.626403e-206 25.000000 111
3011111111111112579867448676868750392772723817742433094830978029827976659304735042537122438857986037530968415474377881411123973831257589664228710995573306552831052437504107961130935791898317485145849856.000000 5.460059e-206 5.360614e-206 25.000000 111
3111111111111112678819255518939069507121109803361911904761098384368452762033563652548802270546322895318196362814374612246057370924954063095411328865940336397329911951755669516157721605599982668092538880.000000 1.939928e-206 1.904596e-206 25.000000 111
3211111111111112777771062361009388621469495788981390714691218738908928864762392262560482102234659753105424310154371343080990768018650536526593946736307366241828771466007231071184507419301647851039227904.000000 1.776458e-205 1.744104e-205 25.000000 111
3311111111111112876722869203079707735817881774600869524621339093449404967491220872572161933922996610892652257494368073915924165112347009957776564606674396086327630980258792626211293233003313033985916928.000000 1.466264e-206 1.439555e-206 25.000000 111
3411111111111112975674676045150026850166267760220348334551459447989881070220049482583841765611333468679880204834364804750857562206043483388959182477041425930826490494510354181238079046704978216932605952.000000 5.695783e-205 5.592044e-205 25.000000 111
3511111111111113074626482887220345964514653745839827144481579802530357172948878092595521597299670326467108152174361535585790959299739956820141800347408455775325350008761915736264864860406643399879294976.000000 1.151269e-206 9.207585e-207 45.000000 60
3611111111111113173578289729290665078863039731459305954411700157070833275677706702607201428988007184254336099514358266420724356393436430251324418217775485619824209523013477291291650674108308582825984000.000000 5.748646e-205 5.643943e-205 25.000000 111
3711111111111113272530096571360984193211425717078784764341820511611309378406535312618881260676344042041564046854354997255657753487132903682507036088142515464323069037265038846318436487809973765772673024.000000 2.329849e-205 2.287419e-205 25.000000 111
3811111111111113371481903413431303307559811702698263574271940866151785481135363922630561092364680899828791994194351728090591150580829377113689653958509545308821928551516600401345222301511638948719362048.000000 1.863840e-205 1.829895e-205 25.000000 111
3911111111111113470433710255501622421908197688317742384202061220692261583864192532642240924053017757616019941534348458925524547674525850544872271828876575153320788065768161956372008115213304131666051072.000000 2.499254e-206 2.453731e-206 25.000000 111
4011111111111113569385517097571941536256583673937221194132181575232737686593021142653920755741354615403247888874345189760457944768222323976054889699243604997819647580019723511398793928914969314612740096.000000 6.463661e-205 6.345939e-205 25.000000 111
4111111111111113668337323939642260650604969659556700004062301929773213789321849752665600587429691473190475836214341920595391341861918797407237507569610634842318507094271285066425579742616634497559429120.000000 1.430400e-205 1.404353e-205 25.000000 111
4211111111111113767289130781712579764953355645176178813992422284313689892050678362677280419118028330977703783554338651430324738955615270838420125439977664686817366608522846621452365556318299680506118144.000000 5.679226e-205 5.575789e-205 25.000000 111
4311111111111113866240937623782898879301741630795657623922542638854165994779506972688960250806365188764931730894335382265258136049311744269602743310344694531316226122774408176479151370019964863452807168.000000 8.516144e-205 8.361036e-205 25.000000 111
4411111111111113965192744465853217993650127616415136433852662993394642097508335582700640082494702046552159678234332113100191533143008217700785361180711724375815085637025969731505937183721630046399496192.000000 8.381629e-205 8.228980e-205 25.000000 111
4511111111111114064144551307923537107998513602034615243782783347935118200237164192712319914183038904339387625574328843935124930236704691131967979051078754220313945151277531286532722997423295229346185216.000000 9.796457e-205 9.618027e-205 25.000000 111
4611111111111114163096358149993856222346899587654094053712903702475594302965992802723999745871375762126615572914325574770058327330401164563150596921445784064812804665529092841559508811124960412292874240.000000 5.592674e-205 5.490824e-205 25.000000 111
4711111111111114262048164992064175336695285573273572863643024057016070405694821412735679577559712619913843520254322305604991724424097637994333214791812813909311664179780654396586294624826625595239563264.000000 8.252405e-205 8.102099e-205 25.000000 111
4811111111111114360999971834134494451043671558893051673573144411556546508423650022747359409248049477701071467594319036439925121517794111425515832662179843753810523694032215951613080438528290778186252288.000000 8.472465e-205 8.318158e-205 25.000000 111
4911111111111113916066474031835304507253734034784656097999912213616333254921681115545793943423689770585897095339527242332185124695073545141801208776174660442960924951298329116156644916787299672643338240.000000 3.187898e-205 3.129827e-205 25.000000 111
5011111111111113471132976229536114563463796510676260522426680015676120001419712208344228477599330063470722723084735448224445127872352978858086584890169477132111326208564442280700209395046308567100424192.000000 1.834703e-206 1.264103e-206 55.000000 60
5111111111111113026199478427236924619673858986567864946853447817735906747917743301142663011774970356355548350829943654116705131049632412574371961004164293821261727465830555445243773873305317461557510144.000000 2.263195e-205 2.221975e-205 25.000000 111
5211111111111112581265980624937734675883921462459469371280215619795693494415774393941097545950610649240373978575151860008965134226911846290657337118159110510412128723096668609787338351564326356014596096.000000 6.005096e-205 5.895723e-205 25.000000 111
5311111111111112136332482822638544732093983938351073795706983421855480240913805486739532080126250942125199606320360065901225137404191280006942713232153927199562529980362781774330902829823335250471682048.000000 5.710700e-205 5.606692e-205 25.000000 111
5411111111111111691398985020339354788304046414242678220133751223915266987411836579537966614301891235010025234065568271793485140581470713723228089346148743888712931237628894938874467308082344144928768000.000000 6.016074e-206 5.906460e-206 25.000000 111
5511111111111111246465487218040164844514108890134282644560519025975053733909867672336401148477531527894850861810776477685745143758750147439513465460143560577863332494895008103418031786341353039385853952.000000 1.344034e-204 1.319555e-204 25.000000 111
5611111111111110801531989415740974900724171366025887068987286828034840480407898765134835682653171820779676489555984683578005146936029581155798841574138377267013733752161121267961596264600361933842939904.000000 1.370500e-204 1.345538e-204 25.000000 111
5711111111111110356598491613441784956934233841917491493414054630094627226905929857933270216828812113664502117301192889470265150113309014872084217688133193956164135009427234432505160742859370828300025856.000000 7.451777e-206 7.315815e-206 25.000000 111
5811111111111109911664993811142595013144296317809095917840822432154413973403960950731704751004452406549327745046401095362525153290588448588369593802128010645314536266693347597048725221118379722757111808.000000 4.747977e-206 4.661501e-206 25.000000 111
5911111111111109466731496008843405069354358793700700342267590234214200719901992043530139285180092699434153372791609301254785156467867882304654969916122827334464937523959460761592289699377388617214197760.000000 3.832232e-205 3.762434e-205 25.000000 111
6011111111111109021797998206544215125564421269592304766694358036273987466400023136328573819355732992318979000536817507147045159645147316020940346030117644023615338781225573926135854177636397511671283712.000000 1.132402e-204 1.111778e-204 25.000000 111
6111111111111108576864500404245025181774483745483909191121125838333774212898054229127008353531373285203804628282025713039305162822426749737225722144112460712765740038491687090679418655895406406128369664.000000 1.159443e-205 1.138310e-205 25.000000 111
6211111111111108131931002601945835237984546221375513615547893640393560959396085321925442887707013578088630256027233918931565165999706183453511098258107277401916141295757800255222983134154415300585455616.000000 4.880338e-205 4.791453e-205 25.000000 111
6311111111111107686997504799646645294194608697267118039974661442453347705894116414723877421882653870973455883772442124823825169176985617169796474372102094091066542553023913419766547612413424195042541568.000000 2.763180e-205 2.712857e-205 25.000000 111
6411111111111107242064006997347455350404671173158722464401429244513134452392147507522311956058294163858281511517650330716085172354265050886081850486096910780216943810290026584310112090672433089499627520.000000 2.280060e-205 2.238532e-205 25.000000 111
6511111111111106797130509195048265406614733649050326888828197046572921198890178600320746490233934456743107139262858536608345175531544484602367226600091727469367345067556139748853676568931441983956713472.000000 4.767083e-205 4.680260e-205 25.000000 111
6611111111111106352197011392749075462824796124941931313254964848632707945388209693119181024409574749627932767008066742500605178708823918318652602714086544158517746324822252913397241047190450878413799424.000000 7.321546e-205 7.188197e-205 25.000000 111
6711111111111105907263513590449885519034858600833535737681732650692494691886240785917615558585215042512758394753274948392865181886103352034937978828081360847668147582088366077940805525449459772870885376.000000 3.173047e-206 3.115324e-206 25.000000 111
6811111111111105462330015788150695575244921076725140162108500452752281438384271878716050092760855335397584022498483154285125185063382785751223354942076177536818548839354479242484370003708468667327971328.000000 1.416208e-205 1.390414e-205 25.000000 111
6911111111111105017396517985851505631454983552616744586535268254812068184882302971514484626936495628282409650243691360177385188240662219467508731056070994225968950096620592407027934481967477561785057280.000000 5.753401e-205 5.648613e-205 25.000000 111
7011111111111104572463020183552315687665046028508349010962036056871854931380334064312919161112135921167235277988899566069645191417941653183794107170065810915119351353886705571571498960226486456242143232.000000 4.391524e-205 4.311534e-205 25.000000 111
7111111111111104127529522381253125743875108504399953435388803858931641677878365157111353695287776214052060905734107771961905194595221086900079483284060627604269752611152818736115063438485495350699229184.000000 6.538811e-205 6.419715e-205 25.000000 111
7211111111111103682596024578953935800085170980291557859815571660991428424376396249909788229463416506936886533479315977854165197772500520616364859398055444293420153868418931900658627916744504245156315136.000000 4.278053e-205 4.200140e-205 25.000000 111
7311111111111103237662526776654745856295233456183162284242339463051215170874427342708222763639056799821712161224524183746425200949779954332650235512050260982570555125685045065202192395003513139613401088.000000 2.525241e-205 2.479246e-205 25.000000 111
7411111111111102792729028974355555912505295932074766708669107265111001917372458435506657297814697092706537788969732389638685204127059388048935611626045077671720956382951158229745756873262522034070487040.000000 3.970191e-205 3.897881e-205 25.000000 111
7511111111111102347795531172056365968715358407966371133095875067170788663870489528305091831990337385591363416714940595530945207304338821765220987740039894360871357640217271394289321351521530928527572992.000000 4.599881e-205 4.516101e-205 25.000000 111
7611111111111101902862033369757176024925420883857975557522642869230575410368520621103526366165977678476189044460148801423205210481618255481506363854034711050021758897483384558832885829780539822984658944.000000 1.716338e-205 1.685081e-205 25.000000 111
7711111111111101457928535567457986081135483359749579981949410671290362156866551713901960900341617971361014672205357007315465213658897689197791739968029527739172160154749497723376450308039548717441744896.000000 6.363562e-205 6.247661e-205 25.000000 111
7811111111111101012995037765158796137345545835641184406376178473350148903364582806700395434517258264245840299950565213207725216836177122914077116082024344428322561412015610887920014786298557611898830848.000000 1.676367e-204 1.645835e-204 25.000000 111
7911111111111100568061539962859606193555608311532788830802946275409935649862613899498829968692898557130665927695773419099985220013456556630362492196019161117472962669281724052463579264557566506355916800.000000 1.540925e-204 1.512862e-204 25.000000 111
8011111111111100123128042160560416249765670787424393255229714077469722396360644992297264502868538850015491555440981624992245223190735990346647868310013977806623363926547837217007143742816575400813002752.000000 6.078738e-206 5.967722e-206 25.000000 111
8111111111111099678194544358261226305975733263315997679656481879529509142858676085095699037044179142900317183186189830884505226368015424062933244424008794495773765183813950381550708221075584295270088704.000000 1.351788e-205 1.327168e-205 25.000000 111
8211111111111099233261046555962036362185795739207602104083249681589295889356707177894133571219819435785142810931398036776765229545294857779218620538003611184924166441080063546094272699334593189727174656.000000 6.808925e-206 6.684912e-206 25.000000 111
8311111111111098788327548753662846418395858215099206528510017483649082635854738270692568105395459728669968438676606242669025232722574291495503996651998427874074567698346176710637837177593602084184260608.000000 1.832832e-205 1.799451e-205 25.000000 111
8411111111111098343394050951363656474605920690990810952936785285708869382352769363491002639571100021554794066421814448561285235899853725211789372765993244563224968955612289875181401655852610978641346560.000000 5.738837e-207 5.634272e-207 25.000000 111
8511111111111097898460553149064466530815983166882415377363553087768656128850800456289437173746740314439619694167022654453545239077133158928074748879988061252375370212878403039724966134111619873098432512.000000 3.475572e-205 3.412272e-205 25.000000 111
8611111111111097453527055346765276587026045642774019801790320889828442875348831549087871707922380607324445321912230860345805242254412592644360124993982877941525771470144516204268530612370628767555518464.000000 2.328155e-205 2.285750e-205 25.000000 111
8711111111111097008593557544466086643236108118665624226217088691888229621846862641886306242098020900209270949657439066238065245431692026360645501107977694630676172727410629368812095090629637662012604416.000000 1.034848e-205 1.016000e-205 25.000000 111
8811111111111096563660059742166896699446170594557228650643856493948016368344893734684740776273661193094096577402647272130325248608971460076930877221972511319826573984676742533355659568888646556469690368.000000 5.998223e-205 5.888975e-205 25.000000 111
8911111111111096118726561939867706755656233070448833075070624296007803114842924827483175310449301485978922205147855478022585251786250893793216253335967328008976975241942855697899224047147655450926776320.000000 7.335564e-205 7.201957e-205 25.000000 111
9011111111111095673793064137568516811866295546340437499497392098067589861340955920281609844624941778863747832893063683914845254963530327509501629449962144698127376499208968862442788525406664345383862272.000000 4.536101e-205 4.453475e-205 25.000000 111
9111111111111095228859566335269326868076358022232041923924159900127376607838987013080044378800582071748573460638271889807105258140809761225787005563956961387277777756475082026986353003665673239840948224.000000 5.366169e-205 5.268433e-205 25.000000 111
9211111111111094783926068532970136924286420498123646348350927702187163354337018105878478912976222364633399088383480095699365261318089194942072381677951778076428179013741195191529917481924682134298034176.000000 8.850313e-207 8.688749e-207 25.000000 111
9311111111111094338992570730670946980496482974015250772777695504246950100835049198676913447151862657518224716128688301591625264495368628658357757791946594765578580271007308356073481960183691028755120128.000000 6.301274e-205 6.186506e-205 25.000000 111
9411111111111093894059072928371757036706545449906855197204463306306736847333080291475347981327502950403050343873896507483885267672648062374643133905941411454728981528273421520617046438442699923212206080.000000 4.383700e-205 4.303865e-205 25.000000 111
9511111111111093449125575126072567092916607925798459621631231108366523593831111384273782515503143243287875971619104713376145270849927496090928510019936228143879382785539534685160610916701708817669292032.000000 6.013657e-205 5.904130e-205 25.000000 111
9611111111111093004192077323773377149126670401690064046057998910426310340329142477072217049678783536172701599364312919268405274027206929807213886133931044833029784042805647849704175394960717712126377984.000000 3.516107e-205 3.452063e-205 25.000000 111
9711111111111092559258579521474187205336732877581668470484766712486097086827173569870651583854423829057527227109521125160665277204486363523499262247925861522180185300071761014247739873219726606583463936.000000 4.039125e-205 3.965557e-205 25.000000 111
9811111111111093202095691007914015377823442372929021665918239619507262545786799697095576713055457251747157494044306380938272068214599876669579121874665104522027503071308770959757747022364048078019756032.000000 7.453579e-205 7.317824e-205 25.000000 111
9911111111111093844932802494353843550310151868276374861351712526528428004746425824320501842256490674436787760979091636715878859224713389815658981501404347521874820842545780905267754171508369549456048128.000000 1.317273e-206 1.314643e-206 5.000000 29
10011111111111094487769913980793671722796861363623728056785185433549593463706051951545426971457524097126418027913876892493485650234826902961738841128143590521722138613782790850777761320652691020892340224.000000 6.909432e-205 6.783589e-205 25.000000 111
10111111111111095130607025467233499895283570858971081252218658340570758922665678078770352100658557519816048294848662148271092441244940416107818700754882833521569456385019800796287768469797012492328632320.000000 5.527190e-205 5.426526e-205 25.000000 111
10211111111111095773444136953673328067770280354318434447652131247591924381625304205995277229859590942505678561783447404048699232255053929253898560381622076521416774156256810741797775618941333963764924416.000000 5.261199e-205 5.165379e-205 25.000000 111
10311111111111096416281248440113156240256989849665787643085604154613089840584930333220202359060624365195308828718232659826306023265167442399978420008361319521264091927493820687307782768085655435201216512.000000 4.113436e-205 4.038515e-205 25.000000 111
10411111111111097059118359926552984412743699345013140838519077061634255299544556460445127488261657787884939095653017915603912814275280955546058279635100562521111409698730830632817789917229976906637508608.000000 2.408780e-205 2.364910e-205 25.000000 111
10511111111111097701955471412992812585230408840360494033952549968655420758504182587670052617462691210574569362587803171381519605285394468692138139261839805520958727469967840578327797066374298378073800704.000000 6.998031e-205 6.870576e-205 25.000000 111
10611111111111098344792582899432640757717118335707847229386022875676586217463808714894977746663724633264199629522588427159126396295507981838217998888579048520806045241204850523837804215518619849510092800.000000 2.257987e-205 2.216867e-205 25.000000 111
10711111111111098987629694385872468930203827831055200424819495782697751676423434842119902875864758055953829896457373682936733187305621494984297858515318291520653363012441860469347811364662941320946384896.000000 7.496957e-205 7.360414e-205 25.000000 111
10811111111111099630466805872312297102690537326402553620252968689718917135383060969344828005065791478643460163392158938714339978315735008130377718142057534520500680783678870414857818513807262792382676992.000000 1.844971e-205 1.811361e-205 25.000000 111
10911111111111100273303917358752125275177246821749906815686441596740082594342687096569753134266824901333090430326944194491946769325848521276457577768796777520347998554915880360367825662951584263818969088.000000 4.776962e-205 4.689959e-205 25.000000 111
11011111111111100916141028845191953447663956317097260011119914503761248053302313223794678263467858324022720697261729450269553560335962034422537437395536020520195316326152890305877832812095905735255261184.000000 2.169183e-205 2.129678e-205 25.000000 111
11111111111111101558978140331631781620150665812444613206553387410782413512261939351019603392668891746712350964196514706047160351346075547568617297022275263520042634097389900251387839961240227206691553280.000000 3.465557e-205 3.402439e-205 25.000000 111
11211111111111102201815251818071609792637375307791966401986860317803578971221565478244528521869925169401981231131299961824767142356189060714697156649014506519889951868626910196897847110384548678127845376.000000 5.602707e-206 5.500681e-206 25.000000 111
11311111111111102844652363304511437965124084803139319597420333224824744430181191605469453651070958592091611498066085217602373933366302573860777016275753749519737269639863920142407854259528870149564137472.000000 4.320612e-205 4.241922e-205 25.000000 111
11411111111111103487489474790951266137610794298486672792853806131845909889140817732694378780271992014781241765000870473379980724376416087006856875902492992519584587411100930087917861408673191621000429568.000000 1.654108e-206 1.624005e-206 25.000000 111
11511111111111104130326586277391094310097503793834025988287279038867075348100443859919303909473025437470872031935655729157587515386529600152936735529232235519431905182337940033427868557817513092436721664.000000 8.855489e-206 8.694203e-206 25.000000 111
11611111111111104773163697763830922482584213289181379183720751945888240807060069987144229038674058860160502298870440984935194306396643113299016595155971478519279222953574949978937875706961834563873013760.000000 1.053253e-204 1.034070e-204 25.000000 111
11711111111111105416000809250270750655070922784528732379154224852909406266019696114369154167875092282850132565805226240712801097406756626445096454782710721519126540724811959924447882856106156035309305856.000000 9.620674e-205 9.445459e-205 25.000000 111
11811111111111106058837920736710578827557632279876085574587697759930571724979322241594079297076125705539762832740011496490407888416870139591176314409449964518973858496048969869957890005250477506745597952.000000 5.523349e-205 5.422764e-205 25.000000 111
11911111111111106701675032223150407000044341775223438770021170666951737183938948368819004426277159128229393099674796752268014679426983652737256174036189207518821176267285979815467897154394798978181890048.000000 5.842989e-205 5.736569e-205 25.000000 111
12011111111111107344512143709590235172531051270570791965454643573972902642898574496043929555478192550919023366609582008045621470437097165883336033662928450518668494038522989760977904303539120449618182144.000000 2.499529e-205 2.454010e-205 25.000000 111
12111111111111107987349255196030063345017760765918145160888116480994068101858200623268854684679225973608653633544367263823228261447210679029415893289667693518515811809759999706487911452683441921054474240.000000 6.651843e-206 6.530701e-206 25.000000 111
12211111111111108630186366682469891517504470261265498356321589388015233560817826750493779813880259396298283900479152519600835052457324192175495752916406936518363129580997009651997918601827763392490766336.000000 1.472420e-204 1.445603e-204 25.000000 111
12311111111111109273023478168909719689991179756612851551755062295036399019777452877718704943081292818987914167413937775378441843467437705321575612543146179518210447352234019597507925750972084863927058432.000000 1.150250e-204 1.129303e-204 25.000000 111
12411111111111109915860589655349547862477889251960204747188535202057564478737079004943630072282326241677544434348723031156048634477551218467655472169885422518057765123471029543017932900116406335363350528.000000 5.701988e-205 5.598120e-205 25.000000 111
12511111111111110558697701141789376034964598747307557942622008109078729937696705132168555201483359664367174701283508286933655425487664731613735331796624665517905082894708039488527940049260727806799642624.000000 4.081722e-205 4.007384e-205 25.000000 111
12611111111111111201534812628229204207451308242654911138055481016099895396656331259393480330684393087056804968218293542711262216497778244759815191423363908517752400665945049434037947198405049278235934720.000000 8.739542e-205 8.580364e-205 25.000000 111
12711111111111111844371924114669032379938017738002264333488953923121060855615957386618405459885426509746435235153078798488869007507891757905895051050103151517599718437182059379547954347549370749672226816.000000 1.626094e-204 1.596477e-204 25.000000 111
12811111111111112487209035601108860552424727233349617528922426830142226314575583513843330589086459932436065502087864054266475798518005271051974910676842394517447036208419069325057961496693692221108518912.000000 4.191265e-205 4.114897e-205 25.000000 111
12911111111111113130046147087548688724911436728696970724355899737163391773535209641068255718287493355125695769022649310044082589528118784198054770303581637517294353979656079270567968645838013692544811008.000000 5.465078e-205 5.365545e-205 25.000000 111
13011111111111113772883258573988516897398146224044323919789372644184557232494835768293180847488526777815326035957434565821689380538232297344134629930320880517141671750893089216077975794982335163981103104.000000 7.923833e-205 7.779516e-205 25.000000 111
13111111111111114415720370060428345069884855719391677115222845551205722691454461895518105976689560200504956302892219821599296171548345810490214489557060123516988989522130099161587982944126656635417395200.000000 2.257003e-205 2.215904e-205 25.000000 111
13211111111111115058557481546868173242371565214739030310656318458226888150414088022743031105890593623194586569827005077376902962558459323636294349183799366516836307293367109107097990093270978106853687296.000000 9.938398e-205 9.757389e-205 25.000000 111
13311111111111115701394593033308001414858274710086383506089791365248053609373714149967956235091627045884216836761790333154509753568572836782374208810538609516683625064604119052607997242415299578289979392.000000 2.842683e-205 2.790920e-205 25.000000 111
13411111111111116344231704519747829587344984205433736701523264272269219068333340277192881364292660468573847103696575588932116544578686349928454068437277852516530942835841128998118004391559621049726271488.000000 2.677429e-205 2.628665e-205 25.000000 111
13511111111111116987068816006187657759831693700781089896956737179290384527292966404417806493493693891263477370631360844709723335588799863074533928064017095516378260607078138943628011540703942521162563584.000000 9.022068e-205 8.857746e-205 25.000000 111
13611111111111117629905927492627485932318403196128443092390210086311549986252592531642731622694727313953107637566146100487330126598913376220613787690756338516225578378315148889138018689848263992598855680.000000 5.829383e-205 5.723204e-205 25.000000 111
13711111111111118272743038979067314104805112691475796287823682993332715445212218658867656751895760736642737904500931356264936917609026889366693647317495581516072896149552158834648025838992585464035147776.000000 1.195231e-205 1.173466e-205 25.000000 111
13811111111111118915580150465507142277291822186823149483257155900353880904171844786092581881096794159332368171435716612042543708619140402512773506944234824515920213920789168780158032988136906935471439872.000000 7.553561e-205 7.415988e-205 25.000000 111
13911111111111119558417261951946970449778531682170502678690628807375046363131470913317507010297827582021998438370501867820150499629253915658853366570974067515767531692026178725668040137281228406907731968.000000 1.524101e-205 1.496348e-205 25.000000 111
14011111111111120201254373438386798622265241177517855874124101714396211822091097040542432139498861004711628705305287123597757290639367428804933226197713310515614849463263188671178047286425549878344024064.000000 1.691514e-206 1.379543e-206 55.000000 60
14111111111111120844091484924826626794751950672865209069557574621417377281050723167767357268699894427401258972240072379375364081649480941951013085824452553515462167234500198616688054435569871349780316160.000000 8.492819e-205 8.338136e-205 25.000000 111
14211111111111121486928596411266454967238660168212562264991047528438542740010349294992282397900927850090889239174857635152970872659594455097092945451191796515309485005737208562198061584714192821216608256.000000 1.146176e-204 1.125300e-204 25.000000 111
14311111111111122129765707897706283139725369663559915460424520435459708198969975422217207527101961272780519506109642890930577663669707968243172805077931039515156802776974218507708068733858514292652900352.000000 4.887325e-206 4.798478e-206 25.000000 111
14411111111111122772602819384146111312212079158907268655857993342480873657929601549442132656302994695470149773044428146708184454679821481389252664704670282515004120548211228453218075883002835764089192448.000000 1.245475e-204 1.222791e-204 25.000000 111
14511111111111123415439930870585939484698788654254621851291466249502039116889227676667057785504028118159780039979213402485791245689934994535332524331409525514851438319448238398728083032147157235525484544.000000 1.287465e-204 1.264015e-204 25.000000 111
14611111111111124058277042357025767657185498149601975046724939156523204575848853803891982914705061540849410306913998658263398036700048507681412383958148768514698756090685248344238090181291478706961776640.000000 1.751448e-205 1.719527e-205 25.000000 111
14711111111111124701114153843465595829672207644949328242158412063544370034808479931116908043906094963539040573848783914041004827710162020827492243584888011514546073861922258289748097330435800178398068736.000000 9.801109e-205 9.622594e-205 25.000000 111
14811111111111125343951265329905424002158917140296681437591884970565535493768106058341833173107128386228670840783569169818611618720275533973572103211627254514393391633159268235258104479580121649834360832.000000 2.774972e-205 2.724443e-205 25.000000 111
14911111111111125986788376816345252174645626635644034633025357877586700952727732185566758302308161808918301107718354425596218409730389047119651962838366497514240709404396278180768111628724443121270652928.000000 7.520780e-205 7.383804e-205 25.000000 111
15011111111111126629625488302785080347132336130991387828458830784607866411687358312791683431509195231607931374653139681373825200740502560265731822465105740514088027175633288126278118777868764592706945024.000000 8.252666e-205 8.102364e-205 25.000000 111
15111111111111127272462599789224908519619045626338741023892303691629031870646984440016608560710228654297561641587924937151431991750616073411811682091844983513935344946870298071788125927013086064143237120.000000 2.138899e-205 2.099935e-205 25.000000 111
15211111111111127915299711275664736692105755121686094219325776598650197329606610567241533689911262076987191908522710192929038782760729586557891541718584226513782662718107308017298133076157407535579529216.000000 9.691867e-205 9.515349e-205 25.000000 111
15311111111111128558136822762104564864592464617033447414759249505671362788566236694466458819112295499676822175457495448706645573770843099703971401345323469513629980489344317962808140225301729007015821312.000000 3.679755e-205 3.612745e-205 25.000000 111
15411111111111129200973934248544393037079174112380800610192722412692528247525862821691383948313328922366452442392280704484252364780956612850051260972062712513477298260581327908318147374446050478452113408.000000 5.789113e-205 5.683675e-205 25.000000 111
15511111111111129843811045734984221209565883607728153805626195319713693706485488948916309077514362345056082709327065960261859155791070125996131120598801955513324616031818337853828154523590371949888405504.000000 1.519583e-206 1.491864e-206 25.000000 111
15611111111111130486648157221424049382052593103075507001059668226734859165445115076141234206715395767745712976261851216039465946801183639142210980225541198513171933803055347799338161672734693421324697600.000000 4.169345e-205 4.093409e-205 25.000000 111
15711111111111131129485268707863877554539302598422860196493141133756024624404741203366159335916429190435343243196636471817072737811297152288290839852280441513019251574292357744848168821879014892760989696.000000 4.239623e-205 4.162408e-205 25.000000 111
15811111111111131772322380194303705727026012093770213391926614040777190083364367330591084465117462613124973510131421727594679528821410665434370699479019684512866569345529367690358175971023336364197281792.000000 1.287022e-205 1.263579e-205 25.000000 111
15911111111111132415159491680743533899512721589117566587360086947798355542323993457816009594318496035814603777066206983372286319831524178580450559105758927512713887116766377635868183120167657835633573888.000000 7.456035e-207 4.926648e-207 45.000000 60
16011111111111133057996603167183362071999431084464919782793559854819521001283619585040934723519529458504234044000992239149893110841637691726530418732498170512561204888003387581378190269311979307069865984.000000 2.680637e-205 2.631815e-205 25.000000 111
16111111111111133700833714653623190244486140579812272978227032761840686460243245712265859852720562881193864310935777494927499901851751204872610278359237413512408522659240397526888197418456300778506158080.000000 7.160476e-206 7.030054e-206 25.000000 111
16211111111111134343670826140063018416972850075159626173660505668861851919202871839490784981921596303883494577870562750705106692861864718018690137985976656512255840430477407472398204567600622249942450176.000000 6.298245e-205 6.183536e-205 25.000000 111
16311111111111134986507937626502846589459559570506979369093978575883017378162497966715710111122629726573124844805348006482713483871978231164769997612715899512103158201714417417908211716744943721378742272.000000 3.948206e-205 3.876301e-205 25.000000 111
16411111111111135629345049112942674761946269065854332564527451482904182837122124093940635240323663149262755111740133262260320274882091744310849857239455142511950475972951427363418218865889265192815034368.000000 1.833778e-205 1.800377e-205 25.000000 111
16511111111111136272182160599382502934432978561201685759960924389925348296081750221165560369524696571952385378674918518037927065892205257456929716866194385511797793744188437308928226015033586664251326464.000000 2.487050e-205 2.441753e-205 25.000000 111
16611111111111136915019272085822331106919688056549038955394397296946513755041376348390485498725729994642015645609703773815533856902318770603009576492933628511645111515425447254438233164177908135687618560.000000 3.572984e-205 3.507910e-205 25.000000 111
16711111111111137557856383572262159279406397551896392150827870203967679214001002475615410627926763417331645912544489029593140647912432283749089436119672871511492429286662457199948240313322229607123910656.000000 8.901034e-205 8.738919e-205 25.000000 111
16811111111111138200693495058701987451893107047243745346261343110988844672960628602840335757127796840021276179479274285370747438922545796895169295746412114511339747057899467145458247462466551078560202752.000000 1.017035e-204 9.985121e-205 25.000000 111
16911111111111138843530606545141815624379816542591098541694816018010010131920254730065260886328830262710906446414059541148354229932659310041249155373151357511187064829136477090968254611610872549996494848.000000 8.345791e-205 8.193778e-205 25.000000 111
17011111111111139486367718031581643796866526037938451737128288925031175590879880857290186015529863685400536713348844796925961020942772823187329014999890600511034382600373487036478261760755194021432786944.000000 4.148616e-205 4.073047e-205 25.000000 111
17111111111111140129204829518021471969353235533285804932561761832052341049839506984515111144730897108090166980283630052703567811952886336333408874626629843510881700371610496981988268909899515492869079040.000000 1.603153e-204 1.573954e-204 25.000000 111
17211111111111140772041941004461300141839945028633158127995234739073506508799133111740036273931930530779797247218415308481174602962999849479488734253369086510729018142847506927498276059043836964305371136.000000 1.030750e-204 1.011974e-204 25.000000 111
1731111111111114141487905249090112831432665452398051132342870764609467196775875923896496140313296395346942751415320056425878139397311336262556859388010832