0.000000 2.081698e-03 1.503878e-03 59.000000 56
0.000010 3.380648e-04 2.164941e-04 45.000000 80
0.000110 1.509327e-04 9.754412e-05 45.000000 80
0.001110 2.601316e-05 2.242206e-05 3.000000 7
0.011110 3.370344e-06 1.738933e-06 7.000000 7
0.111110 4.619520e-07 3.153327e-07 65.000000 60
1.111110 7.354210e-08 3.896013e-08 83.000000 58
11.111110 4.990107e-09 3.322181e-09 13.000000 36
111.111110 4.583898e-10 3.407060e-10 57.000000 32
1111.111110 4.023123e-11 3.960946e-11 45.000000 36
11111.111110 3.626568e-12 3.618143e-12 57.000000 1
111111.111110 4.248797e-13 4.200409e-13 53.000000 30
1111111.111110 5.670830e-14 5.344266e-14 81.000000 19
11111111.111110 6.522225e-15 6.347417e-15 81.000000 19
111111111.111110 2.400730e-16 2.116065e-16 49.000000 6
1111111111.111110 1.259940e-17 1.254859e-17 39.000000 32
11111111111.111111 4.909270e-19 4.865750e-19 25.000000 36
111111111111.111115 4.366559e-20 4.241382e-20 57.000000 30
1111111111111.111084 3.176957e-21 2.928637e-21 57.000000 30
11111111111111.111328 1.862915e-22 1.687375e-22 57.000000 30
111111111111111.109375 8.226369e-24 7.453199e-24 57.000000 30
1111111111111111.125000 3.641687e-25 3.299461e-25 57.000000 30
11111111111111112.000000 1.313284e-26 1.291943e-26 57.000000 30
111111111111111104.000000 6.006460e-28 5.808754e-28 57.000000 30
1111111111111111168.000000 4.148960e-29 3.246447e-29 21.000000 41
11111111111111110656.000000 4.501139e-30 4.059843e-30 57.000000 30
111111111111111114752.000000 1.479129e-31 1.424852e-31 39.000000 32
1111111111111111081984.000000 2.360555e-32 1.891523e-32 21.000000 41
11111111111111111344128.000000 1.842294e-33 1.514255e-33 21.000000 41
111111111111111109246976.000000 1.263251e-34 1.147660e-34 57.000000 30
1111111111111111092469760.000000 3.334753e-35 2.641286e-35 21.000000 41
11111111111111108777213952.000000 4.382901e-36 4.171903e-36 57.000000 30
111111111111111104952008704.000000 7.024937e-37 5.575495e-37 21.000000 41
1111111111111110912081133568.000000 4.488765e-38 3.912535e-38 57.000000 30
11111111111111109670567149568.000000 1.282445e-39 1.011756e-39 21.000000 41
111111111111111105501764517888.000000 1.024266e-40 9.170470e-41 57.000000 30
1111111111111110914280156823552.000000 9.326162e-42 8.554811e-42 21.000000 41
11111111111111109705751521656832.000000 2.050557e-42 1.619917e-42 21.000000 41
111111111111111097057515216568320.000000 2.218332e-43 2.108696e-43 57.000000 30
1111111111111111114690340241539072.000000 3.324835e-44 2.636713e-44 21.000000 41
11111111111111109993981897808543744.000000 2.824762e-45 2.614843e-45 57.000000 30
111111111111111113774877033367601152.000000 1.363981e-46 1.302066e-46 57.000000 30
1111111111111111027068305891418701824.000000 9.061520e-48 6.967021e-48 21.000000 41
11111111111111108499795627838070063104.000000 8.950460e-49 7.042811e-49 21.000000 41
111111111111111089720322761250345844736.000000 1.517185e-49 1.201758e-49 21.000000 41
1111111111111110859424295749546296737792.000000 4.361550e-50 3.452613e-50 21.000000 41
11111111111111107687548592784491086348288.000000 3.559191e-51 2.829285e-51 21.000000 41
111111111111111081711189206303427562307584.000000 3.136554e-52 2.498454e-52 21.000000 41
1111111111111110971854396973706809985466368.000000 3.458330e-53 2.736307e-53 21.000000 41
11111111111111110028028979558413168579444736.000000 2.859976e-54 2.276779e-54 21.000000 41
111111111111111107707930031296413335189192704.000000 2.116553e-55 1.700583e-55 21.000000 41
1111111111111110997851137798699795758347976704.000000 3.521249e-56 2.821573e-56 21.000000 41
11111111111111110612336678101112658331831369728.000000 3.837834e-57 3.392721e-57 57.000000 30
111111111111111113729270382380502992298532929536.000000 4.539880e-58 3.593162e-58 21.000000 41
1111111111111111177857523031108370770879831867392.000000 3.949777e-59 3.453413e-59 57.000000 30
11111111111111112103093783969510434491954339250176.000000 4.283108e-60 3.379950e-60 21.000000 41
111111111111111128819383127497345787715287886331904.000000 7.180423e-61 5.684448e-61 21.000000 41
1111111111111111122040331801858973764176996328275968.000000 5.297654e-62 4.768496e-62 57.000000 30
11111111111111110888096319072360769415818198212673536.000000 1.898933e-63 1.487931e-63 21.000000 41
111111111111111100905595216014112456735339620444667904.000000 3.385047e-64 2.677496e-64 21.000000 41
1111111111111111179197135620610356299040699920330784768.000000 2.166174e-65 1.879019e-65 57.000000 30
11111111111111112132253723127042026453781606635076059136.000000 1.804511e-66 1.436548e-66 21.000000 41
111111111111111121322537231270420264537816066350760591360.000000 2.857576e-67 2.308796e-67 21.000000 41
1111111111111111126113086380943955998754261160974943780864.000000 5.326843e-68 4.222778e-68 21.000000 41
11111111111111112654927438717603506333525003650272031932416.000000 3.399090e-69 3.007793e-69 57.000000 30
111111111111111115398901787910723492567390900178539566333952.000000 4.112468e-70 3.266691e-70 21.000000 41
1111111111111111332394979467352220057959655182972287711182848.000000 5.215675e-71 4.136589e-71 21.000000 41
11111111111111112610325948320542260050453567104975308920455168.000000 3.852815e-72 3.528122e-72 57.000000 30
111111111111111117539773326969663314154819854352782270908071936.000000 3.919765e-73 3.106371e-73 21.000000 41
1111111111111111358085437936059497917008802633063200166072287232.000000 3.686988e-74 3.395448e-74 57.000000 30
11111111111111112484728151362417790517324401793419736918773465088.000000 2.378772e-75 2.197281e-75 57.000000 30
111111111111111133616291337609595414395353014231895487123329908736.000000 2.681290e-76 2.555993e-76 57.000000 30
1111111111111111195858756192329273996399786201555784984263774961664.000000 8.140083e-77 6.494398e-77 21.000000 41
11111111111111113081020819393426181144427813541663208938393942622208.000000 6.575874e-78 5.856402e-78 57.000000 30
111111111111111121830742134173194282000838523207789216617889882177536.000000 3.223477e-79 2.562819e-79 21.000000 41
1111111111111111170416935689672915996310040633630730178093301253537792.000000 2.933551e-80 2.634674e-80 57.000000 30
11111111111111112087293242113201374552687163123884597685617793081278464.000000 2.412910e-81 1.902116e-81 21.000000 41
111111111111111123937923502863791462243565685539464344093656175179988992.000000 2.754080e-82 2.584470e-82 57.000000 30
1111111111111111288419092336346358089902761724204537316736213661675159552.000000 2.845445e-83 2.652413e-83 57.000000 30
11111111111111112491872064901796033159290778291566222160964921337749438464.000000 7.381870e-84 5.870625e-84 21.000000 41
111111111111111115503068045937939185839223648104162597456116046681442615296.000000 4.961826e-85 4.921607e-85 57.000000 30
1111111111111111230355901284019561024421709559533622967789425800382840307712.000000 3.404177e-86 3.244217e-86 57.000000 30
11111111111111111098355479645952903587745526339464277786242012666733776601088.000000 5.990376e-87 4.762751e-87 21.000000 41
111111111111111120625183062013470689129227817441618392995638089364094777819136.000000 5.367930e-88 4.947429e-88 57.000000 30
1111111111111111257673848036422395708635065129333387210666876694690318507835392.000000 4.256554e-89 3.357011e-89 21.000000 41
11111111111111112576738480364223957086350651293333872106668766946903185078353920.000000 3.320230e-90 2.638699e-90 21.000000 41
111111111111111125767384803642239570863506512933338721066687669469031850783539200.000000 5.412365e-91 4.296104e-91 21.000000 41
1111111111111111257673848036422395708635065129333387210666876694690318507835392000.000000 5.876382e-92 4.657483e-92 21.000000 41
11111111111111112576738480364223957086350651293333872106668766946903185078353920000.000000 3.132835e-93 3.031028e-93 21.000000 41
111111111111111132507371470429899519530260284688246389475973775104174971059441762304.000000 1.697077e-94 1.567608e-94 57.000000 30
1111111111111111486833394707202833963304693369000247936582604286285184597216079118336.000000 1.630311e-95 1.287272e-95 21.000000 41
11111111111111115299693093746438576347719175082316570144020353623501005669818555170816.000000 1.306136e-96 1.187439e-96 57.000000 30
111111111111111149546057764069103869759813819684652975214649050149816779116923439808512.000000 5.130776e-98 4.626743e-98 39.000000 32
1111111111111111605888519189340059296554231993278936991364234056224352673769621978873856.000000 4.168796e-98 3.333132e-98 21.000000 41
11111111111111116942308724282592757757191070304248627827384289000053005798499320435048448.000000 4.142900e-99 3.736928e-99 57.000000 30
111111111111111162355698983712390259238720700070812214963907302498054225498568399180005376.000000 9.780968e-101 9.652860e-101 21.000000 41
1111111111111111651826542873578051865719967012594818402878815374990445584931383212481970176.000000 7.404590e-101 5.853389e-101 21.000000 41
11111111111111115613639731569247741910551349745573903925116398549587549291051457062998376448.000000 6.267513e-102 5.780722e-102 21.000000 41
111111111111111170610408470357001847051886623541727520909912068700945997842712571619124969472.000000 4.801278e-103 3.817190e-103 21.000000 41
1111111111111111648208040084911920758733373731073321282464128354189177958698333712234684874752.000000 6.816743e-104 5.410346e-104 21.000000 41
11111111111111118334753828646178334364469497449739738476961038192140804218304681248956922986496.000000 6.177562e-105 5.677799e-105 57.000000 30
111111111111111175936844575273546836536151933941371282160331363320411943657761435983128932909056.000000 6.202788e-106 4.947278e-106 21.000000 41
1111111111111111877939545131747252479098207988310130463351777930820057012982180383934334080385024.000000 4.232453e-107 3.701627e-107 57.000000 30
11111111111111117830826656285378251881088570691929963499530064927273069518585275646518982793494528.000000 2.215671e-108 1.776852e-108 21.000000 41
111111111111111178308266562853782518810885706919299634995300649272730695185852756465189827934945280.000000 2.627793e-109 2.079873e-109 21.000000 41
1111111111111111722374262746483791721875672480958030517377792772347946912739389760311139366686687232.000000 2.637679e-110 2.550234e-110 57.000000 30
11111111111111118195077073577702452678487678221339758494981347249549229753300102472563536269471121408.000000 6.127691e-111 4.846840e-111 21.000000 41
111111111111111174180095166874108243107029154919321958380186116286934212525751385770018221873877221376.000000 3.634550e-112 3.528176e-112 57.000000 30
1111111111111111803966356219964412700493072567545824596358880012537806805315510969345119345305444155392.000000 2.232645e-113 2.134320e-113 57.000000 30
11111111111111117542340325789857484849548477528637405863132649328030350612691132800291696440521066020864.000000 1.580562e-114 1.399959e-114 57.000000 30
111111111111111187359160931733454260224658730810074221042274112416648724698046773438744892706011673001984.000000 4.642019e-116 4.199248e-116 57.000000 30
1111111111111111905420296447560887700191051189497275976851934775196741163170162255549656735862252764135424.000000 1.352240e-117 1.311902e-117 81.000000 19
11111111111111119818091455601041159352577645048489570162819995376693505620254291063389554769873792460128256.000000 6.156262e-118 4.663501e-118 21.000000 41
111111111111111181884626745334522903378210943209870413216452804439445051113419315798845149592044275134103552.000000 1.408775e-118 1.083286e-118 21.000000 41
1111111111111111786253691831993451653486978417548653555341033745739470500955945968318350699707055452406677504.000000 5.544281e-119 4.416376e-119 21.000000 41
11111111111111117862536918319934516534869784175486535553410337457394705009559459683183506997070554524066775040.000000 7.418305e-120 5.883787e-120 21.000000 41
111111111111111195312767901331455184059804921204491250867732455485296815306857157942926677631959842295059054592.000000 4.893986e-121 4.418942e-121 57.000000 30
1111111111111111819628489268257671690909192576447905346008291907562170031378471090540533915029564046515460112384.000000 3.897387e-122 3.102164e-122 21.000000 41
11111111111111117929286513192462956609714212493285039134744853781040104070404509927627873427715571712284340256768.000000 5.574513e-123 4.433353e-123 21.000000 41
111111111111111162204968844557348906936968475576433474525812358957178881127712236698520928032031316939146707075072.000000 3.817327e-124 3.436927e-124 57.000000 30
1111111111111111690401273595042611706010379353190002412544668304984677449582453817296240505300810770126253852721152.000000 1.201823e-125 1.198479e-125 57.000000 30
11111111111111116630606395352549626513541015142197353456300504188195219942603212371718280153086117298323391399329792.000000 6.643602e-126 5.270333e-126 21.000000 41
111111111111111175055066852657543962625419059892458995975682765454801945129114549356994798328364865877286622085513216.000000 7.411675e-127 5.853044e-127 21.000000 41
1111111111111111680558645333519058046334119331160706268455405865965221485666486088451452008903619115620444556117409792.000000 4.240109e-128 3.717589e-128 57.000000 30
11111111111111115965682175018514001504300338098440458388936997196658639269168948023092568396475836638375385584321429504.000000 4.776317e-129 3.784081e-129 21.000000 41
111111111111111168615800718896356857272772503258181696375951960905184532291645884086093168685402147907263828929642758144.000000 4.533776e-130 4.102930e-130 57.000000 30
1111111111111111757829838938653303310565878010772033863652175520560630439716110071702271564619171731260718073987855286272.000000 1.344273e-131 1.318947e-131 39.000000 59
11111111111111118151673043384050911008364003933242073835663002497676585331558310563753434668312919330111819017409974501376.000000 1.291195e-132 1.035705e-132 21.000000 41
111111111111111167755738737900080040418714667519899093577240089967079110890050069315997090152220344881006871513345625686016.000000 1.087997e-133 9.169242e-134 57.000000 30
1111111111111111787645320946524232961506549649699164094007520379748285048304764983732268953769474236170959264419489211482112.000000 7.959379e-134 6.317751e-134 21.000000 41
11111111111111117582885386618513176128880421898324512518114885183942866644636278395796561398368686928747217846098804235829248.000000 6.380658e-135 6.237512e-135 21.000000 41
111111111111111157040513203994465938172959444668548906175688460572869700788035011700293413066819321577880191382838418102812672.000000 3.216055e-136 2.900812e-136 57.000000 30
1111111111111111645558494688707322674192973543944273937778726170794932870513661206033622934335663406617169862140982678050045952.000000 1.142050e-137 9.332581e-138 21.000000 41
11111111111111116756198397482123879911783251828477878881874627968214272155669856416458984558026514829525170414660220768588136448.000000 1.873306e-138 1.495549e-138 21.000000 41
111111111111111157942353555779617897682519993835654324687950559353664531139634744768661678710828963867940606762589600067075702784.000000 1.626158e-139 1.481067e-139 57.000000 30
1111111111111111656380578910129146188307700133949538959925871356164470834732858002854042122063779114097894846697996861621202321408.000000 5.227966e-141 5.138644e-141 39.000000 32
11111111111111115332493095463963986499356998210007458190516861359599499973944411145861615861349959534283128001826354841004898516992.000000 6.051173e-142 4.805423e-142 21.000000 41
111111111111111158250181729188949766528449994618026307540136022404175833232980786989331380050650921769614561878878003510877483958272.000000 1.774366e-142 1.444959e-142 21.000000 41
1111111111111111661305829684678456089842580146467490685560838764972651668226394678384757343500930440524678128558611316722030820196352.000000 1.917690e-143 1.699507e-143 57.000000 30
11111111111111117243490395989096228294890443066972727736884215977173663369436641251779121778964674187875041363744763420126356046872576.000000 2.355676e-144 1.865567e-144 21.000000 41
111111111111111167391447166752468943777187297851344710318635533152159460196984856774338831038003783617724333012178432178015177709453312.000000 3.254155e-145 3.073828e-145 57.000000 30
1111111111111111552871508632200849297650661790872265493981396292651742438032691229900531028340606837912617395115323473222190590871994368.000000 4.203176e-146 3.345387e-146 21.000000 41
11111111111111116497058790604599214097476307409852107813453635237476241691824171001748168539721516365243181431204921520685595398500253696.000000 4.146557e-147 3.958274e-147 57.000000 30
111111111111111167552837784132900730630682246101532952464242145203985929748901066558129307414056358282077167592187046642759125957750030336.000000 6.670059e-148 5.304565e-148 21.000000 41
1111111111111111551580383693157395002822702204870759556816543396237130681617361551630207217332186240597794718475254557504239004885620621312.000000 3.919962e-149 3.372183e-149 57.000000 30
11111111111111116176859805721822548980142330081478635396570116926652526100822410790707863409633208231167157624467830422633602073879564517376.000000 3.480521e-150 2.776923e-150 21.000000 41
111111111111111167057045807540214281416745765076954672592938632980775015285414470102324963986822848913185259762400583007065716938982511607808.000000 2.873311e-151 2.387199e-151 21.000000 41
1111111111111111712878040077978053147090037364866893274947286039521748187071667598585220278992154621943962065765784060316494738991320047550464.000000 1.477450e-152 1.313441e-152 57.000000 30
11111111111111116790319744759173248807519735935890160357329662717505497596976492805356437676930137156942744912523614761198246833101241023725568.000000 2.113034e-153 1.675691e-153 21.000000 41
111111111111111157072456454932299442847016952549980887024714301488271479210079066277699893153576281569527425280940920669048050513029707780325376.000000 4.599873e-154 3.622341e-154 21.000000 41
1111111111111111657370492490598458790295612779971174602635801620376982766178277556983914800461563535694474443563771022233955847674158697458696192.000000 2.826525e-155 2.632038e-155 21.000000 41
11111111111111117613456060201290160244861446853368134815021919469701043350712618300322138431725243996935146724690052008861262587267926410452271104.000000 2.562642e-156 2.114338e-156 21.000000 41
111111111111111167816551519650457023713371916104430237840907968569560707995687441159357460900375570849428248934481785796438992988468548617600237568.000000 2.798022e-157 2.491360e-157 57.000000 30
1111111111111111855616375620236721250152226946201659398341052509747867890867567570929338308563795583052644480009750856197427431414514083230348476416.000000 8.096199e-159 7.076496e-159 39.000000 32
11111111111111117491458593659974306423411222751072451863818688153165114043211516753278800888277716583176272856107910572576049304966169249977408159744.000000 3.588022e-159 2.860788e-159 21.000000 41
111111111111111172075372169820028648025816102948206806319275316346814967457544076983415789689816527838828936710440177754031893025184434946904543985664.000000 3.547566e-160 2.826092e-160 21.000000 41
1111111111111111675326301429724855820925423036481784666090168120510770906982303321044202389810795070501348697494178929992661329860208228623132838068224.000000 2.160549e-161 1.959101e-161 57.000000 30
11111111111111115663004927853838222385268518532811045130439640174130618647587734439483091728011065715726910904296440958782830889202815385929425937760256.000000 6.671146e-163 6.439211e-163 57.000000 30
111111111111111165352113970085664910444570879984164863548092729989122909853759734562502374640885737071561717608127196316978568167222289061709478920978432.000000 5.787896e-163 4.576340e-163 21.000000 41
1111111111111111793074174765613172089915879914338519231380068551856296672583715588307767064181258649344298913123876550836189830075329053855738301903798272.000000 6.477275e-164 5.124802e-164 21.000000 41
11111111111111116814317467138079537015397430227410227546607555502842426133468209941615724099633376264413535234897928807030665113528441232648234917485871104.000000 3.283976e-165 3.022405e-165 57.000000 30
111111111111111162188911841951183722773913668055569130041045528277914711508714387728360192771377974755978264901828158996540074136751882694966892633247449088.000000 2.210645e-166 2.136004e-166 57.000000 30
1111111111111111812425528961259409943901076975548751954011416138795452709518110651293107470912364959980809447327117720325931205320559775158163535664034873344.000000 4.508817e-167 3.582594e-167 21.000000 41
11111111111111117362109647445603808574363008575515276925710317963889304717457239416893052536329308750123987280035832681817190197393433958747656919314107203584.000000 4.249441e-168 3.883226e-168 57.000000 30
111111111111111173621096474456038085743630085755152769257103179638893047174572394168930525363293087501239872800358326818171901973934339587476569193141072035840.000000 1.459487e-169 1.332559e-169 57.000000 30
1111111111111111638656322547185623626761387426515080637927339838108582007397068953396438415515255246252833007269459169437127422195386430392016451953651804536832.000000 7.562638e-171 6.548510e-171 39.000000 32
11111111111111116386563225471856236267613874265150806379273398381085820073970689533964384155152552462528330072694591694371274221953864303920164519536518045368320.000000 2.317679e-171 1.836220e-171 21.000000 41
111111111111111176352626455982531288202527661824173286787126554470742804176334733841130796830588005106507712980913801583020466705165134620993547912518321678843904.000000 6.958896e-172 5.536409e-172 21.000000 41
1111111111111111663630310949713561477814165264860411083916124979428351214270324630399412326073380207215281831777394938715742871166639413555600257387958086987153408.000000 5.912504e-173 5.337504e-173 57.000000 30
11111111111111118234638367258923637245519434302705259382443498838748741382591609632184453536453799573749543086281838620988817445826585058025366121675182946692104192.000000 2.313388e-174 2.190685e-174 57.000000 30
111111111111111169559701610494932192716172089794243405478176996031765579906809189696321893158778015724721632714755272339237064584984323200498752834387012852356481024.000000 2.083293e-175 1.800949e-175 57.000000 30
1111111111111111772317108477515147005595854417339289184859317914451986802582733336716354784822340037323859116035931406616277305089532396283516978638059028210952175616.000000 3.124791e-176 2.501316e-176 21.000000 41
11111111111111116086475780827080535049363695759593315740272156122987473284181649319096649645886122931603544997407235490719430987115288458226541513437893755445257961472.000000 3.881120e-177 3.107856e-177 21.000000 41
111111111111111157591367200374663480480447260768334005186079515186809943358525125094832700054186674432765357648168197756307625743592813573048158588493544501124052025344.000000 2.824342e-178 2.578082e-178 57.000000 30
1111111111111111549726547140577499844698955033062546834127658783523581117718920306179256629304470305261492837874448720355982784415447567656743533517852300584612299538432.000000 7.098165e-180 6.837719e-180 39.000000 58
11111111111111116335253467027187317170366112718490851308736951622260397284911793294402818172641389102732072014175951434186818980809853854927053010925183627498226058264576.000000 1.600065e-180 1.255670e-180 21.000000 41
111111111111111156648630705300574621916648628081985449347686605926407283987337211083146166689640402626383571058307800496852260714855513122393588703278551301765436079603712.000000 1.227159e-181 1.131643e-181 57.000000 30
1111111111111111512855075333235357820870386287996469983559402776894499328979126335944405546602216119056338517915464294208395174402610927808920355784999233231919764771700736.000000 4.735688e-183 4.377662e-183 27.000000 2
11111111111111116415700314606842899767810262707725928073613146545814757551253161956733402353082670963543317803177372000327010129928770160049576307796863047176827952301080576.000000 1.126477e-183 9.271973e-184 21.000000 41
111111111111111153859806655872514425205251428455169454831978515243189461420836430789019248434342631451593717039591887537325634212066414544812781078393664752907237086338220032.000000 3.252102e-184 2.535082e-184 21.000000 41
1111111111111111675894019761337338551690530266179558893708491155298002802097633491601056152296547356967129983625009974919182569950281306190567570778269523780552936685683343360.000000 3.343832e-185 2.634545e-185 21.000000 41
11111111111111115880246097116655341999222000379377257126597193134636935618485012140261034048065498897983665831583916712097897841393263233154061243818964829796053745594106118144.000000 1.571793e-186 1.366419e-186 21.000000 41
111111111111111158802460971166553419992220003793772571265971931346369356184850121402610340480654988979836658315839167120978978413932632331540612438189648297960537455941061181440.000000 1.098979e-187 1.046950e-187 57.000000 30
1111111111111111644261032143455488985053931384012498948530933292237651475607945871674073163200148268786375159457027385583801167058337512355509450075575229092211814320225160003584.000000 2.334987e-188 1.843842e-188 21.000000 41
11111111111111115092936183071595975007377761534330431824400197431801524825852786933189457430555121592151545763403016710861738480527106586592614684107462384219563588942702443495424.000000 1.464032e-189 1.327158e-189 21.000000 41
111111111111111161726754937619631068819070033789660779531275058242615167700341243600304767917122104687213104283368224268427570325721214161625985374260943095816072323503417687277568.000000 5.534776e-190 4.400275e-190 21.000000 41
1111111111111111530888404520966940138228360990325756105014565911029352321468905441855766130278653936746549869638977785405794219093610955250661145477118876929197231762423030854189056.000000 4.529303e-191 4.188106e-191 21.000000 41
11111111111111117151639135454562639781480182651435730443173598766758576132758536960366334345827971050144563724543472942665547186426268194972717231101653921909860135706601423605071872.000000 2.906038e-192 2.726432e-192 57.000000 30
111111111111111164145370993566053444218015535521644626859624229041725549655307439436428651286113983770729377132819949072225051882302047379862749205694678608627050084736529775797993472.000000 5.212832e-193 4.144641e-193 21.000000 41
1111111111111111759390035711333701699728736011099849109750030428431018883309521277040041587615791465398753933130035976393137238534390626916458261742096555853815321204637049122023538688.000000 7.971408e-194 6.329441e-194 21.000000 41
11111111111111117593900357113337016997287360110998491097500304284310188833095212770400415876157914653987539331300359763931372385343906269164582617420965558538153212046370491220235386880.000000 8.558562e-195 6.803213e-195 21.000000 41
111111111111111175939003571133370169972873601109984910975003042843101888330952127704004158761579146539875393313003597639313723853439062691645826174209655585381532120463704912202353868800.000000 6.232295e-196 5.647310e-196 57.000000 30
1111111111111111759390035711333701699728736011099849109750030428431018883309521277040041587615791465398753933130035976393137238534390626916458261742096555853815321204637049122023538688000.000000 2.936426e-197 2.329113e-197 21.000000 41
11111111111111115661631595604707844649611414645004818948036639431092689504477587044640844731377702385890656040339070782699564369592817680482043286899471730666698875312830116871744979468288.000000 2.513391e-198 2.289504e-198 57.000000 30
111111111111111172074466048116111825277521710177997566676075713136666889673716876252485016472018722003681626731081019676850107821936885514280747513166667929638623446996624163505373053976576.000000 3.527785e-199 2.788762e-199 21.000000 41
1111111111111111658912060112884984737649586846868178157977919856063708918221404739300543888087220427457716002000048949369083221715334020304966216554978876804499695694492949655902037502590976.000000 5.590953e-200 4.411597e-200 21.000000 41
11111111111111116094459798182640779255490826429387401509516500358213409354087935207210988667808469933944357897514399514495489365121061524346932096936286348109904646741143160725806830728511488.000000 3.692031e-201 3.235625e-201 57.000000 30
111111111111111164901884405396080337522948600608229055657266589201523532165888249558465488382594574064505995955032714978517636467468844673091161518270882840579784949041722293923776661664301056.000000 2.298816e-202 1.835457e-202 21.000000 41
1111111111111111775652009608190324814206776768141651854559916631835697357659167215148034138370261731847057302906766184459184134794951788478810512747765447909181480902586524912540433956776968192.000000 2.008858e-203 1.763469e-203 57.000000 30
11111111111111117249987433864985162386158604633179073353650163359075125432590533273226824365525353353662583655641905705895810267468464517796509537217428001078280283377188041232193670207233851392.000000 1.756142e-204 1.385273e-204 21.000000 41
111111111111111164395351743179162251767039437559991610465317586242241684021887110680211971364417310099698006581606958839821605386987791306099565928010656362566250423393045086030565992303765225472.000000 2.282903e-205 1.806577e-205 21.000000 41
1111111111111111546699246286143350052535835070338326627798967294240301996570652442177444446154138419753846106118324409768578086417515666598609305950143079847063875309384426944809211405814772793344.000000 2.258291e-206 2.166026e-206 57.000000 30
11111111111111114948303016751309380711307367741988122401433893912098407466249358210442843034927865897575079942795269811661045037762558018186699175074958884984779398829598808565444388632959037472768.000000 3.431190e-207 3.272942e-207 57.000000 30
111111111111111137034483460870114931575850086346397770977000242393673374675521593032469996110554219776629652586641315252016790543723212634681538524514262926187169485954097024470898476125061803671552.000000 3.447020e-208 2.988585e-208 57.000000 30
1111111111111111469933208261844980320056289592051845334068711997755219346650991842900367435015337711359265700596904215436917184108451066724299011055025236651156690878276098734177348042886846605164544.000000 5.645346e-209 4.479314e-209 21.000000 41
11111111111111115496039071843600451234945205749221394335076796568100078265676125729609014141431741222336410403812970657703166070454262190262859117029313225625846876932642015257520386681958294599237632.000000 4.742748e-210 4.106903e-210 57.000000 30
111111111111111103971143408026363038148984228455225719709828663885936155510123990057348394772502109263763886576118282363656030024878524429356974755633237272944550807734034365967401866621833918946476032.000000 1.968290e-210 1.539718e-210 21.000000 41
