Std No.	Outgassing	ChemProd	ChemLoss	DryDepo		WetDepo		Escape		Condensation	Net Flux	Global Change
3	0.000000e+00	5.904254e+11	-4.699610e+11	-7.754780e+03	-1.185213e-04	-1.204644e+11	0.000000e+00	-7.629395e-05	-2.168335e-21
53	3.000000e+10	7.820826e+10	-1.882953e+10	-0.000000e+00	0.000000e+00	-8.937873e+10	0.000000e+00	9.090973e+00	3.896167e-22
1	0.000000e+00	4.808265e+11	-4.808265e+11	-5.645245e+00	-1.706022e-02	-0.000000e+00	0.000000e+00	-1.273681e-05	-8.603130e-23
56	0.000000e+00	3.867199e+11	-3.867199e+11	-0.000000e+00	-6.827071e-19	-0.000000e+00	0.000000e+00	1.831055e-04	9.917627e-13
54	0.000000e+00	3.114458e+11	-3.114318e+11	-1.397796e+07	0.000000e+00	-0.000000e+00	0.000000e+00	4.942287e-04	5.348798e-22
2	0.000000e+00	7.941073e+09	-7.941073e+09	-3.041700e-04	-3.956126e-03	-0.000000e+00	0.000000e+00	1.674064e-06	3.503355e-19
4	0.000000e+00	4.851929e+11	-4.851929e+11	-4.715130e-01	-1.870258e-03	-0.000000e+00	0.000000e+00	6.645836e-05	3.339013e-17
5	0.000000e+00	2.467423e+11	-2.467423e+11	-1.094445e-01	-2.691753e+01	-0.000000e+00	0.000000e+00	9.701407e-05	2.606780e-17
7	1.000000e-02	1.958250e+10	-1.101579e+09	-0.000000e+00	0.000000e+00	-0.000000e+00	-3.688523e+26	-3.688523e+26	-1.410173e+04
6	0.000000e+00	3.953780e+07	-3.948538e+07	-1.051004e+04	-4.191080e+04	-0.000000e+00	0.000000e+00	-1.340231e-08	-7.373176e-23
52	9.000000e-01	6.606296e+11	-7.482175e+11	-0.000000e+00	-4.771595e+13	-0.000000e+00	0.000000e+00	-4.780354e+13	-3.674668e-12
20	1.000000e+08	4.365775e+11	-2.802247e+11	-1.564528e+11	0.000000e+00	-0.000000e+00	0.000000e+00	3.051758e-04	1.344303e-23
22	0.000000e+00	4.659457e+10	-4.658795e+10	-3.038487e+05	-6.315868e+06	-0.000000e+00	0.000000e+00	-8.323230e-06	-8.403825e-22
61	0.000000e+00	4.738461e+10	-4.738461e+10	-4.610687e-01	-2.112639e-12	-0.000000e+00	0.000000e+00	-1.537688e-06	-7.707109e-17
19	0.000000e+00	2.704979e+09	-2.704979e+09	-0.000000e+00	-8.327496e-19	-0.000000e+00	0.000000e+00	-9.536743e-07	-6.671255e-15
58	0.000000e+00	5.151273e+09	-5.151273e+09	-0.000000e+00	-3.611265e-18	-0.000000e+00	0.000000e+00	-9.536743e-07	-4.440923e-15
59	0.000000e+00	3.880196e+09	-3.880196e+09	-0.000000e+00	-4.319899e-19	-0.000000e+00	0.000000e+00	4.768372e-07	1.656406e-14
80	0.000000e+00	2.684930e+10	-2.684930e+10	-0.000000e+00	-1.985129e-17	-0.000000e+00	0.000000e+00	-7.629395e-06	-2.850169e-15
60	0.000000e+00	6.327656e+10	-6.327656e+10	-0.000000e+00	-7.655063e-09	-0.000000e+00	0.000000e+00	-7.655063e-09	-2.808100e-20
21	1.000000e+11	1.913938e+09	-7.151544e+10	-3.039850e+10	0.000000e+00	-0.000000e+00	0.000000e+00	-8.485489e-01	-4.557504e-24
62	0.000000e+00	2.834443e+09	-2.834443e+09	-4.226576e-01	-1.568191e-12	-0.000000e+00	0.000000e+00	-1.562775e-06	-8.731712e-16
24	0.000000e+00	2.658684e+08	-2.580618e+08	-5.891902e+06	-1.914695e+06	-0.000000e+00	0.000000e+00	4.842877e-08	4.416554e-23
63	0.000000e+00	1.264293e+09	-1.264293e+09	-3.950692e+01	-5.548206e+02	-0.000000e+00	0.000000e+00	-1.083300e-06	-3.271792e-17
23	0.000000e+00	4.203468e+02	-3.834750e+00	-2.594555e+01	-3.905665e+02	-0.000000e+00	0.000000e+00	1.136868e-13	3.903069e-22
71	0.000000e+00	6.585341e+09	-6.585341e+09	-1.229287e-06	-5.037745e-06	-0.000000e+00	0.000000e+00	-1.498660e-06	-1.137880e-11
25	0.000000e+00	1.590504e+04	-1.519682e+04	-4.894341e+02	-2.187899e+02	-0.000000e+00	0.000000e+00	9.009682e-12	1.319266e-22
26	0.000000e+00	1.574222e-33	-4.456456e-14	-0.000000e+00	-3.328732e-41	-0.000000e+00	0.000000e+00	-4.456456e-14	-3.671922e+02
64	0.000000e+00	2.173413e+03	-2.173413e+03	-0.000000e+00	-1.219643e-24	-0.000000e+00	0.000000e+00	-1.219643e-24	-1.069884e-26
27	0.000000e+00	1.765285e+06	-1.765285e+06	-0.000000e+00	0.000000e+00	-0.000000e+00	0.000000e+00	-2.328306e-10	-1.125360e-19
28	0.000000e+00	1.614607e+04	-1.614607e+04	-0.000000e+00	-1.344789e-20	-0.000000e+00	0.000000e+00	-1.818989e-12	-1.694275e-16
29	0.000000e+00	5.575126e+08	-5.575126e+08	-0.000000e+00	0.000000e+00	-0.000000e+00	0.000000e+00	0.000000e+00	0.000000e+00
30	0.000000e+00	2.602861e+08	-2.602861e+08	-0.000000e+00	-1.015015e-07	-0.000000e+00	0.000000e+00	1.071147e-07	1.803405e-19
31	0.000000e+00	6.695100e+08	-2.613179e+08	-4.081921e+08	0.000000e+00	-0.000000e+00	0.000000e+00	-2.254128e-03	-9.006643e-23
32	0.000000e+00	3.404908e+05	-3.404908e+05	-7.206865e-22	-1.961910e-16	-0.000000e+00	0.000000e+00	1.164151e-10	9.617639e-21
33	0.000000e+00	6.661212e+07	-6.653002e+07	-4.172901e+03	-7.792551e+04	-0.000000e+00	0.000000e+00	-1.066655e-08	-6.910368e-22
34	0.000000e+00	2.729056e+08	-2.729056e+08	-9.846777e-03	-1.114690e-13	-0.000000e+00	0.000000e+00	2.986709e-08	9.156438e-19
35	0.000000e+00	1.637250e+08	-1.611715e+08	-2.481265e+06	-7.218699e+04	-0.000000e+00	0.000000e+00	3.354216e-08	1.369070e-22
36	0.000000e+00	9.807082e+07	-9.807082e+07	-5.846557e-06	-8.707385e-15	-0.000000e+00	0.000000e+00	-5.302010e-09	-6.972272e-19
40	0.000000e+00	5.787431e+07	-5.787431e+07	-0.000000e+00	-2.244919e-10	-0.000000e+00	0.000000e+00	1.467667e-08	4.083517e-17
41	0.000000e+00	3.144286e+04	-3.144286e+04	-0.000000e+00	-3.868857e-11	-0.000000e+00	0.000000e+00	-2.308785e-12	-7.192747e-20
76	0.000000e+00	1.540141e+00	-1.540141e+00	-0.000000e+00	-2.508474e-16	-0.000000e+00	0.000000e+00	4.152864e-16	2.104422e-18
77	0.000000e+00	1.478346e+00	-1.478346e+00	-0.000000e+00	-5.902789e-16	-0.000000e+00	0.000000e+00	7.585494e-17	2.220080e-19
42	0.000000e+00	2.330707e+08	-2.330707e+08	-0.000000e+00	-4.638521e-05	-0.000000e+00	0.000000e+00	-1.279150e-08	-2.883893e-22
43	3.000000e+09	2.178069e+09	-2.032639e+09	-2.813180e+09	-3.322506e+08	-0.000000e+00	0.000000e+00	-7.152557e-07	-2.791537e-22
74	0.000000e+00	1.914142e+09	-1.914142e+09	-0.000000e+00	-1.079262e-18	-0.000000e+00	0.000000e+00	-1.079262e-18	-1.021940e-20
75	0.000000e+00	2.183334e+08	-2.183334e+08	-0.000000e+00	-9.375923e-18	-0.000000e+00	0.000000e+00	2.980232e-08	3.977877e-11
44	0.000000e+00	1.524381e+06	-1.524381e+06	-5.951131e-06	-7.667850e-02	-0.000000e+00	0.000000e+00	1.060074e-09	1.416479e-19
45	3.000000e+08	5.785355e+07	-2.048037e+08	-1.529863e+08	-6.360075e+04	-0.000000e+00	0.000000e+00	-2.816159e-06	-5.367817e-22
46	0.000000e+00	2.048046e+08	-2.048046e+08	-0.000000e+00	-7.753037e-07	-0.000000e+00	0.000000e+00	-4.433496e-10	-3.442252e-22
47	0.000000e+00	1.041219e+08	-1.041219e+08	-0.000000e+00	-5.738773e-13	-0.000000e+00	0.000000e+00	2.980175e-08	3.370877e-16
48	0.000000e+00	5.185014e+06	-5.185014e+06	-0.000000e+00	-6.988365e-10	-0.000000e+00	0.000000e+00	3.026454e-09	3.548076e-20
68	0.000000e+00	1.229862e+06	-1.229825e+06	-1.750808e+01	-1.926264e+01	-0.000000e+00	0.000000e+00	3.164118e-10	2.123436e-19
73	0.000000e+00	1.523837e+06	-4.154033e+03	-4.791569e+05	-7.830746e+05	-0.000000e+00	-2.574517e+05	-4.074536e-10	-6.314379e-23
78	0.000000e+00	0.000000e+00	0.000000e+00	-2.574517e+05	-5.332202e-07	-0.000000e+00	2.574517e+05	1.426088e-09	1.510041e-23
79	0.000000e+00	2.329474e-10	0.000000e+00	-0.000000e+00	-1.509054e-11	-0.000000e+00	-2.178508e-10	6.057563e-15	2.334561e-22
111	0.000000e+00	0.000000e+00	0.000000e+00	-2.178501e-10	-3.805871e-20	-0.000000e+00	2.178508e-10	7.131000e-16	1.222256e-17
8	0.000000e+00	6.384425e+05	-6.384425e+05	-0.000000e+00	-7.565558e-10	-0.000000e+00	0.000000e+00	-5.806389e-11	-1.235586e-20
9	0.000000e+00	2.785869e+01	-2.785869e+01	-0.000000e+00	0.000000e+00	-0.000000e+00	0.000000e+00	1.065814e-14	2.388137e-23
10	0.000000e+00	8.009101e+04	-8.009101e+04	-0.000000e+00	-6.093647e-04	-0.000000e+00	0.000000e+00	8.615761e-12	8.782047e-18
57	0.000000e+00	1.491381e+04	-1.491381e+04	-0.000000e+00	-1.010420e-20	-0.000000e+00	0.000000e+00	-3.637979e-12	-3.635991e-17
11	0.000000e+00	2.176406e+03	-2.030325e+03	-0.000000e+00	-1.460816e+02	-0.000000e+00	0.000000e+00	1.317423e-08	2.529052e-22
12	1.000000e+08	4.028684e+10	-4.029603e+10	-9.078216e+07	-3.146926e+04	-0.000000e+00	0.000000e+00	-5.101753e-05	-2.760133e-22
13	0.000000e+00	3.320449e+10	-3.320449e+10	-1.186802e+01	-8.038861e-02	-0.000000e+00	0.000000e+00	-7.424142e-07	-7.561017e-21
14	0.000000e+00	5.247392e+07	-5.247392e+07	-2.461054e-08	-6.061264e-03	-0.000000e+00	0.000000e+00	-2.534372e-09	-3.889715e-18
15	0.000000e+00	4.644121e+04	-4.643968e+04	-4.169430e-11	-1.527781e+00	-0.000000e+00	0.000000e+00	-2.233036e-11	-2.012140e-22
16	0.000000e+00	5.882066e+09	-5.874890e+09	-0.000000e+00	-7.175859e+06	-0.000000e+00	0.000000e+00	-8.083880e-07	-1.155869e-21
17	0.000000e+00	1.146976e+08	-1.145199e+08	-1.185834e+05	-5.909388e+04	-0.000000e+00	0.000000e+00	-1.049921e-08	-9.302563e-22
18	0.000000e+00	5.671937e+06	-5.512820e+06	-4.874060e+04	-1.103763e+05	-0.000000e+00	0.000000e+00	1.979060e-09	4.188890e-23
70	0.000000e+00	2.255456e+07	-2.255438e+07	-2.131331e-06	-1.783295e+02	-0.000000e+00	0.000000e+00	2.289681e-09	1.326600e-22
37	0.000000e+00	2.989454e+04	-1.647108e+03	-2.290471e+04	-5.342721e+03	-0.000000e+00	0.000000e+00	9.222276e-10	1.577681e-22
38	0.000000e+00	4.526866e+03	-4.526866e+03	-1.095089e-20	-2.281295e-14	-0.000000e+00	0.000000e+00	-9.323077e-13	-2.916934e-16
39	0.000000e+00	6.769299e+02	-6.769299e+02	-0.000000e+00	-2.008176e-22	-0.000000e+00	0.000000e+00	-4.547474e-13	-6.429554e-15
72	0.000000e+00	8.015546e+04	-8.015546e+04	-0.000000e+00	-8.085793e-06	-0.000000e+00	0.000000e+00	1.028127e-08	7.330018e-22
65	0.000000e+00	1.704316e+09	-1.704040e+09	-2.028462e+05	-7.279854e+04	-0.000000e+00	0.000000e+00	5.853653e-07	4.150594e-21
66	0.000000e+00	5.253341e+06	-5.037277e+06	-2.105371e+05	-5.527177e+03	-0.000000e+00	0.000000e+00	3.157766e-09	6.998564e-23
109	0.000000e+00	1.786699e+00	-1.362767e+00	-0.000000e+00	-4.239321e-01	-0.000000e+00	0.000000e+00	1.387779e-14	1.640043e-22
67	0.000000e+00	8.311708e-05	-8.311708e-05	-0.000000e+00	-5.417582e-27	-0.000000e+00	0.000000e+00	-2.710506e-20	-3.704487e-18
110	0.000000e+00	5.131325e-08	-3.276664e-08	-0.000000e+00	-1.854662e-08	-0.000000e+00	0.000000e+00	1.849576e-21	4.465768e-22
106	0.000000e+00	1.656075e-23	-1.656075e-23	-0.000000e+00	-2.771460e-34	-0.000000e+00	0.000000e+00	-2.317536e-38	-5.624740e-23
107	0.000000e+00	1.090150e-07	-1.090150e-07	-0.000000e+00	-5.493810e-22	-0.000000e+00	0.000000e+00	-6.750524e-24	-7.545683e-21
108	0.000000e+00	1.090141e-07	-1.090141e-07	-0.000000e+00	-9.427138e-22	-0.000000e+00	0.000000e+00	-3.036609e-24	-1.061538e-21
49	0.000000e+00	6.714156e-06	-6.671284e-06	-4.286371e-08	-8.344476e-12	-0.000000e+00	0.000000e+00	1.650838e-20	4.371791e-22
50	0.000000e+00	8.875965e-08	-8.875965e-08	-0.000000e+00	-2.421840e-32	-0.000000e+00	0.000000e+00	-1.323489e-23	-2.713860e-17
51	0.000000e+00	0.000000e+00	0.000000e+00	-0.000000e+00	0.000000e+00	-0.000000e+00	0.000000e+00	0.000000e+00	nan
69	0.000000e+00	0.000000e+00	0.000000e+00	-0.000000e+00	0.000000e+00	-0.000000e+00	0.000000e+00	0.000000e+00	nan
