Std No.	Outgassing	ChemProd	ChemLoss	DryDepo		WetDepo		Escape		Condensation	Net Flux	Global Change
3	0.000000e+00	1.865023e+11	-1.854299e+11	-5.128626e+02	-1.200817e-05	-1.072358e+09	0.000000e+00	-8.344650e-07	-9.423677e-23
53	3.000000e+10	5.135263e+09	-1.518948e+09	-0.000000e+00	0.000000e+00	-3.361631e+10	0.000000e+00	-4.687572e+00	-1.373411e-22
1	0.000000e+00	1.026542e+11	-1.026542e+11	-8.155288e+00	-6.302922e-04	-0.000000e+00	0.000000e+00	2.698097e-05	1.013722e-22
56	0.000000e+00	4.962959e+10	-4.962959e+10	-0.000000e+00	-2.170778e-21	-0.000000e+00	0.000000e+00	-1.525879e-05	-3.754202e-13
54	0.000000e+00	7.016677e+10	-7.016677e+10	-0.000000e+00	0.000000e+00	-0.000000e+00	0.000000e+00	-4.577637e-05	-1.907745e-22
2	0.000000e+00	2.556353e+09	-2.556353e+09	-3.174719e-14	-1.902998e-05	-0.000000e+00	0.000000e+00	5.203448e-07	1.800165e-18
4	0.000000e+00	9.459116e+10	-9.459116e+10	-3.006558e-01	-7.962889e-04	-0.000000e+00	0.000000e+00	-1.466309e-05	-2.685696e-16
5	0.000000e+00	5.219056e+10	-5.219056e+10	-5.723760e-07	-8.086434e+01	-0.000000e+00	0.000000e+00	-1.726043e-05	-2.190912e-18
7	1.000000e-02	6.101459e+08	-5.319892e+09	-0.000000e+00	0.000000e+00	-0.000000e+00	-7.052209e+26	-7.052209e+26	-1.380751e+04
6	0.000000e+00	1.580355e+08	-1.580180e+08	-3.311407e+02	-1.721832e+04	-0.000000e+00	0.000000e+00	1.105655e-07	1.765757e-22
52	1.000000e-02	7.652302e+10	-7.283141e+10	-0.000000e+00	-1.017789e+12	-0.000000e+00	0.000000e+00	-1.014098e+12	-4.640977e-12
20	1.000000e+10	1.913834e+11	-1.962419e+11	-5.141486e+09	0.000000e+00	-0.000000e+00	0.000000e+00	1.744770e+00	3.570246e-23
22	0.000000e+00	3.857625e+09	-3.046895e+09	-2.165112e+07	-7.890787e+08	-0.000000e+00	0.000000e+00	5.960464e-07	1.386439e-22
61	0.000000e+00	1.235218e+11	-1.235212e+11	-5.976150e+05	-4.152799e-06	-0.000000e+00	0.000000e+00	-3.696481e-05	-1.995171e-18
19	0.000000e+00	1.202002e+09	-1.202002e+09	-0.000000e+00	-1.079207e-18	-0.000000e+00	0.000000e+00	-1.079207e-18	-4.863083e-34
58	0.000000e+00	2.623664e+07	-2.623664e+07	-0.000000e+00	-6.279674e-20	-0.000000e+00	0.000000e+00	-1.117587e-08	-1.137133e-15
59	0.000000e+00	3.743365e+07	-3.743365e+07	-0.000000e+00	-1.388562e-20	-0.000000e+00	0.000000e+00	-1.388562e-20	-4.232869e-27
80	0.000000e+00	1.584859e+08	-1.584859e+08	-0.000000e+00	-5.381131e-21	-0.000000e+00	0.000000e+00	-5.381131e-21	-1.934178e-27
60	0.000000e+00	2.649595e+08	-2.649595e+08	-0.000000e+00	-1.387640e-12	-0.000000e+00	0.000000e+00	5.960326e-08	2.856765e-16
21	3.000000e+08	2.455929e+05	-3.002456e+08	-0.000000e+00	0.000000e+00	-0.000000e+00	0.000000e+00	2.593553e-02	2.480261e-22
62	0.000000e+00	7.468331e+06	-7.468331e+06	-7.098930e-04	-8.366351e-15	-0.000000e+00	0.000000e+00	-7.436222e-10	-1.981460e-18
24	0.000000e+00	1.779094e+06	-1.328728e+06	-2.565643e+05	-1.938019e+05	-0.000000e+00	0.000000e+00	5.820766e-11	6.898296e-25
63	0.000000e+00	1.475953e+09	-8.208226e+08	-1.764529e+07	-6.374850e+08	-0.000000e+00	0.000000e+00	0.000000e+00	0.000000e+00
23	0.000000e+00	7.723521e-03	-7.572018e-03	-2.697317e-06	-1.488063e-04	-0.000000e+00	0.000000e+00	8.836248e-18	4.651499e-23
71	0.000000e+00	7.461506e+04	-7.461506e+04	-8.223968e-22	-8.729401e-12	-0.000000e+00	0.000000e+00	2.241012e-10	1.501720e-10
25	0.000000e+00	1.191701e-04	-1.191346e-04	-9.721674e-09	-2.576590e-08	-0.000000e+00	0.000000e+00	8.120134e-19	1.254453e-21
26	0.000000e+00	6.909936e-34	-6.909936e-34	-0.000000e+00	-1.959675e-58	-0.000000e+00	0.000000e+00	8.552847e-50	5.518261e-19
64	0.000000e+00	5.609904e-02	-5.609904e-02	-0.000000e+00	-1.385029e-27	-0.000000e+00	0.000000e+00	5.459314e-13	1.098680e-11
27	0.000000e+00	4.259819e+01	-4.259819e+01	-0.000000e+00	0.000000e+00	-0.000000e+00	0.000000e+00	7.595702e-12	7.078845e-18
28	0.000000e+00	2.921766e+01	-2.921766e+01	-0.000000e+00	-5.098003e-22	-0.000000e+00	0.000000e+00	3.552713e-15	2.195341e-16
29	0.000000e+00	2.984870e+05	-2.984870e+05	-0.000000e+00	0.000000e+00	-0.000000e+00	0.000000e+00	1.746230e-10	1.092408e-18
30	0.000000e+00	4.559413e+02	-4.559413e+02	-0.000000e+00	-1.463927e-16	-0.000000e+00	0.000000e+00	1.135404e-13	6.251239e-17
31	0.000000e+00	5.666008e+01	-1.711648e+01	-3.954360e+01	0.000000e+00	-0.000000e+00	0.000000e+00	1.468138e-09	3.898769e-22
32	0.000000e+00	1.442332e+05	-1.442332e+05	-2.880998e-20	-9.401937e-19	-0.000000e+00	0.000000e+00	-4.988397e-08	-4.847797e-16
33	0.000000e+00	5.260391e+04	-5.248632e+04	-2.180771e+00	-1.154090e+02	-0.000000e+00	0.000000e+00	-1.656986e-11	-4.804718e-22
34	0.000000e+00	3.509567e+05	-3.509566e+05	-1.198803e-01	-8.868631e-13	-0.000000e+00	0.000000e+00	5.522120e-10	3.293975e-17
35	0.000000e+00	1.648744e+04	-1.648328e+04	-3.694721e+00	-4.588679e-01	-0.000000e+00	0.000000e+00	1.033290e-11	3.664163e-21
36	0.000000e+00	1.918715e+02	-1.918715e+02	-2.175925e-11	-4.935808e-21	-0.000000e+00	0.000000e+00	1.177962e-14	2.022862e-18
40	0.000000e+00	4.070709e+08	-4.070709e+08	-0.000000e+00	-4.068012e-08	-0.000000e+00	0.000000e+00	-2.194941e-07	-4.621877e-19
41	0.000000e+00	3.034888e+07	-3.034888e+07	-0.000000e+00	-1.779128e-09	-0.000000e+00	0.000000e+00	1.312203e-08	1.957112e-18
76	0.000000e+00	2.104069e+04	-2.104069e+04	-0.000000e+00	-2.235146e-13	-0.000000e+00	0.000000e+00	7.052443e-12	6.109908e-18
77	0.000000e+00	5.034431e+03	-5.034431e+03	-0.000000e+00	-1.431699e-13	-0.000000e+00	0.000000e+00	-1.431699e-13	-2.447873e-19
42	0.000000e+00	9.518799e+09	-9.518799e+09	-0.000000e+00	-1.202628e-04	-0.000000e+00	0.000000e+00	-3.914548e-06	-1.246222e-20
43	3.000000e+09	4.101889e+09	-4.070350e+09	-2.466605e+09	-5.649338e+08	-0.000000e+00	0.000000e+00	3.576279e-07	1.443795e-22
74	0.000000e+00	3.819720e+09	-3.819720e+09	-0.000000e+00	-6.072573e-18	-0.000000e+00	0.000000e+00	-6.072573e-18	-9.807084e-21
75	0.000000e+00	4.121041e+08	-4.121041e+08	-0.000000e+00	-4.787950e-17	-0.000000e+00	0.000000e+00	-1.788139e-07	-4.859703e-11
44	0.000000e+00	2.769841e+05	-2.769841e+05	-9.824188e-07	-1.355468e-02	-0.000000e+00	0.000000e+00	-1.683393e-10	-7.536617e-20
45	3.000000e+08	1.833424e+09	-1.865228e+09	-2.679760e+08	-2.205640e+05	-0.000000e+00	0.000000e+00	2.683460e-06	1.631791e-22
46	0.000000e+00	1.988238e+09	-1.988238e+09	-0.000000e+00	-9.424535e-07	-0.000000e+00	0.000000e+00	4.880580e-07	1.401080e-19
47	0.000000e+00	9.038761e+09	-9.038761e+09	-0.000000e+00	-4.837557e-07	-0.000000e+00	0.000000e+00	-2.391104e-06	-1.057535e-18
48	0.000000e+00	4.631303e+05	-4.631303e+05	-0.000000e+00	-2.503573e-10	-0.000000e+00	0.000000e+00	-7.573430e-11	-1.975677e-23
68	0.000000e+00	1.561438e+04	-1.552506e+04	-1.879905e+01	-7.052152e+01	-0.000000e+00	0.000000e+00	-2.614797e-12	-9.553295e-22
73	0.000000e+00	2.693732e+05	-4.997669e+03	-5.392275e+04	-1.864002e+05	-0.000000e+00	-2.405257e+04	-1.273293e-10	-4.020853e-23
78	0.000000e+00	0.000000e+00	0.000000e+00	-2.405257e+04	-1.152646e-07	-0.000000e+00	2.405257e+04	1.746230e-10	5.212761e-24
79	0.000000e+00	7.050775e-05	0.000000e+00	-0.000000e+00	-4.763329e-08	-0.000000e+00	-7.046011e-05	2.905797e-12	4.456749e-23
111	0.000000e+00	0.000000e+00	0.000000e+00	-7.046011e-05	-2.560547e-13	-0.000000e+00	7.046011e-05	3.284368e-14	6.755657e-23
8	0.000000e+00	6.065420e+05	-6.065420e+05	-0.000000e+00	-3.918770e-09	-0.000000e+00	0.000000e+00	-7.706433e-11	-1.020680e-20
9	0.000000e+00	2.693367e+03	-2.693367e+03	-0.000000e+00	0.000000e+00	-0.000000e+00	0.000000e+00	-4.547474e-13	-4.880266e-23
10	0.000000e+00	8.033257e+04	-8.033257e+04	-0.000000e+00	-2.883386e-03	-0.000000e+00	0.000000e+00	-6.621375e-11	-2.069162e-18
57	0.000000e+00	3.356473e+03	-3.356473e+03	-0.000000e+00	-5.010292e-18	-0.000000e+00	0.000000e+00	-1.818994e-12	-1.406051e-18
11	0.000000e+00	1.015888e+04	-1.001928e+04	-0.000000e+00	-1.395988e+02	-0.000000e+00	0.000000e+00	-6.303935e-11	-1.578895e-24
12	1.000000e+08	8.640712e+10	-8.650684e+10	-2.815928e+05	-1.977852e+02	-0.000000e+00	0.000000e+00	1.622641e-05	1.230034e-20
13	0.000000e+00	6.099084e+08	-6.099084e+08	-1.295687e-02	-1.793347e-04	-0.000000e+00	0.000000e+00	-1.796177e-07	-2.952953e-19
14	0.000000e+00	6.339544e+05	-6.339544e+05	-3.435122e-09	-8.793630e-04	-0.000000e+00	0.000000e+00	7.228862e-13	1.444845e-20
15	0.000000e+00	2.695167e+01	-2.695101e+01	-7.697994e-20	-6.641720e-04	-0.000000e+00	0.000000e+00	-2.948271e-15	-8.908795e-23
16	0.000000e+00	8.589653e+10	-8.579798e+10	-0.000000e+00	-9.855730e+07	-0.000000e+00	0.000000e+00	-6.374717e-05	-9.414987e-21
17	0.000000e+00	7.349830e+03	-7.198522e+03	-7.744508e+01	-7.386337e+01	-0.000000e+00	0.000000e+00	3.552714e-13	7.583967e-22
18	0.000000e+00	2.960717e+02	-2.960428e+02	-1.999001e-03	-2.693244e-02	-0.000000e+00	0.000000e+00	2.425837e-14	4.201205e-23
70	0.000000e+00	4.053944e+05	-4.053878e+05	-9.962580e-15	-6.653218e+00	-0.000000e+00	0.000000e+00	-2.182432e-11	-5.743999e-23
37	0.000000e+00	4.509924e+01	-7.001468e-01	-2.986779e+01	-1.453130e+01	-0.000000e+00	0.000000e+00	1.477929e-12	1.067540e-22
38	0.000000e+00	1.405428e+01	-1.405428e+01	-5.048502e-21	-2.202860e-16	-0.000000e+00	0.000000e+00	1.556066e-15	9.893056e-18
39	0.000000e+00	2.547108e+00	-2.547108e+00	-0.000000e+00	-2.267639e-23	-0.000000e+00	0.000000e+00	4.440892e-16	1.022016e-16
72	0.000000e+00	6.101409e+01	-6.101409e+01	-0.000000e+00	-5.646113e-08	-0.000000e+00	0.000000e+00	2.177831e-11	2.786305e-22
65	0.000000e+00	1.274646e+05	-1.274640e+05	-2.470811e-01	-3.616945e-01	-0.000000e+00	0.000000e+00	-2.937356e-11	-5.129452e-21
66	0.000000e+00	2.076092e+03	-2.076081e+03	-1.162169e-03	-9.622964e-03	-0.000000e+00	0.000000e+00	4.787976e-13	1.027502e-22
109	0.000000e+00	4.539194e+00	-4.421153e+00	-0.000000e+00	-1.180404e-01	-0.000000e+00	0.000000e+00	3.150258e-15	3.031996e-23
67	0.000000e+00	1.100912e-06	-1.100912e-06	-0.000000e+00	-1.093664e-27	-0.000000e+00	0.000000e+00	5.717472e-20	1.650093e-15
110	0.000000e+00	2.537198e-10	-2.392442e-10	-0.000000e+00	-1.447557e-11	-0.000000e+00	0.000000e+00	1.435514e-20	2.941022e-18
106	0.000000e+00	4.510322e-07	-4.510322e-07	-0.000000e+00	-2.960186e-18	-0.000000e+00	0.000000e+00	3.483304e-23	9.796483e-24
107	0.000000e+00	2.003379e-02	-2.003379e-02	-0.000000e+00	-1.175786e-13	-0.000000e+00	0.000000e+00	1.141076e-17	4.654341e-23
108	0.000000e+00	2.003379e-02	-2.003379e-02	-0.000000e+00	-1.135989e-16	-0.000000e+00	0.000000e+00	7.831784e-18	1.537980e-22
49	0.000000e+00	8.989331e-07	-8.987724e-07	-1.606305e-10	-7.040505e-14	-0.000000e+00	0.000000e+00	2.548260e-18	4.651023e-19
50	0.000000e+00	6.123593e-10	-6.123593e-10	-0.000000e+00	-1.378703e-33	-0.000000e+00	0.000000e+00	-1.033976e-25	-1.821497e-18
51	0.000000e+00	0.000000e+00	0.000000e+00	-0.000000e+00	0.000000e+00	-0.000000e+00	0.000000e+00	0.000000e+00	nan
69	0.000000e+00	0.000000e+00	0.000000e+00	-0.000000e+00	0.000000e+00	-0.000000e+00	0.000000e+00	0.000000e+00	nan
