0.000000 3.509039e-02 3.113782e-02 9.000000 56
0.000010 2.536157e-03 1.337476e-03 7.000000 63
0.000110 2.525717e-04 2.264597e-04 7.000000 63
0.001110 2.601316e-05 2.511563e-05 3.000000 7
0.011110 3.370332e-06 3.126567e-06 7.000000 7
0.111110 2.359237e-07 2.340017e-07 31.000000 3
1.111110 3.560699e-08 2.755836e-08 17.000000 14
11.111110 3.094645e-09 2.172827e-09 95.000000 19
111.111110 3.717890e-10 3.452481e-10 95.000000 19
1111.111110 3.097287e-11 2.680752e-11 59.000000 6
11111.111110 2.542323e-12 2.355171e-12 99.000000 54
111111.111110 1.418623e-12 1.351817e-12 99.000000 19
1111111.111110 1.134690e-13 1.044047e-13 99.000000 54
11111111.111110 3.432169e-15 3.133436e-15 99.000000 19
111111111.111110 1.644188e-16 1.518864e-16 99.000000 19
1111111111.111110 3.071087e-17 3.028991e-17 99.000000 54
11111111111.111111 4.808072e-19 4.564486e-19 71.000000 73
111111111111.111115 5.899121e-20 5.718055e-20 99.000000 54
1111111111111.111084 2.024068e-21 1.954787e-21 99.000000 54
11111111111111.111328 2.983748e-23 2.878661e-23 99.000000 54
111111111111111.109375 7.344769e-25 7.054950e-25 99.000000 54
1111111111111111.125000 4.934611e-26 4.728075e-26 99.000000 54
11111111111111112.000000 8.699941e-28 8.217979e-28 15.000000 43
111111111111111104.000000 6.826966e-28 6.555497e-28 99.000000 54
1111111111111111168.000000 2.988651e-29 2.861989e-29 99.000000 54
11111111111111110656.000000 2.709957e-30 2.606965e-30 99.000000 54
111111111111111114752.000000 4.215959e-31 4.045718e-31 99.000000 54
1111111111111111081984.000000 4.705965e-32 4.511782e-32 99.000000 54
11111111111111111344128.000000 5.110162e-33 4.897670e-33 99.000000 54
111111111111111109246976.000000 1.323389e-34 1.261827e-34 99.000000 54
1111111111111111092469760.000000 1.702555e-35 1.629637e-35 99.000000 54
11111111111111108777213952.000000 4.150759e-36 3.980553e-36 99.000000 54
111111111111111104952008704.000000 9.634681e-38 8.967044e-38 15.000000 43
1111111111111110912081133568.000000 5.616035e-38 5.393406e-38 99.000000 54
11111111111111109670567149568.000000 7.792358e-39 7.474195e-39 99.000000 54
111111111111111105501764517888.000000 2.572103e-40 2.458172e-40 99.000000 54
1111111111111110914280156823552.000000 8.469765e-42 8.061052e-42 99.000000 54
11111111111111109705751521656832.000000 8.613839e-42 8.264418e-42 99.000000 54
111111111111111097057515216568320.000000 1.007878e-42 9.663158e-43 99.000000 54
1111111111111111114690340241539072.000000 8.305680e-44 7.956880e-44 99.000000 54
11111111111111109993981897808543744.000000 1.151353e-44 1.103635e-44 99.000000 54
111111111111111113774877033367601152.000000 1.215830e-45 1.165175e-45 99.000000 54
1111111111111111027068305891418701824.000000 7.040153e-47 6.737077e-47 99.000000 54
11111111111111108499795627838070063104.000000 1.862705e-48 1.803120e-48 99.000000 54
111111111111111089720322761250345844736.000000 9.583479e-49 9.201888e-49 99.000000 54
1111111111111110859424295749546296737792.000000 1.127707e-49 1.081447e-49 99.000000 54
11111111111111107687548592784491086348288.000000 1.023545e-50 9.808122e-51 99.000000 54
111111111111111081711189206303427562307584.000000 8.117509e-52 7.774139e-52 99.000000 54
1111111111111110971854396973706809985466368.000000 4.411691e-53 4.219188e-53 99.000000 54
11111111111111110028028979558413168579444736.000000 4.477725e-54 4.287413e-54 99.000000 54
111111111111111107707930031296413335189192704.000000 5.132942e-55 4.918001e-55 99.000000 54
1111111111111110997851137798699795758347976704.000000 8.211920e-56 7.873194e-56 99.000000 54
11111111111111110612336678101112658331831369728.000000 7.424082e-57 7.113531e-57 99.000000 54
111111111111111113729270382380502992298532929536.000000 5.925053e-58 5.674277e-58 99.000000 54
1111111111111111177857523031108370770879831867392.000000 4.101979e-59 3.925965e-59 99.000000 54
11111111111111112103093783969510434491954339250176.000000 2.101747e-60 2.025844e-60 99.000000 54
111111111111111128819383127497345787715287886331904.000000 1.283261e-61 1.232314e-61 99.000000 54
1111111111111111122040331801858973764176996328275968.000000 1.797770e-63 1.735042e-63 15.000000 43
11111111111111110888096319072360769415818198212673536.000000 4.675089e-63 4.486565e-63 99.000000 54
111111111111111100905595216014112456735339620444667904.000000 1.068830e-64 9.887475e-65 15.000000 43
1111111111111111179197135620610356299040699920330784768.000000 2.073525e-65 1.992350e-65 99.000000 54
11111111111111112132253723127042026453781606635076059136.000000 4.437522e-66 4.260830e-66 99.000000 54
111111111111111121322537231270420264537816066350760591360.000000 9.617711e-68 8.902708e-68 15.000000 43
1111111111111111126113086380943955998754261160974943780864.000000 2.308431e-68 2.216670e-68 99.000000 54
11111111111111112654927438717603506333525003650272031932416.000000 4.567548e-69 4.381675e-69 99.000000 54
111111111111111115398901787910723492567390900178539566333952.000000 7.771776e-70 7.453623e-70 99.000000 54
1111111111111111332394979467352220057959655182972287711182848.000000 1.628942e-71 1.518854e-71 15.000000 43
11111111111111112610325948320542260050453567104975308920455168.000000 5.773466e-72 5.546100e-72 99.000000 54
111111111111111117539773326969663314154819854352782270908071936.000000 9.393418e-73 9.011171e-73 99.000000 54
1111111111111111358085437936059497917008802633063200166072287232.000000 1.085539e-73 1.040692e-73 99.000000 54
11111111111111112484728151362417790517324401793419736918773465088.000000 5.148557e-75 4.925019e-75 99.000000 54
111111111111111133616291337609595414395353014231895487123329908736.000000 8.328330e-77 8.227872e-77 61.000000 6
1111111111111111195858756192329273996399786201555784984263774961664.000000 5.755263e-78 5.557037e-78 99.000000 54
11111111111111113081020819393426181144427813541663208938393942622208.000000 5.661522e-78 5.433685e-78 99.000000 54
111111111111111121830742134173194282000838523207789216617889882177536.000000 1.145890e-78 1.099221e-78 99.000000 54
1111111111111111170416935689672915996310040633630730178093301253537792.000000 7.924695e-80 7.591159e-80 99.000000 54
11111111111111112087293242113201374552687163123884597685617793081278464.000000 4.274256e-81 4.117134e-81 99.000000 54
111111111111111123937923502863791462243565685539464344093656175179988992.000000 9.369864e-82 8.994079e-82 99.000000 54
1111111111111111288419092336346358089902761724204537316736213661675159552.000000 2.030174e-83 1.888488e-83 15.000000 43
11111111111111112491872064901796033159290778291566222160964921337749438464.000000 1.445089e-84 1.392214e-84 99.000000 54
111111111111111115503068045937939185839223648104162597456116046681442615296.000000 7.608689e-86 7.304091e-86 99.000000 54
1111111111111111230355901284019561024421709559533622967789425800382840307712.000000 7.779652e-87 7.476689e-87 99.000000 54
11111111111111111098355479645952903587745526339464277786242012666733776601088.000000 9.276774e-88 8.909389e-88 99.000000 54
111111111111111120625183062013470689129227817441618392995638089364094777819136.000000 6.682721e-88 6.413493e-88 99.000000 54
1111111111111111257673848036422395708635065129333387210666876694690318507835392.000000 1.656525e-89 1.531236e-89 15.000000 43
11111111111111112576738480364223957086350651293333872106668766946903185078353920.000000 2.389127e-90 2.297602e-90 99.000000 54
111111111111111125767384803642239570863506512933338721066687669469031850783539200.000000 1.824105e-91 1.751982e-91 99.000000 54
1111111111111111257673848036422395708635065129333387210666876694690318507835392000.000000 5.538929e-93 5.065387e-93 15.000000 43
11111111111111112576738480364223957086350651293333872106668766946903185078353920000.000000 8.323974e-93 7.990454e-93 99.000000 54
111111111111111132507371470429899519530260284688246389475973775104174971059441762304.000000 1.097244e-93 1.052271e-93 99.000000 54
1111111111111111486833394707202833963304693369000247936582604286285184597216079118336.000000 1.034205e-94 9.910985e-95 99.000000 54
11111111111111115299693093746438576347719175082316570144020353623501005669818555170816.000000 9.250479e-96 8.861557e-96 99.000000 54
111111111111111149546057764069103869759813819684652975214649050149816779116923439808512.000000 3.965440e-97 3.789575e-97 99.000000 54
1111111111111111605888519189340059296554231993278936991364234056224352673769621978873856.000000 2.377258e-98 2.271360e-98 99.000000 54
11111111111111116942308724282592757757191070304248627827384289000053005798499320435048448.000000 4.542244e-99 4.353435e-99 99.000000 54
111111111111111162355698983712390259238720700070812214963907302498054225498568399180005376.000000 3.532739e-100 3.383535e-100 99.000000 54
1111111111111111651826542873578051865719967012594818402878815374990445584931383212481970176.000000 2.213766e-101 2.118210e-101 99.000000 54
11111111111111115613639731569247741910551349745573903925116398549587549291051457062998376448.000000 5.929945e-103 5.643599e-103 99.000000 54
111111111111111170610408470357001847051886623541727520909912068700945997842712571619124969472.000000 1.409436e-103 1.350474e-103 99.000000 54
1111111111111111648208040084911920758733373731073321282464128354189177958698333712234684874752.000000 2.343802e-104 2.247241e-104 99.000000 54
11111111111111118334753828646178334364469497449739738476961038192140804218304681248956922986496.000000 4.253403e-106 4.138276e-106 99.000000 54
111111111111111175936844575273546836536151933941371282160331363320411943657761435983128932909056.000000 6.683313e-106 6.414081e-106 99.000000 54
1111111111111111877939545131747252479098207988310130463351777930820057012982180383934334080385024.000000 4.028769e-107 3.859265e-107 99.000000 54
11111111111111117830826656285378251881088570691929963499530064927273069518585275646518982793494528.000000 6.972632e-109 6.876626e-109 15.000000 43
111111111111111178308266562853782518810885706919299634995300649272730695185852756465189827934945280.000000 9.741822e-110 9.316615e-110 99.000000 54
1111111111111111722374262746483791721875672480958030517377792772347946912739389760311139366686687232.000000 5.021988e-110 4.822448e-110 99.000000 54
11111111111111118195077073577702452678487678221339758494981347249549229753300102472563536269471121408.000000 2.800468e-111 2.683102e-111 99.000000 54
111111111111111174180095166874108243107029154919321958380186116286934212525751385770018221873877221376.000000 2.842032e-112 2.722863e-112 99.000000 54
1111111111111111803966356219964412700493072567545824596358880012537806805315510969345119345305444155392.000000 3.336806e-113 3.197770e-113 99.000000 54
11111111111111117542340325789857484849548477528637405863132649328030350612691132800291696440521066020864.000000 4.168461e-114 3.995575e-114 99.000000 54
111111111111111187359160931733454260224658730810074221042274112416648724698046773438744892706011673001984.000000 5.598831e-115 5.367440e-115 99.000000 54
1111111111111111905420296447560887700191051189497275976851934775196741163170162255549656735862252764135424.000000 1.216282e-116 1.134702e-116 15.000000 43
11111111111111119818091455601041159352577645048489570162819995376693505620254291063389554769873792460128256.000000 3.086916e-117 2.966984e-117 99.000000 54
111111111111111181884626745334522903378210943209870413216452804439445051113419315798845149592044275134103552.000000 4.982642e-118 4.780550e-118 99.000000 54
1111111111111111786253691831993451653486978417548653555341033745739470500955945968318350699707055452406677504.000000 1.032242e-119 9.625317e-120 15.000000 43
11111111111111117862536918319934516534869784175486535553410337457394705009559459683183506997070554524066775040.000000 6.723188e-120 6.456003e-120 99.000000 54
111111111111111195312767901331455184059804921204491250867732455485296815306857157942926677631959842295059054592.000000 4.143516e-121 3.970728e-121 99.000000 54
1111111111111111819628489268257671690909192576447905346008291907562170031378471090540533915029564046515460112384.000000 3.493002e-122 3.345806e-122 99.000000 54
11111111111111117929286513192462956609714212493285039134744853781040104070404509927627873427715571712284340256768.000000 5.898514e-123 5.655217e-123 99.000000 54
111111111111111162204968844557348906936968475576433474525812358957178881127712236698520928032031316939146707075072.000000 3.416621e-124 3.270507e-124 99.000000 54
1111111111111111690401273595042611706010379353190002412544668304984677449582453817296240505300810770126253852721152.000000 2.392685e-125 2.289521e-125 99.000000 54
11111111111111116630606395352549626513541015142197353456300504188195219942603212371718280153086117298323391399329792.000000 1.073816e-126 1.025428e-126 99.000000 54
111111111111111175055066852657543962625419059892458995975682765454801945129114549356994798328364865877286622085513216.000000 5.964229e-127 5.727702e-127 99.000000 54
1111111111111111680558645333519058046334119331160706268455405865965221485666486088451452008903619115620444556117409792.000000 4.953581e-128 4.748950e-128 99.000000 54
11111111111111115965682175018514001504300338098440458388936997196658639269168948023092568396475836638375385584321429504.000000 1.552742e-129 1.497975e-129 99.000000 54
111111111111111168615800718896356857272772503258181696375951960905184532291645884086093168685402147907263828929642758144.000000 4.314458e-130 4.140180e-130 99.000000 54
1111111111111111757829838938653303310565878010772033863652175520560630439716110071702271564619171731260718073987855286272.000000 1.602314e-130 1.537446e-130 99.000000 54
11111111111111118151673043384050911008364003933242073835663002497676585331558310563753434668312919330111819017409974501376.000000 1.596115e-131 1.530036e-131 99.000000 54
111111111111111167755738737900080040418714667519899093577240089967079110890050069315997090152220344881006871513345625686016.000000 3.240904e-133 3.037125e-133 15.000000 43
1111111111111111787645320946524232961506549649699164094007520379748285048304764983732268953769474236170959264419489211482112.000000 6.946792e-134 6.679199e-134 99.000000 54
11111111111111117582885386618513176128880421898324512518114885183942866644636278395796561398368686928747217846098804235829248.000000 1.678965e-135 1.559359e-135 15.000000 43
111111111111111157040513203994465938172959444668548906175688460572869700788035011700293413066819321577880191382838418102812672.000000 1.346971e-136 1.295502e-136 99.000000 54
1111111111111111645558494688707322674192973543944273937778726170794932870513661206033622934335663406617169862140982678050045952.000000 3.951007e-137 3.792836e-137 99.000000 54
11111111111111116756198397482123879911783251828477878881874627968214272155669856416458984558026514829525170414660220768588136448.000000 2.232012e-138 2.138175e-138 99.000000 54
111111111111111157942353555779617897682519993835654324687950559353664531139634744768661678710828963867940606762589600067075702784.000000 1.095492e-139 1.055573e-139 99.000000 54
1111111111111111656380578910129146188307700133949538959925871356164470834732858002854042122063779114097894846697996861621202321408.000000 2.669376e-140 2.562396e-140 99.000000 54
11111111111111115332493095463963986499356998210007458190516861359599499973944411145861615861349959534283128001826354841004898516992.000000 1.100820e-141 1.053639e-141 99.000000 54
111111111111111158250181729188949766528449994618026307540136022404175833232980786989331380050650921769614561878878003510877483958272.000000 1.833173e-142 1.761899e-142 99.000000 54
1111111111111111661305829684678456089842580146467490685560838764972651668226394678384757343500930440524678128558611316722030820196352.000000 1.303016e-143 1.249512e-143 99.000000 54
11111111111111117243490395989096228294890443066972727736884215977173663369436641251779121778964674187875041363744763420126356046872576.000000 2.667531e-144 2.558403e-144 99.000000 54
111111111111111167391447166752468943777187297851344710318635533152159460196984856774338831038003783617724333012178432178015177709453312.000000 6.591645e-145 6.323097e-145 99.000000 54
1111111111111111552871508632200849297650661790872265493981396292651742438032691229900531028340606837912617395115323473222190590871994368.000000 1.229599e-145 1.179340e-145 99.000000 54
11111111111111116497058790604599214097476307409852107813453635237476241691824171001748168539721516365243181431204921520685595398500253696.000000 8.643046e-147 8.279026e-147 99.000000 54
111111111111111167552837784132900730630682246101532952464242145203985929748901066558129307414056358282077167592187046642759125957750030336.000000 1.336682e-148 1.294948e-148 15.000000 43
1111111111111111551580383693157395002822702204870759556816543396237130681617361551630207217332186240597794718475254557504239004885620621312.000000 1.963304e-149 1.879728e-149 99.000000 54
11111111111111116176859805721822548980142330081478635396570116926652526100822410790707863409633208231167157624467830422633602073879564517376.000000 8.524181e-150 8.178030e-150 99.000000 54
111111111111111167057045807540214281416745765076954672592938632980775015285414470102324963986822848913185259762400583007065716938982511607808.000000 6.720936e-151 6.440092e-151 99.000000 54
1111111111111111712878040077978053147090037364866893274947286039521748187071667598585220278992154621943962065765784060316494738991320047550464.000000 1.157150e-152 1.089043e-152 15.000000 43
11111111111111116790319744759173248807519735935890160357329662717505497596976492805356437676930137156942744912523614761198246833101241023725568.000000 4.139838e-153 3.977601e-153 99.000000 54
111111111111111157072456454932299442847016952549980887024714301488271479210079066277699893153576281569527425280940920669048050513029707780325376.000000 3.827983e-154 3.670934e-154 99.000000 54
1111111111111111657370492490598458790295612779971174602635801620376982766178277556983914800461563535694474443563771022233955847674158697458696192.000000 1.584599e-155 1.515340e-155 99.000000 54
11111111111111117613456060201290160244861446853368134815021919469701043350712618300322138431725243996935146724690052008861262587267926410452271104.000000 3.150372e-156 3.019942e-156 99.000000 54
111111111111111167816551519650457023713371916104430237840907968569560707995687441159357460900375570849428248934481785796438992988468548617600237568.000000 5.090679e-157 4.881296e-157 99.000000 54
1111111111111111855616375620236721250152226946201659398341052509747867890867567570929338308563795583052644480009750856197427431414514083230348476416.000000 1.040137e-158 9.707796e-159 15.000000 43
11111111111111117491458593659974306423411222751072451863818688153165114043211516753278800888277716583176272856107910572576049304966169249977408159744.000000 6.593819e-160 6.299801e-160 99.000000 54
111111111111111172075372169820028648025816102948206806319275316346814967457544076983415789689816527838828936710440177754031893025184434946904543985664.000000 1.971167e-160 1.890285e-160 99.000000 54
1111111111111111675326301429724855820925423036481784666090168120510770906982303321044202389810795070501348697494178929992661329860208228623132838068224.000000 5.752928e-161 5.524729e-161 99.000000 54
11111111111111115663004927853838222385268518532811045130439640174130618647587734439483091728011065715726910904296440958782830889202815385929425937760256.000000 1.096703e-161 1.052123e-161 99.000000 54
111111111111111165352113970085664910444570879984164863548092729989122909853759734562502374640885737071561717608127196316978568167222289061709478920978432.000000 1.009875e-162 9.678846e-163 99.000000 54
1111111111111111793074174765613172089915879914338519231380068551856296672583715588307767064181258649344298913123876550836189830075329053855738301903798272.000000 7.349416e-164 7.037546e-164 99.000000 54
11111111111111116814317467138079537015397430227410227546607555502842426133468209941615724099633376264413535234897928807030665113528441232648234917485871104.000000 3.506572e-165 3.351384e-165 99.000000 54
111111111111111162188911841951183722773913668055569130041045528277914711508714387728360192771377974755978264901828158996540074136751882694966892633247449088.000000 1.033438e-166 1.001061e-166 99.000000 54
1111111111111111812425528961259409943901076975548751954011416138795452709518110651293107470912364959980809447327117720325931205320559775158163535664034873344.000000 2.011552e-167 1.932788e-167 99.000000 54
11111111111111117362109647445603808574363008575515276925710317963889304717457239416893052536329308750123987280035832681817190197393433958747656919314107203584.000000 3.428657e-168 3.289180e-168 99.000000 54
111111111111111173621096474456038085743630085755152769257103179638893047174572394168930525363293087501239872800358326818171901973934339587476569193141072035840.000000 7.129127e-169 6.838231e-169 99.000000 54
1111111111111111638656322547185623626761387426515080637927339838108582007397068953396438415515255246252833007269459169437127422195386430392016451953651804536832.000000 5.276016e-170 5.054529e-170 99.000000 54
11111111111111116386563225471856236267613874265150806379273398381085820073970689533964384155152552462528330072694591694371274221953864303920164519536518045368320.000000 5.546580e-171 5.314449e-171 99.000000 54
111111111111111176352626455982531288202527661824173286787126554470742804176334733841130796830588005106507712980913801583020466705165134620993547912518321678843904.000000 8.351435e-172 8.006487e-172 99.000000 54
1111111111111111663630310949713561477814165264860411083916124979428351214270324630399412326073380207215281831777394938715742871166639413555600257387958086987153408.000000 1.998945e-173 1.994391e-173 15.000000 43
11111111111111118234638367258923637245519434302705259382443498838748741382591609632184453536453799573749543086281838620988817445826585058025366121675182946692104192.000000 2.955197e-174 2.843364e-174 99.000000 54
111111111111111169559701610494932192716172089794243405478176996031765579906809189696321893158778015724721632714755272339237064584984323200498752834387012852356481024.000000 7.263954e-176 6.981867e-176 99.000000 54
1111111111111111772317108477515147005595854417339289184859317914451986802582733336716354784822340037323859116035931406616277305089532396283516978638059028210952175616.000000 2.488554e-177 2.483623e-177 99.000000 54
11111111111111116086475780827080535049363695759593315740272156122987473284181649319096649645886122931603544997407235490719430987115288458226541513437893755445257961472.000000 3.866181e-178 3.710690e-178 99.000000 54
111111111111111157591367200374663480480447260768334005186079515186809943358525125094832700054186674432765357648168197756307625743592813573048158588493544501124052025344.000000 3.118403e-179 2.997337e-179 99.000000 54
1111111111111111549726547140577499844698955033062546834127658783523581117718920306179256629304470305261492837874448720355982784415447567656743533517852300584612299538432.000000 5.957126e-179 5.717617e-179 99.000000 54
11111111111111116335253467027187317170366112718490851308736951622260397284911793294402818172641389102732072014175951434186818980809853854927053010925183627498226058264576.000000 2.443985e-180 2.339023e-180 99.000000 54
111111111111111156648630705300574621916648628081985449347686605926407283987337211083146166689640402626383571058307800496852260714855513122393588703278551301765436079603712.000000 3.429257e-182 3.186481e-182 61.000000 6
1111111111111111512855075333235357820870386287996469983559402776894499328979126335944405546602216119056338517915464294208395174402610927808920355784999233231919764771700736.000000 8.501273e-183 8.142770e-183 99.000000 54
11111111111111116415700314606842899767810262707725928073613146545814757551253161956733402353082670963543317803177372000327010129928770160049576307796863047176827952301080576.000000 1.138417e-183 1.091160e-183 99.000000 54
111111111111111153859806655872514425205251428455169454831978515243189461420836430789019248434342631451593717039591887537325634212066414544812781078393664752907237086338220032.000000 2.279969e-184 2.186567e-184 99.000000 54
1111111111111111675894019761337338551690530266179558893708491155298002802097633491601056152296547356967129983625009974919182569950281306190567570778269523780552936685683343360.000000 5.152273e-186 4.798740e-186 15.000000 43
11111111111111115880246097116655341999222000379377257126597193134636935618485012140261034048065498897983665831583916712097897841393263233154061243818964829796053745594106118144.000000 1.395723e-186 1.338198e-186 99.000000 54
111111111111111158802460971166553419992220003793772571265971931346369356184850121402610340480654988979836658315839167120978978413932632331540612438189648297960537455941061181440.000000 2.718078e-187 2.606929e-187 99.000000 54
1111111111111111644261032143455488985053931384012498948530933292237651475607945871674073163200148268786375159457027385583801167058337512355509450075575229092211814320225160003584.000000 5.310646e-188 5.093643e-188 99.000000 54
11111111111111115092936183071595975007377761534330431824400197431801524825852786933189457430555121592151545763403016710861738480527106586592614684107462384219563588942702443495424.000000 3.610867e-189 3.458553e-189 99.000000 54
111111111111111161726754937619631068819070033789660779531275058242615167700341243600304767917122104687213104283368224268427570325721214161625985374260943095816072323503417687277568.000000 3.926845e-190 3.775822e-190 99.000000 54
1111111111111111530888404520966940138228360990325756105014565911029352321468905441855766130278653936746549869638977785405794219093610955250661145477118876929197231762423030854189056.000000 5.535910e-191 5.311606e-191 99.000000 54
11111111111111117151639135454562639781480182651435730443173598766758576132758536960366334345827971050144563724543472942665547186426268194972717231101653921909860135706601423605071872.000000 3.843434e-192 3.682071e-192 99.000000 54
111111111111111164145370993566053444218015535521644626859624229041725549655307439436428651286113983770729377132819949072225051882302047379862749205694678608627050084736529775797993472.000000 7.125719e-194 6.744913e-194 15.000000 43
1111111111111111759390035711333701699728736011099849109750030428431018883309521277040041587615791465398753933130035976393137238534390626916458261742096555853815321204637049122023538688.000000 3.843564e-194 3.686300e-194 99.000000 54
11111111111111117593900357113337016997287360110998491097500304284310188833095212770400415876157914653987539331300359763931372385343906269164582617420965558538153212046370491220235386880.000000 8.057444e-195 7.728581e-195 99.000000 54
111111111111111175939003571133370169972873601109984910975003042843101888330952127704004158761579146539875393313003597639313723853439062691645826174209655585381532120463704912202353868800.000000 4.567595e-196 4.373244e-196 99.000000 54
1111111111111111759390035711333701699728736011099849109750030428431018883309521277040041587615791465398753933130035976393137238534390626916458261742096555853815321204637049122023538688000.000000 8.088654e-198 7.634876e-198 15.000000 43
11111111111111115661631595604707844649611414645004818948036639431092689504477587044640844731377702385890656040339070782699564369592817680482043286899471730666698875312830116871744979468288.000000 4.311949e-198 4.142546e-198 99.000000 54
111111111111111172074466048116111825277521710177997566676075713136666889673716876252485016472018722003681626731081019676850107821936885514280747513166667929638623446996624163505373053976576.000000 2.807362e-199 2.691124e-199 99.000000 54
1111111111111111658912060112884984737649586846868178157977919856063708918221404739300543888087220427457716002000048949369083221715334020304966216554978876804499695694492949655902037502590976.000000 6.164979e-200 5.921783e-200 99.000000 54
11111111111111116094459798182640779255490826429387401509516500358213409354087935207210988667808469933944357897514399514495489365121061524346932096936286348109904646741143160725806830728511488.000000 6.538109e-201 6.270202e-201 99.000000 54
111111111111111164901884405396080337522948600608229055657266589201523532165888249558465488382594574064505995955032714978517636467468844673091161518270882840579784949041722293923776661664301056.000000 4.029563e-202 3.858374e-202 99.000000 54
1111111111111111775652009608190324814206776768141651854559916631835697357659167215148034138370261731847057302906766184459184134794951788478810512747765447909181480902586524912540433956776968192.000000 5.653230e-203 5.418281e-203 99.000000 54
11111111111111117249987433864985162386158604633179073353650163359075125432590533273226824365525353353662583655641905705895810267468464517796509537217428001078280283377188041232193670207233851392.000000 5.656261e-204 5.420017e-204 99.000000 54
111111111111111164395351743179162251767039437559991610465317586242241684021887110680211971364417310099698006581606958839821605386987791306099565928010656362566250423393045086030565992303765225472.000000 1.117705e-205 1.048889e-205 15.000000 43
1111111111111111546699246286143350052535835070338326627798967294240301996570652442177444446154138419753846106118324409768578086417515666598609305950143079847063875309384426944809211405814772793344.000000 2.501519e-206 2.404969e-206 99.000000 54
11111111111111114948303016751309380711307367741988122401433893912098407466249358210442843034927865897575079942795269811661045037762558018186699175074958884984779398829598808565444388632959037472768.000000 8.402819e-208 8.080362e-208 99.000000 54
111111111111111137034483460870114931575850086346397770977000242393673374675521593032469996110554219776629652586641315252016790543723212634681538524514262926187169485954097024470898476125061803671552.000000 7.828877e-208 7.514080e-208 99.000000 54
1111111111111111469933208261844980320056289592051845334068711997755219346650991842900367435015337711359265700596904215436917184108451066724299011055025236651156690878276098734177348042886846605164544.000000 1.048210e-208 1.005212e-208 99.000000 54
11111111111111115496039071843600451234945205749221394335076796568100078265676125729609014141431741222336410403812970657703166070454262190262859117029313225625846876932642015257520386681958294599237632.000000 6.454322e-210 6.180010e-210 99.000000 54
111111111111111103971143408026363038148984228455225719709828663885936155510123990057348394772502109263763886576118282363656030024878524429356974755633237272944550807734034365967401866621833918946476032.000000 4.283248e-210 4.098594e-210 99.000000 54
211111111111111100944455629277399204096434556000728082358070414836283003945678065591544733177208361131791398992092164771838165759246802913996359796680477150815574398800824347778583679928001047801364480.000000 5.660674e-210 5.424091e-210 99.000000 54
311111111111111131910599390801529686177530102904222594100271700316672937145656985951568902676458148306219056382740329988937388613391146380816822447500980350895876630929204853994966826699334194686853120.000000 5.637600e-210 5.401503e-210 99.000000 54
411111111111111094891080071779471535991335211091732807654553916736976700816786216659937409986620864867846423824039929588202437227983359883275129878774956906557621580934404311400947306540335305511141376.000000 1.767324e-210 1.686515e-210 99.000000 54
511111111111111057871560752757413385805140319279243021208836133157280464487915447368305917296783581429473791265339529187467485842575573385733437310048933462219366530939603768806927786381336416335429632.000000 3.424693e-210 3.292695e-210 99.000000 54
611111111111111020852041433735355235618945427466753234763118349577584228159044678076674424606946297991101158706639128786732534457167786888191744741322910017881111480944803226212908266222337527159717888.000000 7.102286e-210 6.815237e-210 99.000000 54
711111111111110983832522114713297085432750535654263448317400565997887991830173908785042931917109014552728526147938728385997583071760000390650052172596886573542856430950002683618888746063338637984006144.000000 7.636440e-210 7.321132e-210 99.000000 54
811111111111110946813002795691238935246555643841773661871682782418191755501303139493411439227271731114355893589238327985262631686352213893108359603870863129204601380955202141024869225904339748808294400.000000 4.501570e-210 4.309071e-210 99.000000 54
911111111111110909793483476669180785060360752029283875425964998838495519172432370201779946537434447675983261030537927584527680300944427395566667035144839684866346330960401598430849705745340859632582656.000000 2.384221e-210 2.297720e-210 99.000000 54
1011111111111110872773964157647122634874165860216794088980247215258799282843561600910148453847597164237610628471837527183792728915536640898024974466418816240528091280965601055836830185586341970456870912.000000 4.874214e-210 4.679029e-210 99.000000 54
1111111111111110835754444838625064484687970968404304302534529431679103046514690831618516961157759880799237995913137126783057777530128854400483281897692792796189836230970800513242810665427343081281159168.000000 8.315372e-211 7.789490e-211 15.000000 43
1211111111111110798734925519603006334501776076591814516088811648099406810185820062326885468467922597360865363354436726382322826144721067902941589328966769351851581180975999970648791145268344192105447424.000000 7.831423e-210 7.518108e-210 99.000000 54
1311111111111110897686732361673325448850162062211293326018932002639882912914648672338565300156259455148093310694433457217256223238417541334124207199333799196350440695227561525675576958970009375052136448.000000 1.108942e-209 1.063561e-209 99.000000 54
1411111111111110996638539203743644563198548047830772135949052357180359015643477282350245131844596312935321258034430188052189620332114014765306825069700829040849300209479123080702362772671674557998825472.000000 1.050977e-209 1.007214e-209 99.000000 54
1511111111111111095590346045813963677546934033450250945879172711720835118372305892361924963532933170722549205374426918887123017425810488196489442940067858885348159723730684635729148586373339740945514496.000000 5.774697e-210 5.525367e-210 99.000000 54
1611111111111111194542152887884282791895320019069729755809293066261311221101134502373604795221270028509777152714423649722056414519506961627672060810434888729847019237982246190755934400075004923892203520.000000 2.244264e-210 2.141386e-210 99.000000 54
1711111111111111293493959729954601906243706004689208565739413420801787323829963112385284626909606886297005100054420380556989811613203435058854678680801918574345878752233807745782720213776670106838892544.000000 3.590395e-210 3.439148e-210 99.000000 54
1811111111111111392445766572024921020592091990308687375669533775342263426558791722396964458597943744084233047394417111391923208706899908490037296551168948418844738266485369300809506027478335289785581568.000000 2.647519e-210 2.534708e-210 99.000000 54
1911111111111111491397573414095240134940477975928166185599654129882739529287620332408644290286280601871460994734413842226856605800596381921219914421535978263343597780736930855836291841180000472732270592.000000 3.168392e-210 3.035896e-210 99.000000 54
2011111111111111590349380256165559249288863961547644995529774484423215632016448942420324121974617459658688942074410573061790002894292855352402532291903008107842457294988492410863077654881665655678959616.000000 9.450759e-211 9.017843e-211 99.000000 54
2111111111111111689301187098235878363637249947167123805459894838963691734745277552432003953662954317445916889414407303896723399987989328783585150162270037952341316809240053965889863468583330838625648640.000000 4.168584e-210 4.004071e-210 99.000000 54
2211111111111111788252993940306197477985635932786602615390015193504167837474106162443683785351291175233144836754404034731656797081685802214767768032637067796840176323491615520916649282284996021572337664.000000 1.160616e-210 1.110348e-210 99.000000 54
2311111111111111887204800782376516592334021918406081425320135548044643940202934772455363617039628033020372784094400765566590194175382275645950385903004097641339035837743177075943435095986661204519026688.000000 2.384770e-210 2.291683e-210 99.000000 54
2411111111111111986156607624446835706682407904025560235250255902585120042931763382467043448727964890807600731434397496401523591269078749077133003773371127485837895351994738630970220909688326387465715712.000000 4.690784e-211 4.290384e-211 15.000000 43
2511111111111112085108414466517154821030793889645039045180376257125596145660591992478723280416301748594828678774394227236456988362775222508315621643738157330336754866246300185997006723389991570412404736.000000 5.146159e-210 4.939670e-210 99.000000 54
2611111111111112184060221308587473935379179875264517855110496611666072248389420602490403112104638606382056626114390958071390385456471695939498239514105187174835614380497861741023792537091656753359093760.000000 7.788716e-210 7.470115e-210 99.000000 54
2711111111111112283012028150657793049727565860883996665040616966206548351118249212502082943792975464169284573454387688906323782550168169370680857384472217019334473894749423296050578350793321936305782784.000000 1.116959e-209 1.071015e-209 99.000000 54
2811111111111112381963834992728112164075951846503475474970737320747024453847077822513762775481312321956512520794384419741257179643864642801863475254839246863833333409000984851077364164494987119252471808.000000 8.852620e-210 8.480679e-210 99.000000 54
2911111111111112480915641834798431278424337832122954284900857675287500556575906432525442607169649179743740468134381150576190576737561116233046093125206276708332192923252546406104149978196652302199160832.000000 5.200692e-210 4.975875e-210 99.000000 54
3011111111111112579867448676868750392772723817742433094830978029827976659304735042537122438857986037530968415474377881411123973831257589664228710995573306552831052437504107961130935791898317485145849856.000000 7.617529e-210 7.299940e-210 99.000000 54
3111111111111112678819255518939069507121109803361911904761098384368452762033563652548802270546322895318196362814374612246057370924954063095411328865940336397329911951755669516157721605599982668092538880.000000 1.835800e-210 1.831688e-210 99.000000 54
3211111111111112777771062361009388621469495788981390714691218738908928864762392262560482102234659753105424310154371343080990768018650536526593946736307366241828771466007231071184507419301647851039227904.000000 3.037506e-210 2.922148e-210 99.000000 54
3311111111111112876722869203079707735817881774600869524621339093449404967491220872572161933922996610892652257494368073915924165112347009957776564606674396086327630980258792626211293233003313033985916928.000000 4.025197e-210 3.862432e-210 99.000000 54
3411111111111112975674676045150026850166267760220348334551459447989881070220049482583841765611333468679880204834364804750857562206043483388959182477041425930826490494510354181238079046704978216932605952.000000 1.135344e-209 1.089235e-209 99.000000 54
3511111111111113074626482887220345964514653745839827144481579802530357172948878092595521597299670326467108152174361535585790959299739956820141800347408455775325350008761915736264864860406643399879294976.000000 1.145269e-209 1.097810e-209 99.000000 54
3611111111111113173578289729290665078863039731459305954411700157070833275677706702607201428988007184254336099514358266420724356393436430251324418217775485619824209523013477291291650674108308582825984000.000000 2.155120e-210 2.018652e-210 15.000000 43
3711111111111113272530096571360984193211425717078784764341820511611309378406535312618881260676344042041564046854354997255657753487132903682507036088142515464323069037265038846318436487809973765772673024.000000 8.884757e-210 8.534873e-210 99.000000 54
3811111111111113371481903413431303307559811702698263574271940866151785481135363922630561092364680899828791994194351728090591150580829377113689653958509545308821928551516600401345222301511638948719362048.000000 6.271388e-210 6.011822e-210 99.000000 54
3911111111111113470433710255501622421908197688317742384202061220692261583864192532642240924053017757616019941534348458925524547674525850544872271828876575153320788065768161956372008115213304131666051072.000000 2.196527e-210 2.118392e-210 99.000000 54
4011111111111113569385517097571941536256583673937221194132181575232737686593021142653920755741354615403247888874345189760457944768222323976054889699243604997819647580019723511398793928914969314612740096.000000 4.083670e-210 3.920948e-210 99.000000 54
4111111111111113668337323939642260650604969659556700004062301929773213789321849752665600587429691473190475836214341920595391341861918797407237507569610634842318507094271285066425579742616634497559429120.000000 2.224719e-210 2.139509e-210 99.000000 54
4211111111111113767289130781712579764953355645176178813992422284313689892050678362677280419118028330977703783554338651430324738955615270838420125439977664686817366608522846621452365556318299680506118144.000000 5.865733e-210 5.629214e-210 99.000000 54
4311111111111113866240937623782898879301741630795657623922542638854165994779506972688960250806365188764931730894335382265258136049311744269602743310344694531316226122774408176479151370019964863452807168.000000 3.870303e-210 3.707820e-210 99.000000 54
4411111111111113965192744465853217993650127616415136433852662993394642097508335582700640082494702046552159678234332113100191533143008217700785361180711724375815085637025969731505937183721630046399496192.000000 3.605761e-210 3.453883e-210 99.000000 54
4511111111111114064144551307923537107998513602034615243782783347935118200237164192712319914183038904339387625574328843935124930236704691131967979051078754220313945151277531286532722997423295229346185216.000000 4.341495e-210 4.160491e-210 99.000000 54
4611111111111114163096358149993856222346899587654094053712903702475594302965992802723999745871375762126615572914325574770058327330401164563150596921445784064812804665529092841559508811124960412292874240.000000 7.639207e-211 7.166673e-211 15.000000 43
4711111111111114262048164992064175336695285573273572863643024057016070405694821412735679577559712619913843520254322305604991724424097637994333214791812813909311664179780654396586294624826625595239563264.000000 8.323548e-210 7.991128e-210 99.000000 54
4811111111111114360999971834134494451043671558893051673573144411556546508423650022747359409248049477701071467594319036439925121517794111425515832662179843753810523694032215951613080438528290778186252288.000000 1.076001e-209 1.031913e-209 99.000000 54
4911111111111113916066474031835304507253734034784656097999912213616333254921681115545793943423689770585897095339527242332185124695073545141801208776174660442960924951298329116156644916787299672643338240.000000 5.786226e-210 5.538586e-210 99.000000 54
5011111111111113471132976229536114563463796510676260522426680015676120001419712208344228477599330063470722723084735448224445127872352978858086584890169477132111326208564442280700209395046308567100424192.000000 3.701230e-210 3.540538e-210 99.000000 54
5111111111111113026199478427236924619673858986567864946853447817735906747917743301142663011774970356355548350829943654116705131049632412574371961004164293821261727465830555445243773873305317461557510144.000000 9.651442e-210 9.255365e-210 99.000000 54
5211111111111112581265980624937734675883921462459469371280215619795693494415774393941097545950610649240373978575151860008965134226911846290657337118159110510412128723096668609787338351564326356014596096.000000 6.856269e-210 6.567070e-210 99.000000 54
5311111111111112136332482822638544732093983938351073795706983421855480240913805486739532080126250942125199606320360065901225137404191280006942713232153927199562529980362781774330902829823335250471682048.000000 2.086848e-210 2.015814e-210 99.000000 54
5411111111111111691398985020339354788304046414242678220133751223915266987411836579537966614301891235010025234065568271793485140581470713723228089346148743888712931237628894938874467308082344144928768000.000000 4.500350e-210 4.321893e-210 99.000000 54
5511111111111111246465487218040164844514108890134282644560519025975053733909867672336401148477531527894850861810776477685745143758750147439513465460143560577863332494895008103418031786341353039385853952.000000 3.070329e-210 2.942725e-210 99.000000 54
5611111111111110801531989415740974900724171366025887068987286828034840480407898765134835682653171820779676489555984683578005146936029581155798841574138377267013733752161121267961596264600361933842939904.000000 5.830026e-211 5.450655e-211 15.000000 43
5711111111111110356598491613441784956934233841917491493414054630094627226905929857933270216828812113664502117301192889470265150113309014872084217688133193956164135009427234432505160742859370828300025856.000000 4.258551e-210 4.089868e-210 99.000000 54
5811111111111109911664993811142595013144296317809095917840822432154413973403960950731704751004452406549327745046401095362525153290588448588369593802128010645314536266693347597048725221118379722757111808.000000 4.224543e-210 4.050944e-210 99.000000 54
5911111111111109466731496008843405069354358793700700342267590234214200719901992043530139285180092699434153372791609301254785156467867882304654969916122827334464937523959460761592289699377388617214197760.000000 7.246579e-211 6.808713e-211 15.000000 43
6011111111111109021797998206544215125564421269592304766694358036273987466400023136328573819355732992318979000536817507147045159645147316020940346030117644023615338781225573926135854177636397511671283712.000000 1.090109e-210 1.048207e-210 99.000000 54
6111111111111108576864500404245025181774483745483909191121125838333774212898054229127008353531373285203804628282025713039305162822426749737225722144112460712765740038491687090679418655895406406128369664.000000 9.949021e-211 9.544274e-211 99.000000 54
6211111111111108131931002601945835237984546221375513615547893640393560959396085321925442887707013578088630256027233918931565165999706183453511098258107277401916141295757800255222983134154415300585455616.000000 2.138072e-210 2.050935e-210 99.000000 54
6311111111111107686997504799646645294194608697267118039974661442453347705894116414723877421882653870973455883772442124823825169176985617169796474372102094091066542553023913419766547612413424195042541568.000000 7.099183e-210 6.811240e-210 99.000000 54
6411111111111107242064006997347455350404671173158722464401429244513134452392147507522311956058294163858281511517650330716085172354265050886081850486096910780216943810290026584310112090672433089499627520.000000 1.306813e-209 1.253435e-209 99.000000 54
6511111111111106797130509195048265406614733649050326888828197046572921198890178600320746490233934456743107139262858536608345175531544484602367226600091727469367345067556139748853676568931441983956713472.000000 7.594532e-210 7.271664e-210 99.000000 54
6611111111111106352197011392749075462824796124941931313254964848632707945388209693119181024409574749627932767008066742500605178708823918318652602714086544158517746324822252913397241047190450878413799424.000000 1.400714e-210 1.331563e-210 15.000000 43
6711111111111105907263513590449885519034858600833535737681732650692494691886240785917615558585215042512758394753274948392865181886103352034937978828081360847668147582088366077940805525449459772870885376.000000 2.754776e-210 2.637302e-210 99.000000 54
6811111111111105462330015788150695575244921076725140162108500452752281438384271878716050092760855335397584022498483154285125185063382785751223354942076177536818548839354479242484370003708468667327971328.000000 2.156003e-210 2.064003e-210 99.000000 54
6911111111111105017396517985851505631454983552616744586535268254812068184882302971514484626936495628282409650243691360177385188240662219467508731056070994225968950096620592407027934481967477561785057280.000000 3.538889e-210 3.401043e-210 99.000000 54
7011111111111104572463020183552315687665046028508349010962036056871854931380334064312919161112135921167235277988899566069645191417941653183794107170065810915119351353886705571571498960226486456242143232.000000 4.399608e-210 4.220457e-210 99.000000 54
7111111111111104127529522381253125743875108504399953435388803858931641677878365157111353695287776214052060905734107771961905194595221086900079483284060627604269752611152818736115063438485495350699229184.000000 5.121825e-210 4.910342e-210 99.000000 54
7211111111111103682596024578953935800085170980291557859815571660991428424376396249909788229463416506936886533479315977854165197772500520616364859398055444293420153868418931900658627916744504245156315136.000000 9.061669e-210 8.689973e-210 99.000000 54
7311111111111103237662526776654745856295233456183162284242339463051215170874427342708222763639056799821712161224524183746425200949779954332650235512050260982570555125685045065202192395003513139613401088.000000 5.548196e-210 5.312407e-210 99.000000 54
7411111111111102792729028974355555912505295932074766708669107265111001917372458435506657297814697092706537788969732389638685204127059388048935611626045077671720956382951158229745756873262522034070487040.000000 1.713366e-210 1.633506e-210 99.000000 54
7511111111111102347795531172056365968715358407966371133095875067170788663870489528305091831990337385591363416714940595530945207304338821765220987740039894360871357640217271394289321351521530928527572992.000000 2.476360e-211 2.358385e-211 15.000000 43
7611111111111101902862033369757176024925420883857975557522642869230575410368520621103526366165977678476189044460148801423205210481618255481506363854034711050021758897483384558832885829780539822984658944.000000 3.185496e-210 3.059745e-210 99.000000 54
7711111111111101457928535567457986081135483359749579981949410671290362156866551713901960900341617971361014672205357007315465213658897689197791739968029527739172160154749497723376450308039548717441744896.000000 5.457790e-210 5.235748e-210 99.000000 54
7811111111111101012995037765158796137345545835641184406376178473350148903364582806700395434517258264245840299950565213207725216836177122914077116082024344428322561412015610887920014786298557611898830848.000000 1.280411e-210 1.191803e-210 15.000000 43
7911111111111100568061539962859606193555608311532788830802946275409935649862613899498829968692898557130665927695773419099985220013456556630362492196019161117472962669281724052463579264557566506355916800.000000 1.722454e-210 1.657262e-210 99.000000 54
8011111111111100123128042160560416249765670787424393255229714077469722396360644992297264502868538850015491555440981624992245223190735990346647868310013977806623363926547837217007143742816575400813002752.000000 2.291329e-210 2.198856e-210 99.000000 54
8111111111111099678194544358261226305975733263315997679656481879529509142858676085095699037044179142900317183186189830884505226368015424062933244424008794495773765183813950381550708221075584295270088704.000000 7.207698e-210 6.915457e-210 99.000000 54
8211111111111099233261046555962036362185795739207602104083249681589295889356707177894133571219819435785142810931398036776765229545294857779218620538003611184924166441080063546094272699334593189727174656.000000 1.078536e-209 1.034311e-209 99.000000 54
8311111111111098788327548753662846418395858215099206528510017483649082635854738270692568105395459728669968438676606242669025232722574291495503996651998427874074567698346176710637837177593602084184260608.000000 7.910420e-210 7.577333e-210 99.000000 54
8411111111111098343394050951363656474605920690990810952936785285708869382352769363491002639571100021554794066421814448561285235899853725211789372765993244563224968955612289875181401655852610978641346560.000000 4.028464e-210 3.852292e-210 99.000000 54
8511111111111097898460553149064466530815983166882415377363553087768656128850800456289437173746740314439619694167022654453545239077133158928074748879988061252375370212878403039724966134111619873098432512.000000 6.220513e-211 5.960689e-211 15.000000 43
8611111111111097453527055346765276587026045642774019801790320889828442875348831549087871707922380607324445321912230860345805242254412592644360124993982877941525771470144516204268530612370628767555518464.000000 1.239760e-210 1.193136e-210 99.000000 54
8711111111111097008593557544466086643236108118665624226217088691888229621846862641886306242098020900209270949657439066238065245431692026360645501107977694630676172727410629368812095090629637662012604416.000000 2.347943e-210 2.254031e-210 99.000000 54
8811111111111096563660059742166896699446170594557228650643856493948016368344893734684740776273661193094096577402647272130325248608971460076930877221972511319826573984676742533355659568888646556469690368.000000 1.535194e-210 1.475979e-210 99.000000 54
8911111111111096118726561939867706755656233070448833075070624296007803114842924827483175310449301485978922205147855478022585251786250893793216253335967328008976975241942855697899224047147655450926776320.000000 6.786352e-210 6.513047e-210 99.000000 54
9011111111111095673793064137568516811866295546340437499497392098067589861340955920281609844624941778863747832893063683914845254963530327509501629449962144698127376499208968862442788525406664345383862272.000000 4.836962e-210 4.634793e-210 99.000000 54
9111111111111095228859566335269326868076358022232041923924159900127376607838987013080044378800582071748573460638271889807105258140809761225787005563956961387277777756475082026986353003665673239840948224.000000 5.333740e-210 5.127927e-210 99.000000 54
9211111111111094783926068532970136924286420498123646348350927702187163354337018105878478912976222364633399088383480095699365261318089194942072381677951778076428179013741195191529917481924682134298034176.000000 1.014169e-209 9.731442e-210 99.000000 54
9311111111111094338992570730670946980496482974015250772777695504246950100835049198676913447151862657518224716128688301591625264495368628658357757791946594765578580271007308356073481960183691028755120128.000000 4.259756e-210 4.076187e-210 99.000000 54
9411111111111093894059072928371757036706545449906855197204463306306736847333080291475347981327502950403050343873896507483885267672648062374643133905941411454728981528273421520617046438442699923212206080.000000 1.632950e-210 1.576678e-210 99.000000 54
9511111111111093449125575126072567092916607925798459621631231108366523593831111384273782515503143243287875971619104713376145270849927496090928510019936228143879382785539534685160610916701708817669292032.000000 6.178041e-210 5.931437e-210 99.000000 54
9611111111111093004192077323773377149126670401690064046057998910426310340329142477072217049678783536172701599364312919268405274027206929807213886133931044833029784042805647849704175394960717712126377984.000000 6.756724e-210 6.479013e-210 99.000000 54
9711111111111092559258579521474187205336732877581668470484766712486097086827173569870651583854423829057527227109521125160665277204486363523499262247925861522180185300071761014247739873219726606583463936.000000 6.801415e-210 6.518365e-210 99.000000 54
9811111111111093202095691007914015377823442372929021665918239619507262545786799697095576713055457251747157494044306380938272068214599876669579121874665104522027503071308770959757747022364048078019756032.000000 2.993486e-210 2.862053e-210 99.000000 54
9911111111111093844932802494353843550310151868276374861351712526528428004746425824320501842256490674436787760979091636715878859224713389815658981501404347521874820842545780905267754171508369549456048128.000000 5.499507e-210 5.285948e-210 99.000000 54
10011111111111094487769913980793671722796861363623728056785185433549593463706051951545426971457524097126418027913876892493485650234826902961738841128143590521722138613782790850777761320652691020892340224.000000 7.300872e-210 7.004020e-210 99.000000 54
10111111111111095130607025467233499895283570858971081252218658340570758922665678078770352100658557519816048294848662148271092441244940416107818700754882833521569456385019800796287768469797012492328632320.000000 3.532612e-210 3.381166e-210 99.000000 54
10211111111111095773444136953673328067770280354318434447652131247591924381625304205995277229859590942505678561783447404048699232255053929253898560381622076521416774156256810741797775618941333963764924416.000000 4.719619e-210 4.522543e-210 99.000000 54
10311111111111096416281248440113156240256989849665787643085604154613089840584930333220202359060624365195308828718232659826306023265167442399978420008361319521264091927493820687307782768085655435201216512.000000 6.537420e-210 6.266789e-210 99.000000 54
10411111111111097059118359926552984412743699345013140838519077061634255299544556460445127488261657787884939095653017915603912814275280955546058279635100562521111409698730830632817789917229976906637508608.000000 2.665798e-210 2.548474e-210 99.000000 54
10511111111111097701955471412992812585230408840360494033952549968655420758504182587670052617462691210574569362587803171381519605285394468692138139261839805520958727469967840578327797066374298378073800704.000000 4.257700e-211 4.069760e-211 15.000000 43
10611111111111098344792582899432640757717118335707847229386022875676586217463808714894977746663724633264199629522588427159126396295507981838217998888579048520806045241204850523837804215518619849510092800.000000 1.598411e-211 1.289690e-211 17.000000 15
10711111111111098987629694385872468930203827831055200424819495782697751676423434842119902875864758055953829896457373682936733187305621494984297858515318291520653363012441860469347811364662941320946384896.000000 4.751126e-210 4.561281e-210 99.000000 54
10811111111111099630466805872312297102690537326402553620252968689718917135383060969344828005065791478643460163392158938714339978315735008130377718142057534520500680783678870414857818513807262792382676992.000000 5.512757e-210 5.286339e-210 99.000000 54
10911111111111100273303917358752125275177246821749906815686441596740082594342687096569753134266824901333090430326944194491946769325848521276457577768796777520347998554915880360367825662951584263818969088.000000 1.189100e-210 1.149453e-210 99.000000 54
11011111111111100916141028845191953447663956317097260011119914503761248053302313223794678263467858324022720697261729450269553560335962034422537437395536020520195316326152890305877832812095905735255261184.000000 4.176634e-210 4.010507e-210 99.000000 54
11111111111111101558978140331631781620150665812444613206553387410782413512261939351019603392668891746712350964196514706047160351346075547568617297022275263520042634097389900251387839961240227206691553280.000000 6.677462e-210 6.405065e-210 99.000000 54
11211111111111102201815251818071609792637375307791966401986860317803578971221565478244528521869925169401981231131299961824767142356189060714697156649014506519889951868626910196897847110384548678127845376.000000 4.445943e-210 4.258359e-210 99.000000 54
11311111111111102844652363304511437965124084803139319597420333224824744430181191605469453651070958592091611498066085217602373933366302573860777016275753749519737269639863920142407854259528870149564137472.000000 8.411815e-211 7.928614e-211 15.000000 43
11411111111111103487489474790951266137610794298486672792853806131845909889140817732694378780271992014781241765000870473379980724376416087006856875902492992519584587411100930087917861408673191621000429568.000000 1.564756e-210 1.498298e-210 99.000000 54
11511111111111104130326586277391094310097503793834025988287279038867075348100443859919303909473025437470872031935655729157587515386529600152936735529232235519431905182337940033427868557817513092436721664.000000 9.026762e-211 8.634560e-211 99.000000 54
11611111111111104773163697763830922482584213289181379183720751945888240807060069987144229038674058860160502298870440984935194306396643113299016595155971478519279222953574949978937875706961834563873013760.000000 3.218168e-210 3.086710e-210 99.000000 54
11711111111111105416000809250270750655070922784528732379154224852909406266019696114369154167875092282850132565805226240712801097406756626445096454782710721519126540724811959924447882856106156035309305856.000000 1.570305e-210 1.502807e-210 99.000000 54
11811111111111106058837920736710578827557632279876085574587697759930571724979322241594079297076125705539762832740011496490407888416870139591176314409449964518973858496048969869957890005250477506745597952.000000 1.126645e-210 1.078156e-210 99.000000 54
11911111111111106701675032223150407000044341775223438770021170666951737183938948368819004426277159128229393099674796752268014679426983652737256174036189207518821176267285979815467897154394798978181890048.000000 1.974365e-210 1.892748e-210 99.000000 54
12011111111111107344512143709590235172531051270570791965454643573972902642898574496043929555478192550919023366609582008045621470437097165883336033662928450518668494038522989760977904303539120449618182144.000000 1.868773e-210 1.796730e-210 99.000000 54
12111111111111107987349255196030063345017760765918145160888116480994068101858200623268854684679225973608653633544367263823228261447210679029415893289667693518515811809759999706487911452683441921054474240.000000 5.272628e-210 5.059835e-210 99.000000 54
12211111111111108630186366682469891517504470261265498356321589388015233560817826750493779813880259396298283900479152519600835052457324192175495752916406936518363129580997009651997918601827763392490766336.000000 4.887902e-210 4.685184e-210 99.000000 54
12311111111111109273023478168909719689991179756612851551755062295036399019777452877718704943081292818987914167413937775378441843467437705321575612543146179518210447352234019597507925750972084863927058432.000000 1.006044e-210 9.735045e-211 99.000000 54
12411111111111109915860589655349547862477889251960204747188535202057564478737079004943630072282326241677544434348723031156048634477551218467655472169885422518057765123471029543017932900116406335363350528.000000 5.175105e-210 4.969027e-210 99.000000 54
12511111111111110558697701141789376034964598747307557942622008109078729937696705132168555201483359664367174701283508286933655425487664731613735331796624665517905082894708039488527940049260727806799642624.000000 3.869249e-210 3.708612e-210 99.000000 54
1261111111111111120153481262822920420745130824265