Std No.	Outgassing	ChemProd	ChemLoss	DryDepo		WetDepo		Escape		Condensation	Net Flux	Global Change
3	0.000000e+00	8.475033e+10	-8.153284e+10	-5.965317e+05	-6.383037e-02	-3.216898e+09	0.000000e+00	1.144409e-05	4.691567e-23
53	9.000000e-01	3.856472e+10	-4.932975e+10	-0.000000e+00	0.000000e+00	-0.000000e+00	0.000000e+00	-1.076503e+10	-8.979033e-17
1	0.000000e+00	6.323313e+09	-6.323313e+09	-3.272387e-02	-4.995523e-04	-0.000000e+00	0.000000e+00	-2.181495e-06	-2.958689e-21
56	0.000000e+00	9.093430e+09	-9.093430e+09	-3.337877e-12	-5.290378e-21	-0.000000e+00	0.000000e+00	-1.907352e-06	-2.420610e-12
54	0.000000e+00	1.897745e+09	-1.897745e+09	-8.380066e-10	-1.031547e-03	-0.000000e+00	0.000000e+00	-1.488370e-07	-5.361477e-23
2	0.000000e+00	1.576043e+04	-1.576043e+04	-2.291186e-17	-4.265576e-09	-0.000000e+00	0.000000e+00	-3.684255e-12	-1.778932e-19
4	0.000000e+00	3.006383e+10	-3.006383e+10	-1.023768e-03	-2.075167e-04	-0.000000e+00	0.000000e+00	-6.767144e-06	-3.192302e-18
5	0.000000e+00	3.682915e+08	-3.682915e+08	-9.085771e-08	-5.229755e-04	-0.000000e+00	0.000000e+00	-9.518748e-08	-7.672419e-17
7	1.000000e-02	2.675827e+10	-1.595655e+10	-0.000000e+00	0.000000e+00	-0.000000e+00	-3.607231e+27	-3.607231e+27	-1.327541e+04
6	0.000000e+00	7.016847e+01	-7.016840e+01	-1.554725e-07	-6.596933e-05	-0.000000e+00	0.000000e+00	2.851357e-15	1.100727e-22
52	3.000000e+11	1.747065e+09	-1.255614e+10	-2.348161e+11	-5.437483e+10	-0.000000e+00	0.000000e+00	-1.046753e-01	-7.837569e-24
20	0.000000e+00	3.181803e+10	-2.112888e+10	-1.068896e+10	-1.943104e+05	-0.000000e+00	0.000000e+00	-3.180886e-05	-2.567065e-24
22	0.000000e+00	1.492775e+09	-1.396587e+09	-2.273113e+05	-9.596057e+07	-0.000000e+00	0.000000e+00	5.662441e-07	1.440368e-22
61	0.000000e+00	2.056149e+10	-2.056119e+10	-2.942874e+05	-1.317823e-06	-0.000000e+00	0.000000e+00	1.004391e-05	8.984411e-19
19	0.000000e+00	4.368406e+06	-4.368406e+06	-0.000000e+00	-9.053072e-19	-0.000000e+00	0.000000e+00	-9.053072e-19	-1.862044e-27
58	0.000000e+00	6.452656e+06	-6.452656e+06	-0.000000e+00	-8.626935e-21	-0.000000e+00	0.000000e+00	1.955777e-08	8.242415e-14
59	0.000000e+00	3.916998e+06	-3.916998e+06	-0.000000e+00	-1.198050e-20	-0.000000e+00	0.000000e+00	1.396984e-09	6.953797e-15
80	0.000000e+00	2.247555e+07	-2.247555e+07	-0.000000e+00	-1.162201e-23	-0.000000e+00	0.000000e+00	-1.162201e-23	-4.225415e-26
60	0.000000e+00	5.970679e+07	-5.970678e+07	-8.335279e+00	-4.074436e-11	-0.000000e+00	0.000000e+00	-2.286688e-08	-1.961071e-18
21	3.000000e+08	3.803163e+07	-4.343900e+07	-2.921495e+08	-2.443121e+06	-0.000000e+00	0.000000e+00	-5.670781e-04	-3.413795e-23
62	0.000000e+00	5.109083e+07	-5.109082e+07	-7.162323e+00	-4.887986e-10	-0.000000e+00	0.000000e+00	-2.682300e-08	-2.367746e-18
24	0.000000e+00	3.066779e+07	-5.448369e+06	-4.324624e+06	-2.089480e+07	-0.000000e+00	0.000000e+00	-1.862645e-08	-7.832593e-24
63	0.000000e+00	1.088070e+06	-1.083402e+06	-3.090657e+00	-4.665082e+03	-0.000000e+00	0.000000e+00	2.091838e-11	7.492205e-23
23	0.000000e+00	4.743922e-09	-4.543201e-09	-3.171982e-12	-1.975490e-10	-0.000000e+00	0.000000e+00	-1.292470e-25	-6.783464e-25
71	0.000000e+00	5.171723e+02	-5.171723e+02	-2.596170e-19	-3.890110e-15	-0.000000e+00	0.000000e+00	1.670807e-11	1.615401e-09
25	0.000000e+00	3.700114e-09	-3.699613e-09	-5.216579e-14	-4.487509e-13	-0.000000e+00	0.000000e+00	-8.787356e-22	-1.628420e-20
26	0.000000e+00	2.931005e-37	-2.931005e-37	-0.000000e+00	-3.635838e-58	-0.000000e+00	0.000000e+00	4.176159e-53	9.563023e-22
64	0.000000e+00	3.463455e+03	-3.463455e+03	-0.000000e+00	-3.440067e-24	-0.000000e+00	0.000000e+00	4.547474e-13	4.674931e-15
27	0.000000e+00	1.156352e+04	-1.156352e+04	-0.000000e+00	-5.180466e-07	-0.000000e+00	0.000000e+00	3.365494e-12	2.464948e-22
28	0.000000e+00	7.110913e+03	-7.110913e+03	-0.000000e+00	-4.694514e-22	-0.000000e+00	0.000000e+00	-4.694514e-22	-5.569017e-26
29	0.000000e+00	1.844848e+04	-1.844848e+04	-0.000000e+00	-3.692090e-07	-0.000000e+00	0.000000e+00	5.832878e-12	4.924524e-21
30	0.000000e+00	7.836058e+04	-7.836058e+04	-0.000000e+00	-5.633472e-12	-0.000000e+00	0.000000e+00	8.918443e-12	4.304381e-19
31	0.000000e+00	1.140435e+05	-8.913562e+04	-2.223229e+04	-2.675629e+03	-0.000000e+00	0.000000e+00	2.565521e-07	2.031372e-23
32	0.000000e+00	1.460927e+02	-1.460927e+02	-1.341403e-26	-1.789901e-22	-0.000000e+00	0.000000e+00	-1.281819e-11	-2.378849e-15
33	0.000000e+00	8.277000e+02	-7.219453e+02	-6.159553e-02	-1.056931e+02	-0.000000e+00	0.000000e+00	7.105427e-14	3.782493e-24
34	0.000000e+00	2.260117e+03	-2.260117e+03	-3.566408e-06	-3.830477e-15	-0.000000e+00	0.000000e+00	1.572108e-11	7.006631e-18
35	0.000000e+00	3.340577e+04	-3.333573e+04	-2.175389e+01	-4.828377e+01	-0.000000e+00	0.000000e+00	-8.142820e-12	-2.200170e-22
36	0.000000e+00	2.177698e+02	-2.177698e+02	-2.948648e-06	-3.060421e-16	-0.000000e+00	0.000000e+00	6.717039e-14	6.969983e-19
40	0.000000e+00	2.279539e+10	-2.279125e+10	-4.138465e+06	-1.600371e-05	-0.000000e+00	0.000000e+00	5.741618e-08	1.016471e-21
41	0.000000e+00	1.653221e+10	-1.653221e+10	-0.000000e+00	-6.820304e-06	-0.000000e+00	0.000000e+00	-1.063500e-05	-1.182374e-18
76	0.000000e+00	1.145003e+09	-1.145003e+09	-0.000000e+00	-1.784347e-07	-0.000000e+00	0.000000e+00	5.998390e-08	3.066412e-19
77	0.000000e+00	2.574007e+09	-2.574007e+09	-0.000000e+00	-1.037901e-06	-0.000000e+00	0.000000e+00	3.926105e-07	4.660760e-19
42	0.000000e+00	9.547298e+08	-9.547121e+08	-1.772440e+04	-2.096506e-04	-0.000000e+00	0.000000e+00	-7.248451e-08	-4.265767e-22
43	3.000000e+09	2.105200e+09	-2.103425e+09	-1.411806e+09	-1.589969e+09	-0.000000e+00	0.000000e+00	-1.430511e-06	-3.182728e-22
74	0.000000e+00	1.883785e+09	-1.883785e+09	-1.527564e-06	-5.630716e-18	-0.000000e+00	0.000000e+00	-9.705231e-08	-2.258944e-09
75	0.000000e+00	2.052170e+08	-2.052170e+08	-1.212676e-05	-4.471675e-17	-0.000000e+00	0.000000e+00	3.258460e-08	1.125649e-10
44	0.000000e+00	8.736321e+04	-8.736321e+04	-6.384470e-09	-4.372669e-03	-0.000000e+00	0.000000e+00	3.218349e-12	3.278499e-22
45	3.000000e+08	1.189350e+09	-1.479301e+09	-1.000864e+07	-4.065224e+04	-0.000000e+00	0.000000e+00	-3.248715e-07	-1.506471e-22
46	0.000000e+00	4.227081e+09	-4.225255e+09	-1.826165e+06	-6.695266e-06	-0.000000e+00	0.000000e+00	5.893059e-07	5.720805e-20
47	0.000000e+00	8.936985e+08	-8.921121e+08	-1.586420e+06	-5.816607e-06	-0.000000e+00	0.000000e+00	3.319844e-07	6.235863e-20
48	0.000000e+00	1.547041e+08	-1.547038e+08	-2.805391e+02	-8.653175e-08	-0.000000e+00	0.000000e+00	-5.754291e-08	-1.997203e-22
68	0.000000e+00	1.282933e+03	-1.282796e+03	-9.157919e-03	-1.283751e-01	-0.000000e+00	0.000000e+00	1.051631e-12	1.194973e-19
73	0.000000e+00	8.689835e+04	-1.871247e+03	-2.298822e+03	-8.218470e+04	-0.000000e+00	-5.435759e+02	1.386979e-11	3.760819e-24
78	0.000000e+00	0.000000e+00	0.000000e+00	-5.435759e+02	-4.997330e-08	-0.000000e+00	5.435759e+02	1.023182e-11	2.852626e-25
79	0.000000e+00	3.506519e+07	0.000000e+00	-3.506518e+07	-6.427340e-04	-0.000000e+00	-6.191851e+00	-7.375852e-08	-1.333711e-22
111	0.000000e+00	0.000000e+00	0.000000e+00	-6.191843e+00	-7.724945e-06	-0.000000e+00	6.191851e+00	5.910555e-08	8.930979e-23
8	0.000000e+00	1.652673e+06	-1.652673e+06	-0.000000e+00	-6.444293e-10	-0.000000e+00	0.000000e+00	-4.115987e-10	-1.781994e-19
9	1.000000e+09	1.086939e+10	-1.186930e+10	-9.093420e+04	0.000000e+00	-0.000000e+00	0.000000e+00	2.157874e-05	4.609813e-24
10	0.000000e+00	1.228544e+10	-1.228544e+10	-4.028358e+00	-3.494508e+02	-0.000000e+00	0.000000e+00	5.993017e-06	2.290700e-18
57	0.000000e+00	1.386074e+07	-1.386074e+07	-0.000000e+00	-6.919468e-08	-0.000000e+00	0.000000e+00	3.448476e-09	1.245353e-20
11	0.000000e+00	2.082445e+06	-2.015182e+06	-0.000000e+00	-6.726251e+04	-0.000000e+00	0.000000e+00	-7.149356e-07	-3.318811e-23
12	0.000000e+00	1.759482e+08	-1.759482e+08	-4.457343e-02	-5.825471e-05	-0.000000e+00	0.000000e+00	3.892693e-08	1.486592e-21
13	0.000000e+00	9.265986e+06	-9.265986e+06	-1.556746e-08	-8.959958e-07	-0.000000e+00	0.000000e+00	-2.592435e-09	-2.712299e-19
14	0.000000e+00	1.230529e+04	-1.230529e+04	-2.139531e-17	-8.422028e-07	-0.000000e+00	0.000000e+00	3.849626e-12	1.943961e-18
15	0.000000e+00	5.456657e-03	-5.456649e-03	-6.321830e-31	-8.502589e-09	-0.000000e+00	0.000000e+00	2.543890e-18	1.339418e-22
16	0.000000e+00	1.466687e+08	-1.466686e+08	-6.639517e+00	-4.450617e+00	-0.000000e+00	0.000000e+00	-1.391278e-07	-7.376421e-20
17	0.000000e+00	8.296462e+02	-8.296461e+02	-2.503785e-09	-5.091960e-05	-0.000000e+00	0.000000e+00	2.243711e-13	1.932513e-21
18	0.000000e+00	6.541182e-01	-6.539952e-01	-2.024386e-06	-1.210059e-04	-0.000000e+00	0.000000e+00	-1.343462e-16	-4.282118e-23
70	0.000000e+00	1.107984e+00	-1.107983e+00	-7.106360e-23	-1.327366e-06	-0.000000e+00	0.000000e+00	2.136607e-16	7.241500e-23
37	0.000000e+00	2.151942e+06	-2.875944e+04	-7.664699e+05	-1.356712e+06	-0.000000e+00	0.000000e+00	-1.280569e-08	-1.129853e-23
38	0.000000e+00	2.876868e+04	-2.876868e+04	-6.974707e-20	-1.407016e-11	-0.000000e+00	0.000000e+00	-6.794200e-12	-4.876469e-18
39	0.000000e+00	1.633554e+01	-1.633554e+01	-3.101219e-11	-6.791321e-22	-0.000000e+00	0.000000e+00	-5.475723e-16	-1.199600e-17
72	0.000000e+00	3.124958e-02	-1.791018e-02	-1.333940e-02	-6.275072e-14	-0.000000e+00	0.000000e+00	2.198860e-17	1.858496e-24
65	0.000000e+00	3.147672e+04	-3.147671e+04	-3.588973e-05	-9.277490e-03	-0.000000e+00	0.000000e+00	-6.752526e-12	-1.928782e-21
66	0.000000e+00	3.162378e+01	-3.162219e+01	-1.096618e-03	-5.005629e-04	-0.000000e+00	0.000000e+00	-1.954383e-15	-7.642954e-24
109	0.000000e+00	3.572583e+06	-2.123421e+06	-1.238827e+06	-2.103350e+05	-0.000000e+00	0.000000e+00	-1.164153e-10	-5.507027e-25
67	0.000000e+00	4.143998e-05	-4.143998e-05	-2.004374e-19	-3.613029e-27	-0.000000e+00	0.000000e+00	2.850546e-21	4.402713e-20
110	0.000000e+00	1.283680e-03	-1.235119e-03	-4.151848e-05	-7.042542e-06	-0.000000e+00	0.000000e+00	-6.471332e-19	-2.076800e-23
106	0.000000e+00	3.082367e+08	-3.064832e+08	-1.753499e+06	-8.318292e-06	-0.000000e+00	0.000000e+00	2.609991e-09	8.216087e-25
107	0.000000e+00	9.859537e+08	-9.859512e+08	-2.499521e+03	-1.141033e-08	-0.000000e+00	0.000000e+00	2.224690e-07	2.511374e-20
108	0.000000e+00	9.860032e+08	-9.859537e+08	-4.942919e+04	-2.566929e-07	-0.000000e+00	0.000000e+00	-2.971908e-07	-4.901527e-23
49	0.000000e+00	8.430688e-06	-8.430685e-06	-2.526015e-12	-8.286077e-13	-0.000000e+00	0.000000e+00	-6.171573e-21	-2.192714e-23
50	0.000000e+00	2.941826e-08	-2.941826e-08	-8.673031e-33	-6.975007e-29	-0.000000e+00	0.000000e+00	9.926098e-24	5.697763e-21
51	0.000000e+00	0.000000e+00	0.000000e+00	-0.000000e+00	0.000000e+00	-0.000000e+00	0.000000e+00	0.000000e+00	nan
69	0.000000e+00	0.000000e+00	0.000000e+00	-0.000000e+00	0.000000e+00	-0.000000e+00	0.000000e+00	0.000000e+00	nan
