0.000000 6.993600e-03 6.875036e-03 23.000000 4
0.000010 2.519928e-03 2.287636e-03 25.000000 4
0.000110 2.470657e-04 2.294844e-04 7.000000 3
0.001110 2.979823e-05 2.906477e-05 47.000000 4
0.011110 1.143479e-05 8.028821e-06 3.000000 62
0.111110 7.574493e-07 7.434780e-07 7.000000 62
1.111110 6.451531e-08 5.147996e-08 3.000000 62
11.111110 4.197105e-09 3.617689e-09 25.000000 8
111.111110 4.169330e-10 3.954257e-10 7.000000 76
1111.111110 1.159067e-10 9.931084e-11 25.000000 77
11111.111110 8.718368e-10 1.666692e-10 7.000000 29
111111.111110 4.744812e-11 1.792586e-11 7.000000 29
1111111.111110 1.035822e-11 9.316577e-12 7.000000 29
11111111.111110 3.443502e-13 3.002031e-13 7.000000 29
111111111.111110 9.868119e-14 8.249643e-14 1.000000 29
1111111111.111110 2.534005e-15 2.123882e-15 1.000000 29
11111111111.111111 2.063116e-16 1.726139e-16 1.000000 29
111111111111.111115 1.683725e-18 1.408686e-18 1.000000 29
1111111111111.111084 4.515405e-21 4.480737e-21 95.000000 27
11111111111111.111328 8.667474e-21 7.254439e-21 1.000000 29
111111111111111.109375 1.229672e-21 1.028830e-21 1.000000 29
1111111111111111.125000 8.517401e-23 7.126122e-23 1.000000 29
11111111111111112.000000 1.082042e-24 9.053948e-25 1.000000 29
111111111111111104.000000 9.320777e-26 7.797324e-26 1.000000 29
1111111111111111168.000000 1.208550e-26 1.125427e-26 1.000000 29
11111111111111110656.000000 4.808586e-28 4.027569e-28 1.000000 29
111111111111111114752.000000 2.784459e-28 2.329980e-28 1.000000 29
1111111111111111081984.000000 3.774362e-29 3.158265e-29 1.000000 29
11111111111111111344128.000000 1.353180e-30 1.132396e-30 1.000000 29
111111111111111109246976.000000 9.126969e-32 7.637741e-32 1.000000 29
1111111111111111092469760.000000 5.272963e-33 4.413921e-33 1.000000 29
11111111111111108777213952.000000 8.308732e-34 6.948644e-34 1.000000 29
111111111111111104952008704.000000 2.573111e-34 2.153264e-34 1.000000 29
1111111111111110912081133568.000000 2.629271e-35 2.199854e-35 1.000000 29
11111111111111109670567149568.000000 3.894004e-37 3.261597e-37 1.000000 29
111111111111111105501764517888.000000 3.517246e-38 2.941278e-38 1.000000 29
1111111111111110914280156823552.000000 7.091020e-39 5.933128e-39 1.000000 29
11111111111111109705751521656832.000000 2.420921e-40 2.027324e-40 1.000000 29
111111111111111097057515216568320.000000 6.962824e-41 5.825684e-41 1.000000 29
1111111111111111114690340241539072.000000 9.655645e-42 8.080783e-42 1.000000 29
11111111111111109993981897808543744.000000 2.168301e-43 2.168224e-43 9.000000 72
111111111111111113774877033367601152.000000 2.296650e-44 2.296650e-44 1.000000 72
1111111111111111027068305891418701824.000000 1.530759e-44 1.280811e-44 1.000000 29
11111111111111108499795627838070063104.000000 1.852524e-45 1.550075e-45 1.000000 29
111111111111111089720322761250345844736.000000 1.014318e-46 8.492741e-47 1.000000 29
1111111111111110859424295749546296737792.000000 1.612407e-48 1.355960e-48 1.000000 29
11111111111111107687548592784491086348288.000000 7.201651e-49 6.025787e-49 1.000000 29
111111111111111081711189206303427562307584.000000 1.288690e-50 1.077097e-50 1.000000 29
1111111111111110971854396973706809985466368.000000 1.216007e-51 1.216006e-51 1.000000 72
11111111111111110028028979558413168579444736.000000 1.360408e-52 1.140219e-52 1.000000 29
111111111111111107707930031296413335189192704.000000 7.702251e-53 6.444614e-53 1.000000 29
1111111111111110997851137798699795758347976704.000000 6.434971e-54 5.384328e-54 1.000000 29
11111111111111110612336678101112658331831369728.000000 2.075838e-54 1.736746e-54 1.000000 29
111111111111111113729270382380502992298532929536.000000 1.691750e-55 1.415720e-55 1.000000 29
1111111111111111177857523031108370770879831867392.000000 1.918793e-56 1.605819e-56 1.000000 29
11111111111111112103093783969510434491954339250176.000000 4.372317e-57 3.658986e-57 1.000000 29
111111111111111128819383127497345787715287886331904.000000 2.927840e-59 2.927839e-59 7.000000 72
1111111111111111122040331801858973764176996328275968.000000 1.983466e-59 1.983465e-59 7.000000 72
11111111111111110888096319072360769415818198212673536.000000 3.050720e-60 2.552495e-60 1.000000 29
111111111111111100905595216014112456735339620444667904.000000 1.345994e-61 1.126244e-61 1.000000 29
1111111111111111179197135620610356299040699920330784768.000000 1.489440e-62 1.246262e-62 1.000000 29
11111111111111112132253723127042026453781606635076059136.000000 2.973457e-63 2.488093e-63 1.000000 29
111111111111111121322537231270420264537816066350760591360.000000 2.003651e-64 1.676475e-64 1.000000 29
1111111111111111126113086380943955998754261160974943780864.000000 2.449277e-65 2.049106e-65 1.000000 29
11111111111111112654927438717603506333525003650272031932416.000000 1.296275e-66 1.084351e-66 1.000000 29
111111111111111115398901787910723492567390900178539566333952.000000 2.161240e-67 1.808095e-67 1.000000 29
1111111111111111332394979467352220057959655182972287711182848.000000 1.303131e-68 1.303131e-68 7.000000 72
11111111111111112610325948320542260050453567104975308920455168.000000 3.927929e-69 3.286539e-69 1.000000 29
111111111111111117539773326969663314154819854352782270908071936.000000 3.191231e-70 2.670142e-70 1.000000 29
1111111111111111358085437936059497917008802633063200166072287232.000000 2.758950e-71 2.308385e-71 1.000000 29
11111111111111112484728151362417790517324401793419736918773465088.000000 1.774688e-72 1.484942e-72 1.000000 29
111111111111111133616291337609595414395353014231895487123329908736.000000 3.046865e-74 2.551357e-74 1.000000 29
1111111111111111195858756192329273996399786201555784984263774961664.000000 8.748498e-76 8.616116e-76 79.000000 19
11111111111111113081020819393426181144427813541663208938393942622208.000000 5.556902e-75 4.649330e-75 1.000000 29
111111111111111121830742134173194282000838523207789216617889882177536.000000 6.937560e-76 5.804407e-76 1.000000 29
1111111111111111170416935689672915996310040633630730178093301253537792.000000 5.789644e-77 4.844046e-77 1.000000 29
11111111111111112087293242113201374552687163123884597685617793081278464.000000 3.971397e-78 3.322997e-78 1.000000 29
111111111111111123937923502863791462243565685539464344093656175179988992.000000 2.966986e-80 2.966985e-80 7.000000 72
1111111111111111288419092336346358089902761724204537316736213661675159552.000000 8.572165e-81 7.170585e-81 1.000000 29
11111111111111112491872064901796033159290778291566222160964921337749438464.000000 3.474288e-82 2.909995e-82 1.000000 29
111111111111111115503068045937939185839223648104162597456116046681442615296.000000 1.350484e-82 1.129502e-82 1.000000 29
1111111111111111230355901284019561024421709559533622967789425800382840307712.000000 2.305208e-83 1.928626e-83 1.000000 29
11111111111111111098355479645952903587745526339464277786242012666733776601088.000000 2.813556e-84 2.354278e-84 1.000000 29
111111111111111120625183062013470689129227817441618392995638089364094777819136.000000 2.608307e-85 2.182282e-85 1.000000 29
1111111111111111257673848036422395708635065129333387210666876694690318507835392.000000 4.468142e-86 3.738602e-86 1.000000 29
11111111111111112576738480364223957086350651293333872106668766946903185078353920.000000 1.294102e-87 1.294102e-87 7.000000 72
111111111111111125767384803642239570863506512933338721066687669469031850783539200.000000 1.045444e-88 8.747646e-89 1.000000 29
1111111111111111257673848036422395708635065129333387210666876694690318507835392000.000000 3.731510e-89 3.122034e-89 1.000000 29
11111111111111112576738480364223957086350651293333872106668766946903185078353920000.000000 2.342653e-90 1.959810e-90 1.000000 29
111111111111111132507371470429899519530260284688246389475973775104174971059441762304.000000 7.806828e-92 6.529847e-92 1.000000 29
1111111111111111486833394707202833963304693369000247936582604286285184597216079118336.000000 1.401634e-92 1.172712e-92 1.000000 29
11111111111111115299693093746438576347719175082316570144020353623501005669818555170816.000000 3.996858e-94 3.346237e-94 1.000000 29
111111111111111149546057764069103869759813819684652975214649050149816779116923439808512.000000 2.344547e-95 1.963324e-95 1.000000 29
1111111111111111605888519189340059296554231993278936991364234056224352673769621978873856.000000 6.622621e-96 5.541486e-96 1.000000 29
11111111111111116942308724282592757757191070304248627827384289000053005798499320435048448.000000 1.828275e-97 1.828275e-97 7.000000 72
111111111111111162355698983712390259238720700070812214963907302498054225498568399180005376.000000 7.230269e-98 6.052741e-98 1.000000 29
1111111111111111651826542873578051865719967012594818402878815374990445584931383212481970176.000000 1.522248e-98 1.273294e-98 1.000000 29
11111111111111115613639731569247741910551349745573903925116398549587549291051457062998376448.000000 4.603610e-100 3.850531e-100 1.000000 29
111111111111111170610408470357001847051886623541727520909912068700945997842712571619124969472.000000 1.210058e-100 1.012641e-100 1.000000 29
1111111111111111648208040084911920758733373731073321282464128354189177958698333712234684874752.000000 1.811125e-102 1.811125e-102 1.000000 72
11111111111111118334753828646178334364469497449739738476961038192140804218304681248956922986496.000000 5.116604e-103 4.277546e-103 1.000000 29
111111111111111175936844575273546836536151933941371282160331363320411943657761435983128932909056.000000 6.499666e-104 5.434476e-104 1.000000 29
1111111111111111877939545131747252479098207988310130463351777930820057012982180383934334080385024.000000 3.827797e-104 3.202421e-104 1.000000 29
11111111111111117830826656285378251881088570691929963499530064927273069518585275646518982793494528.000000 1.485379e-105 1.242692e-105 1.000000 29
111111111111111178308266562853782518810885706919299634995300649272730695185852756465189827934945280.000000 4.516336e-106 3.778704e-106 1.000000 29
1111111111111111722374262746483791721875672480958030517377792772347946912739389760311139366686687232.000000 2.246931e-107 1.880043e-107 1.000000 29
11111111111111118195077073577702452678487678221339758494981347249549229753300102472563536269471121408.000000 3.830328e-108 3.204773e-108 1.000000 29
111111111111111174180095166874108243107029154919321958380186116286934212525751385770018221873877221376.000000 1.443086e-109 1.206986e-109 1.000000 29
1111111111111111803966356219964412700493072567545824596358880012537806805315510969345119345305444155392.000000 8.297658e-111 6.945967e-111 1.000000 29
11111111111111117542340325789857484849548477528637405863132649328030350612691132800291696440521066020864.000000 1.323212e-111 1.118068e-111 1.000000 29
111111111111111187359160931733454260224658730810074221042274112416648724698046773438744892706011673001984.000000 2.450274e-112 2.050154e-112 1.000000 29
1111111111111111905420296447560887700191051189497275976851934775196741163170162255549656735862252764135424.000000 1.078942e-113 9.028080e-114 1.000000 29
11111111111111119818091455601041159352577645048489570162819995376693505620254291063389554769873792460128256.000000 2.496466e-115 2.088325e-115 1.000000 29
111111111111111181884626745334522903378210943209870413216452804439445051113419315798845149592044275134103552.000000 5.963623e-116 4.986519e-116 1.000000 29
1111111111111111786253691831993451653486978417548653555341033745739470500955945968318350699707055452406677504.000000 6.603193e-117 5.522693e-117 1.000000 29
11111111111111117862536918319934516534869784175486535553410337457394705009559459683183506997070554524066775040.000000 7.429947e-118 6.217260e-118 1.000000 29
111111111111111195312767901331455184059804921204491250867732455485296815306857157942926677631959842295059054592.000000 1.245247e-118 1.041968e-118 1.000000 29
1111111111111111819628489268257671690909192576447905346008291907562170031378471090540533915029564046515460112384.000000 1.983073e-119 1.659279e-119 1.000000 29
11111111111111117929286513192462956609714212493285039134744853781040104070404509927627873427715571712284340256768.000000 1.319809e-120 1.104246e-120 1.000000 29
111111111111111162204968844557348906936968475576433474525812358957178881127712236698520928032031316939146707075072.000000 4.399514e-122 3.677926e-122 1.000000 29
1111111111111111690401273595042611706010379353190002412544668304984677449582453817296240505300810770126253852721152.000000 3.605484e-122 3.016641e-122 1.000000 29
11111111111111116630606395352549626513541015142197353456300504188195219942603212371718280153086117298323391399329792.000000 7.856191e-123 6.573611e-123 1.000000 29
111111111111111175055066852657543962625419059892458995975682765454801945129114549356994798328364865877286622085513216.000000 3.473771e-124 2.906525e-124 1.000000 29
1111111111111111680558645333519058046334119331160706268455405865965221485666486088451452008903619115620444556117409792.000000 3.993709e-126 3.993708e-126 7.000000 72
11111111111111115965682175018514001504300338098440458388936997196658639269168948023092568396475836638375385584321429504.000000 1.453133e-126 1.215863e-126 1.000000 29
111111111111111168615800718896356857272772503258181696375951960905184532291645884086093168685402147907263828929642758144.000000 5.088849e-128 4.258867e-128 1.000000 29
1111111111111111757829838938653303310565878010772033863652175520560630439716110071702271564619171731260718073987855286272.000000 1.405226e-128 1.175671e-128 1.000000 29
11111111111111118151673043384050911008364003933242073835663002497676585331558310563753434668312919330111819017409974501376.000000 2.268700e-129 1.898239e-129 1.000000 29
111111111111111167755738737900080040418714667519899093577240089967079110890050069315997090152220344881006871513345625686016.000000 1.308511e-130 1.094907e-130 1.000000 29
1111111111111111787645320946524232961506549649699164094007520379748285048304764983732268953769474236170959264419489211482112.000000 2.248718e-131 1.881513e-131 1.000000 29
11111111111111117582885386618513176128880421898324512518114885183942866644636278395796561398368686928747217846098804235829248.000000 2.767685e-132 2.315579e-132 1.000000 29
111111111111111157040513203994465938172959444668548906175688460572869700788035011700293413066819321577880191382838418102812672.000000 2.683120e-133 2.245068e-133 1.000000 29
1111111111111111645558494688707322674192973543944273937778726170794932870513661206033622934335663406617169862140982678050045952.000000 1.085624e-134 9.084492e-135 1.000000 29
11111111111111116756198397482123879911783251828477878881874627968214272155669856416458984558026514829525170414660220768588136448.000000 9.155143e-136 7.659028e-136 1.000000 29
111111111111111157942353555779617897682519993835654324687950559353664531139634744768661678710828963867940606762589600067075702784.000000 6.052195e-136 5.063997e-136 1.000000 29
1111111111111111656380578910129146188307700133949538959925871356164470834732858002854042122063779114097894846697996861621202321408.000000 4.471195e-137 3.740855e-137 1.000000 29
11111111111111115332493095463963986499356998210007458190516861359599499973944411145861615861349959534283128001826354841004898516992.000000 1.799534e-138 1.505858e-138 1.000000 29
111111111111111158250181729188949766528449994618026307540136022404175833232980786989331380050650921769614561878878003510877483958272.000000 2.313226e-139 1.935328e-139 1.000000 29
1111111111111111661305829684678456089842580146467490685560838764972651668226394678384757343500930440524678128558611316722030820196352.000000 6.973132e-140 5.834553e-140 1.000000 29
11111111111111117243490395989096228294890443066972727736884215977173663369436641251779121778964674187875041363744763420126356046872576.000000 5.105593e-141 4.271939e-141 1.000000 29
111111111111111167391447166752468943777187297851344710318635533152159460196984856774338831038003783617724333012178432178015177709453312.000000 8.522568e-143 7.133356e-143 1.000000 29
1111111111111111552871508632200849297650661790872265493981396292651742438032691229900531028340606837912617395115323473222190590871994368.000000 3.449919e-144 2.885604e-144 1.000000 29
11111111111111116497058790604599214097476307409852107813453635237476241691824171001748168539721516365243181431204921520685595398500253696.000000 1.387580e-144 1.161226e-144 1.000000 29
111111111111111167552837784132900730630682246101532952464242145203985929748901066558129307414056358282077167592187046642759125957750030336.000000 1.347421e-145 1.127414e-145 1.000000 29
1111111111111111551580383693157395002822702204870759556816543396237130681617361551630207217332186240597794718475254557504239004885620621312.000000 1.042198e-146 8.721168e-147 1.000000 29
11111111111111116176859805721822548980142330081478635396570116926652526100822410790707863409633208231167157624467830422633602073879564517376.000000 2.556203e-147 2.138765e-147 1.000000 29
111111111111111167057045807540214281416745765076954672592938632980775015285414470102324963986822848913185259762400583007065716938982511607808.000000 2.367604e-148 1.981250e-148 1.000000 29
1111111111111111712878040077978053147090037364866893274947286039521748187071667598585220278992154621943962065765784060316494738991320047550464.000000 6.358911e-149 5.320603e-149 1.000000 29
11111111111111116790319744759173248807519735935890160357329662717505497596976492805356437676930137156942744912523614761198246833101241023725568.000000 3.504940e-150 2.932494e-150 1.000000 29
111111111111111157072456454932299442847016952549980887024714301488271479210079066277699893153576281569527425280940920669048050513029707780325376.000000 3.789540e-152 3.789540e-152 7.000000 72
1111111111111111657370492490598458790295612779971174602635801620376982766178277556983914800461563535694474443563771022233955847674158697458696192.000000 1.491864e-152 1.248209e-152 1.000000 29
11111111111111117613456060201290160244861446853368134815021919469701043350712618300322138431725243996935146724690052008861262587267926410452271104.000000 5.529505e-154 5.529504e-154 7.000000 72
111111111111111167816551519650457023713371916104430237840907968569560707995687441159357460900375570849428248934481785796438992988468548617600237568.000000 7.473211e-155 7.328489e-155 1.000000 29
1111111111111111855616375620236721250152226946201659398341052509747867890867567570929338308563795583052644480009750856197427431414514083230348476416.000000 2.141513e-155 1.792152e-155 1.000000 29
11111111111111117491458593659974306423411222751072451863818688153165114043211516753278800888277716583176272856107910572576049304966169249977408159744.000000 1.000350e-157 1.000350e-157 3.000000 72
111111111111111172075372169820028648025816102948206806319275316346814967457544076983415789689816527838828936710440177754031893025184434946904543985664.000000 1.984871e-157 1.660502e-157 1.000000 29
1111111111111111675326301429724855820925423036481784666090168120510770906982303321044202389810795070501348697494178929992661329860208228623132838068224.000000 4.125918e-158 3.452119e-158 1.000000 29
11111111111111115663004927853838222385268518532811045130439640174130618647587734439483091728011065715726910904296440958782830889202815385929425937760256.000000 2.366592e-159 1.979986e-159 1.000000 29
111111111111111165352113970085664910444570879984164863548092729989122909853759734562502374640885737071561717608127196316978568167222289061709478920978432.000000 1.001896e-160 8.381332e-161 1.000000 29
1111111111111111793074174765613172089915879914338519231380068551856296672583715588307767064181258649344298913123876550836189830075329053855738301903798272.000000 3.156769e-162 3.156769e-162 1.000000 72
11111111111111116814317467138079537015397430227410227546607555502842426133468209941615724099633376264413535234897928807030665113528441232648234917485871104.000000 1.485688e-163 1.485687e-163 7.000000 72
111111111111111162188911841951183722773913668055569130041045528277914711508714387728360192771377974755978264901828158996540074136751882694966892633247449088.000000 9.292124e-165 9.044091e-165 1.000000 29
1111111111111111812425528961259409943901076975548751954011416138795452709518110651293107470912364959980809447327117720325931205320559775158163535664034873344.000000 9.989951e-166 8.357817e-166 1.000000 29
11111111111111117362109647445603808574363008575515276925710317963889304717457239416893052536329308750123987280035832681817190197393433958747656919314107203584.000000 2.456246e-165 2.054942e-165 1.000000 29
111111111111111173621096474456038085743630085755152769257103179638893047174572394168930525363293087501239872800358326818171901973934339587476569193141072035840.000000 5.011631e-166 4.193140e-166 1.000000 29
1111111111111111638656322547185623626761387426515080637927339838108582007397068953396438415515255246252833007269459169437127422195386430392016451953651804536832.000000 1.520312e-167 1.272113e-167 1.000000 29
11111111111111116386563225471856236267613874265150806379273398381085820073970689533964384155152552462528330072694591694371274221953864303920164519536518045368320.000000 1.592238e-168 1.332259e-168 1.000000 29
111111111111111176352626455982531288202527661824173286787126554470742804176334733841130796830588005106507712980913801583020466705165134620993547912518321678843904.000000 2.628149e-169 2.198895e-169 1.000000 29
1111111111111111663630310949713561477814165264860411083916124979428351214270324630399412326073380207215281831777394938715742871166639413555600257387958086987153408.000000 1.647910e-170 1.647910e-170 1.000000 72
11111111111111118234638367258923637245519434302705259382443498838748741382591609632184453536453799573749543086281838620988817445826585058025366121675182946692104192.000000 2.866844e-171 2.398898e-171 1.000000 29
111111111111111169559701610494932192716172089794243405478176996031765579906809189696321893158778015724721632714755272339237064584984323200498752834387012852356481024.000000 1.751772e-172 1.465425e-172 1.000000 29
1111111111111111772317108477515147005595854417339289184859317914451986802582733336716354784822340037323859116035931406616277305089532396283516978638059028210952175616.000000 7.413775e-173 6.202683e-173 1.000000 29
11111111111111116086475780827080535049363695759593315740272156122987473284181649319096649645886122931603544997407235490719430987115288458226541513437893755445257961472.000000 2.474480e-174 2.070439e-174 1.000000 29
111111111111111157591367200374663480480447260768334005186079515186809943358525125094832700054186674432765357648168197756307625743592813573048158588493544501124052025344.000000 2.210493e-176 2.210493e-176 7.000000 72
1111111111111111549726547140577499844698955033062546834127658783523581117718920306179256629304470305261492837874448720355982784415447567656743533517852300584612299538432.000000 3.219783e-176 2.693825e-176 1.000000 29
11111111111111116335253467027187317170366112718490851308736951622260397284911793294402818172641389102732072014175951434186818980809853854927053010925183627498226058264576.000000 1.680075e-177 1.405390e-177 1.000000 29
111111111111111156648630705300574621916648628081985449347686605926407283987337211083146166689640402626383571058307800496852260714855513122393588703278551301765436079603712.000000 4.511737e-178 3.775259e-178 1.000000 29
1111111111111111512855075333235357820870386287996469983559402776894499328979126335944405546602216119056338517915464294208395174402610927808920355784999233231919764771700736.000000 2.824607e-179 2.363841e-179 1.000000 29
11111111111111116415700314606842899767810262707725928073613146545814757551253161956733402353082670963543317803177372000327010129928770160049576307796863047176827952301080576.000000 4.294822e-180 3.593306e-180 1.000000 29
111111111111111153859806655872514425205251428455169454831978515243189461420836430789019248434342631451593717039591887537325634212066414544812781078393664752907237086338220032.000000 8.306617e-182 6.946406e-182 1.000000 29
1111111111111111675894019761337338551690530266179558893708491155298002802097633491601056152296547356967129983625009974919182569950281306190567570778269523780552936685683343360.000000 4.937953e-182 4.131448e-182 1.000000 29
11111111111111115880246097116655341999222000379377257126597193134636935618485012140261034048065498897983665831583916712097897841393263233154061243818964829796053745594106118144.000000 1.140605e-183 9.541372e-184 1.000000 29
111111111111111158802460971166553419992220003793772571265971931346369356184850121402610340480654988979836658315839167120978978413932632331540612438189648297960537455941061181440.000000 1.739695e-184 1.455470e-184 1.000000 29
1111111111111111644261032143455488985053931384012498948530933292237651475607945871674073163200148268786375159457027385583801167058337512355509450075575229092211814320225160003584.000000 1.393866e-185 1.166246e-185 1.000000 29
11111111111111115092936183071595975007377761534330431824400197431801524825852786933189457430555121592151545763403016710861738480527106586592614684107462384219563588942702443495424.000000 1.574852e-186 1.317830e-186 1.000000 29
111111111111111161726754937619631068819070033789660779531275058242615167700341243600304767917122104687213104283368224268427570325721214161625985374260943095816072323503417687277568.000000 2.170915e-188 2.170915e-188 1.000000 72
1111111111111111530888404520966940138228360990325756105014565911029352321468905441855766130278653936746549869638977785405794219093610955250661145477118876929197231762423030854189056.000000 1.011529e-188 8.468108e-189 1.000000 29
11111111111111117151639135454562639781480182651435730443173598766758576132758536960366334345827971050144563724543472942665547186426268194972717231101653921909860135706601423605071872.000000 9.667096e-190 8.551774e-190 1.000000 29
111111111111111164145370993566053444218015535521644626859624229041725549655307439436428651286113983770729377132819949072225051882302047379862749205694678608627050084736529775797993472.000000 3.418053e-190 2.860167e-190 1.000000 29
1111111111111111759390035711333701699728736011099849109750030428431018883309521277040041587615791465398753933130035976393137238534390626916458261742096555853815321204637049122023538688.000000 1.354210e-191 1.133214e-191 1.000000 29
11111111111111117593900357113337016997287360110998491097500304284310188833095212770400415876157914653987539331300359763931372385343906269164582617420965558538153212046370491220235386880.000000 1.443097e-192 1.207559e-192 1.000000 29
111111111111111175939003571133370169972873601109984910975003042843101888330952127704004158761579146539875393313003597639313723853439062691645826174209655585381532120463704912202353868800.000000 1.146724e-193 9.596896e-194 1.000000 29
1111111111111111759390035711333701699728736011099849109750030428431018883309521277040041587615791465398753933130035976393137238534390626916458261742096555853815321204637049122023538688000.000000 2.168529e-194 1.814347e-194 1.000000 29
11111111111111115661631595604707844649611414645004818948036639431092689504477587044640844731377702385890656040339070782699564369592817680482043286899471730666698875312830116871744979468288.000000 9.181317e-196 7.680639e-196 1.000000 29
111111111111111172074466048116111825277521710177997566676075713136666889673716876252485016472018722003681626731081019676850107821936885514280747513166667929638623446996624163505373053976576.000000 9.141714e-197 7.650376e-197 1.000000 29
1111111111111111658912060112884984737649586846868178157977919856063708918221404739300543888087220427457716002000048949369083221715334020304966216554978876804499695694492949655902037502590976.000000 4.206767e-198 3.520159e-198 1.000000 29
11111111111111116094459798182640779255490826429387401509516500358213409354087935207210988667808469933944357897514399514495489365121061524346932096936286348109904646741143160725806830728511488.000000 4.507153e-199 4.507151e-199 7.000000 72
111111111111111164901884405396080337522948600608229055657266589201523532165888249558465488382594574064505995955032714978517636467468844673091161518270882840579784949041722293923776661664301056.000000 1.918588e-199 1.605131e-199 1.000000 29
1111111111111111775652009608190324814206776768141651854559916631835697357659167215148034138370261731847057302906766184459184134794951788478810512747765447909181480902586524912540433956776968192.000000 1.267266e-200 1.059907e-200 1.000000 29
11111111111111117249987433864985162386158604633179073353650163359075125432590533273226824365525353353662583655641905705895810267468464517796509537217428001078280283377188041232193670207233851392.000000 3.090178e-201 2.585258e-201 1.000000 29
111111111111111164395351743179162251767039437559991610465317586242241684021887110680211971364417310099698006581606958839821605386987791306099565928010656362566250423393045086030565992303765225472.000000 2.262485e-202 1.892689e-202 1.000000 29
1111111111111111546699246286143350052535835070338326627798967294240301996570652442177444446154138419753846106118324409768578086417515666598609305950143079847063875309384426944809211405814772793344.000000 1.152046e-203 9.638497e-204 1.000000 29
11111111111111114948303016751309380711307367741988122401433893912098407466249358210442843034927865897575079942795269811661045037762558018186699175074958884984779398829598808565444388632959037472768.000000 1.991766e-204 1.666496e-204 1.000000 29
111111111111111137034483460870114931575850086346397770977000242393673374675521593032469996110554219776629652586641315252016790543723212634681538524514262926187169485954097024470898476125061803671552.000000 2.367824e-205 1.981019e-205 1.000000 29
1111111111111111469933208261844980320056289592051845334068711997755219346650991842900367435015337711359265700596904215436917184108451066724299011055025236651156690878276098734177348042886846605164544.000000 1.182905e-206 1.182904e-206 7.000000 72
11111111111111115496039071843600451234945205749221394335076796568100078265676125729609014141431741222336410403812970657703166070454262190262859117029313225625846876932642015257520386681958294599237632.000000 2.290256e-208 2.290256e-208 7.000000 72
111111111111111103971143408026363038148984228455225719709828663885936155510123990057348394772502109263763886576118282363656030024878524429356974755633237272944550807734034365967401866621833918946476032.000000 7.006372e-208 5.860248e-208 1.000000 29
