Std No.	Outgassing	ChemProd	ChemLoss	DryDepo		WetDepo		Escape		Condensation	Net Flux	Global Change
3	0.000000e+00	5.341242e+12	-5.340042e+12	-5.791699e+02	-1.086207e-05	-1.200645e+09	0.000000e+00	-2.300657e+02	-8.539457e-14
53	3.000000e+10	2.881551e+11	-1.008901e+10	-0.000000e+00	0.000000e+00	-3.080661e+11	0.000000e+00	-9.141016e+01	-2.945540e-22
1	0.000000e+00	1.520720e+12	-1.520720e+12	-3.716752e+01	-2.843362e-04	-0.000000e+00	0.000000e+00	-1.069173e+01	-4.019876e-16
56	0.000000e+00	1.010865e+09	-1.010865e+09	-0.000000e+00	-2.491565e-25	-0.000000e+00	0.000000e+00	2.417289e-01	5.318104e-08
54	0.000000e+00	6.791923e+08	-6.791923e+08	-0.000000e+00	0.000000e+00	-0.000000e+00	0.000000e+00	-1.121759e-03	-1.328870e-18
2	0.000000e+00	5.126950e+06	-5.126950e+06	-5.218270e-18	-2.140406e-11	-0.000000e+00	0.000000e+00	1.230687e-04	2.932738e-13
4	0.000000e+00	6.038987e+11	-6.038987e+11	-1.564187e+00	-4.019102e-03	-0.000000e+00	0.000000e+00	-2.608367e+00	-1.941350e-09
5	0.000000e+00	1.984040e+08	-1.984040e+08	-4.372973e-07	-1.102124e-02	-0.000000e+00	0.000000e+00	2.858833e-06	8.145736e-16
7	1.000000e-02	7.301440e+08	-4.489320e+11	-0.000000e+00	0.000000e+00	-0.000000e+00	-7.052209e+26	-7.052209e+26	-1.380797e+04
6	0.000000e+00	1.118973e+01	-1.118972e+01	-2.407809e-07	-1.456765e-06	-0.000000e+00	0.000000e+00	3.307973e-10	2.278539e-15
52	1.000000e-02	1.783924e+12	-1.498930e+12	-0.000000e+00	-1.017761e+12	-0.000000e+00	0.000000e+00	-7.327673e+11	-3.353424e-12
20	9.000000e+11	6.625964e+12	-7.163950e+12	-3.620140e+11	0.000000e+00	-0.000000e+00	0.000000e+00	1.359579e+02	3.951208e-23
22	0.000000e+00	1.040730e+12	-9.544664e+11	-2.884732e+09	-8.337916e+10	-0.000000e+00	0.000000e+00	1.614254e+02	1.255461e-14
61	0.000000e+00	6.006264e+12	-6.006239e+12	-2.540253e+07	-1.732978e-04	-0.000000e+00	0.000000e+00	-9.068876e+01	-3.471546e-13
19	0.000000e+00	3.637893e+08	-3.637893e+08	-0.000000e+00	-9.999710e-17	-0.000000e+00	0.000000e+00	2.776617e-02	2.608223e-17
58	0.000000e+00	6.773338e+07	-6.773338e+07	-0.000000e+00	-2.070738e-23	-0.000000e+00	0.000000e+00	8.654118e-03	6.703760e-11
59	0.000000e+00	2.001175e+08	-2.001175e+08	-0.000000e+00	-2.446336e-23	-0.000000e+00	0.000000e+00	2.980232e-08	2.555884e-16
80	0.000000e+00	1.399439e+08	-1.399439e+08	-0.000000e+00	-1.022469e-24	-0.000000e+00	0.000000e+00	7.646608e-02	5.760247e-09
60	0.000000e+00	1.051386e+09	-1.051386e+09	-0.000000e+00	-7.374933e-11	-0.000000e+00	0.000000e+00	5.903137e-02	3.970253e-11
21	3.000000e+08	1.598663e+07	-3.159866e+08	-0.000000e+00	0.000000e+00	-0.000000e+00	0.000000e+00	-3.262287e-01	-7.665064e-23
62	0.000000e+00	7.743681e+05	-7.743680e+05	-8.898378e-02	-5.932160e-13	-0.000000e+00	0.000000e+00	7.618791e-07	1.140643e-13
24	0.000000e+00	2.221388e+05	-1.141645e+05	-6.747977e+04	-4.049452e+04	-0.000000e+00	0.000000e+00	-2.439454e-06	-3.776095e-18
63	0.000000e+00	1.857332e+11	-1.873061e+10	-5.037776e+09	-1.619648e+11	-0.000000e+00	0.000000e+00	-6.103516e-05	-5.298145e-22
23	0.000000e+00	4.985777e-06	-4.985777e-06	-1.249327e-16	-1.407526e-13	-0.000000e+00	0.000000e+00	3.745837e-18	1.182693e-17
71	0.000000e+00	4.816672e+01	-4.816672e+01	-7.727791e-24	-3.865932e-16	-0.000000e+00	0.000000e+00	-1.694683e-11	-1.759189e-08
25	0.000000e+00	3.617945e-10	-3.617944e-10	-3.034849e-22	-4.260677e-17	-0.000000e+00	0.000000e+00	3.580087e-20	4.261861e-15
26	0.000000e+00	1.197418e-30	-1.197418e-30	-0.000000e+00	-1.040241e-59	-0.000000e+00	0.000000e+00	-3.503246e-46	-3.036786e-18
64	0.000000e+00	8.885669e+01	-8.885669e+01	-0.000000e+00	-6.440134e-29	-0.000000e+00	0.000000e+00	6.137995e-09	1.941136e-11
27	0.000000e+00	5.594740e+03	-5.594740e+03	-0.000000e+00	0.000000e+00	-0.000000e+00	0.000000e+00	9.140131e-07	3.099463e-14
28	0.000000e+00	1.040103e+03	-1.040103e+03	-0.000000e+00	-2.909735e-19	-0.000000e+00	0.000000e+00	1.019960e-07	3.059344e-10
29	0.000000e+00	5.389981e+06	-5.389981e+06	-0.000000e+00	0.000000e+00	-0.000000e+00	0.000000e+00	-1.009554e-06	-7.881157e-16
30	0.000000e+00	2.059883e+03	-2.059883e+03	-0.000000e+00	-2.281530e-15	-0.000000e+00	0.000000e+00	1.855346e-10	3.366656e-15
31	0.000000e+00	7.618565e+03	-2.062522e+03	-5.556043e+03	0.000000e+00	-0.000000e+00	0.000000e+00	2.408251e-08	4.554846e-23
32	0.000000e+00	1.061080e+05	-1.061080e+05	-0.000000e+00	-6.285261e-23	-0.000000e+00	0.000000e+00	1.192064e-06	4.360623e-15
33	0.000000e+00	5.471044e+05	-5.458342e+05	-2.390069e+01	-1.246248e+03	-0.000000e+00	0.000000e+00	2.157776e-10	3.395852e-22
34	0.000000e+00	7.769456e+08	-7.769452e+08	-4.560783e+02	-3.026472e-09	-0.000000e+00	0.000000e+00	2.008947e-06	5.774361e-16
35	0.000000e+00	8.262622e+06	-8.259069e+06	-3.407677e+03	-1.451797e+02	-0.000000e+00	0.000000e+00	1.316955e-04	3.462812e-15
36	0.000000e+00	8.215436e+02	-8.215436e+02	-1.971025e-08	-5.131566e-18	-0.000000e+00	0.000000e+00	-1.319906e-13	-1.643681e-20
40	0.000000e+00	3.334743e+11	-3.334743e+11	-0.000000e+00	-1.008639e-06	-0.000000e+00	0.000000e+00	-1.273523e+01	-2.043130e-13
41	0.000000e+00	3.218888e+11	-3.218888e+11	-0.000000e+00	-8.169270e-07	-0.000000e+00	0.000000e+00	6.356689e+00	2.474307e-13
76	0.000000e+00	1.163603e+10	-1.163603e+10	-0.000000e+00	-1.750072e-10	-0.000000e+00	0.000000e+00	1.944160e-02	1.050224e-12
77	0.000000e+00	1.027680e+11	-1.027680e+11	-0.000000e+00	-6.974768e-09	-0.000000e+00	0.000000e+00	-1.335145e-02	-1.526856e-14
42	0.000000e+00	2.121269e+11	-2.121269e+11	-0.000000e+00	-1.255905e-04	-0.000000e+00	0.000000e+00	1.690322e-02	7.196360e-17
43	3.000000e+09	6.862675e+10	-7.066655e+10	-7.994669e+08	-1.607368e+08	-0.000000e+00	0.000000e+00	1.641790e+01	9.073696e-14
74	0.000000e+00	6.816564e+10	-6.816564e+10	-0.000000e+00	-7.207024e-16	-0.000000e+00	0.000000e+00	-1.641657e+01	-7.731799e-03
75	0.000000e+00	6.313142e+09	-6.313142e+09	-0.000000e+00	-4.893769e-15	-0.000000e+00	0.000000e+00	-2.025604e-03	-1.717389e-07
44	0.000000e+00	1.099359e+04	-1.099359e+04	-1.209155e-06	-3.463106e-04	-0.000000e+00	0.000000e+00	2.863167e-08	2.338383e-16
45	3.000000e+08	9.021342e+11	-9.018191e+11	-6.145570e+08	-4.965990e+05	-0.000000e+00	0.000000e+00	1.023995e+00	4.065928e-17
46	0.000000e+00	1.062473e+12	-1.062473e+12	-0.000000e+00	-1.478090e-05	-0.000000e+00	0.000000e+00	-1.035293e+00	-1.049351e-14
47	0.000000e+00	1.658261e+11	-1.658261e+11	-0.000000e+00	-1.962148e-05	-0.000000e+00	0.000000e+00	1.148551e-02	6.724686e-16
48	0.000000e+00	1.230150e+05	-1.230150e+05	-0.000000e+00	-1.968946e-10	-0.000000e+00	0.000000e+00	7.959177e-11	3.318104e-23
68	0.000000e+00	2.684486e+02	-2.267383e+02	-1.286974e+01	-2.884052e+01	-0.000000e+00	0.000000e+00	4.973799e-14	6.322422e-22
73	0.000000e+00	6.882255e+03	-1.342134e+03	-1.043128e+03	-4.119562e+03	-0.000000e+00	-3.774316e+02	-7.764811e-10	-2.140881e-21
78	0.000000e+00	0.000000e+00	0.000000e+00	-3.774316e+02	-1.805909e-09	-0.000000e+00	3.774316e+02	4.035883e-12	8.649217e-24
79	0.000000e+00	2.155921e+08	0.000000e+00	-0.000000e+00	-3.550866e-03	-0.000000e+00	-2.155921e+08	-6.288290e-06	-4.816621e-21
111	0.000000e+00	0.000000e+00	0.000000e+00	-2.155921e+08	-1.018050e-03	-0.000000e+00	2.155921e+08	7.063150e-06	1.101972e-21
8	0.000000e+00	8.312699e+06	-8.312699e+06	-0.000000e+00	-5.098726e-09	-0.000000e+00	0.000000e+00	-1.468905e-04	-2.020144e-14
9	0.000000e+00	6.322522e+05	-6.322522e+05	-0.000000e+00	0.000000e+00	-0.000000e+00	0.000000e+00	1.155655e-06	3.312048e-17
10	0.000000e+00	8.502099e+06	-8.502097e+06	-0.000000e+00	-1.920526e+00	-0.000000e+00	0.000000e+00	-1.161601e-06	-7.770405e-16
57	0.000000e+00	1.078581e+05	-1.078581e+05	-0.000000e+00	-1.723791e-19	-0.000000e+00	0.000000e+00	-2.910383e-11	-8.141755e-15
11	0.000000e+00	1.129528e+02	-1.129516e+02	-0.000000e+00	-1.212808e-03	-0.000000e+00	0.000000e+00	3.783989e-10	4.467609e-19
12	1.000000e+08	2.965531e+12	-2.965630e+12	-2.995731e+05	-2.205274e+02	-0.000000e+00	0.000000e+00	-1.358178e+02	-6.817584e-14
13	0.000000e+00	6.371049e+07	-6.371049e+07	-7.379708e-03	-6.733003e-05	-0.000000e+00	0.000000e+00	5.260292e-04	1.115237e-13
14	0.000000e+00	2.398972e+03	-2.398972e+03	-2.814052e-09	-6.180671e-06	-0.000000e+00	0.000000e+00	1.745085e-10	1.033221e-14
15	0.000000e+00	4.832442e-05	-4.832429e-05	-3.549111e-20	-1.321515e-10	-0.000000e+00	0.000000e+00	1.629727e-15	7.712032e-15
16	0.000000e+00	2.965551e+12	-2.965467e+12	-0.000000e+00	-8.462232e+07	-0.000000e+00	0.000000e+00	1.358200e+02	2.837410e-14
17	0.000000e+00	7.603899e+03	-7.579241e+03	-1.297259e+01	-1.168523e+01	-0.000000e+00	0.000000e+00	3.547646e-07	2.826334e-14
18	0.000000e+00	1.415234e-02	-1.413530e-02	-2.498152e-06	-1.453917e-05	-0.000000e+00	0.000000e+00	3.100724e-13	8.425874e-16
70	0.000000e+00	5.187325e-02	-5.187323e-02	-3.887187e-17	-2.252851e-08	-0.000000e+00	0.000000e+00	1.318334e-12	8.467005e-15
37	0.000000e+00	4.164732e+03	-4.048276e-01	-2.814387e+03	-1.349941e+03	-0.000000e+00	0.000000e+00	-2.343768e-09	-2.433888e-21
38	0.000000e+00	7.138884e-01	-7.138884e-01	-1.589659e-19	-3.225225e-22	-0.000000e+00	0.000000e+00	9.123480e-12	1.063438e-12
39	0.000000e+00	2.388983e-01	-2.388983e-01	-0.000000e+00	-1.153353e-22	-0.000000e+00	0.000000e+00	1.582068e-15	1.025841e-16
72	0.000000e+00	3.463044e-02	-3.463044e-02	-0.000000e+00	-1.157734e-09	-0.000000e+00	0.000000e+00	3.133073e-10	1.958920e-19
65	0.000000e+00	2.754500e+04	-2.754443e+04	-3.542060e-01	-2.179859e-01	-0.000000e+00	0.000000e+00	1.681324e-06	7.079528e-14
66	0.000000e+00	5.422350e-02	-5.422344e-02	-2.629860e-08	-3.301033e-08	-0.000000e+00	0.000000e+00	5.747467e-13	1.043603e-15
109	0.000000e+00	4.112940e+03	-4.112922e+03	-0.000000e+00	-1.733297e-02	-0.000000e+00	0.000000e+00	2.392337e-09	9.190392e-18
67	0.000000e+00	8.692898e-07	-8.692898e-07	-0.000000e+00	-3.713971e-24	-0.000000e+00	0.000000e+00	-5.331096e-22	-1.694482e-18
110	0.000000e+00	4.863435e-05	-4.863417e-05	-0.000000e+00	-1.743272e-10	-0.000000e+00	0.000000e+00	6.776235e-17	1.403421e-17
106	0.000000e+00	6.748867e+01	-6.748867e+01	-0.000000e+00	-5.097047e-13	-0.000000e+00	0.000000e+00	1.131345e-10	1.599453e-16
107	0.000000e+00	2.167083e+02	-2.167083e+02	-0.000000e+00	-6.533449e-10	-0.000000e+00	0.000000e+00	-3.014557e-10	-1.042422e-19
108	0.000000e+00	2.167083e+02	-2.167083e+02	-0.000000e+00	-5.098458e-13	-0.000000e+00	0.000000e+00	3.017266e-10	1.761969e-16
49	0.000000e+00	5.265318e-10	-5.265318e-10	-1.082937e-18	-3.578693e-21	-0.000000e+00	0.000000e+00	-1.114738e-21	-6.461251e-17
50	0.000000e+00	6.740988e-12	-6.740988e-12	-0.000000e+00	-8.797012e-41	-0.000000e+00	0.000000e+00	-5.654555e-27	-3.993430e-17
51	0.000000e+00	0.000000e+00	0.000000e+00	-0.000000e+00	0.000000e+00	-0.000000e+00	0.000000e+00	0.000000e+00	nan
69	0.000000e+00	0.000000e+00	0.000000e+00	-0.000000e+00	0.000000e+00	-0.000000e+00	0.000000e+00	0.000000e+00	nan
