Std No.	Outgassing	ChemProd	ChemLoss	DryDepo		WetDepo		Escape		Condensation	Net Flux	Global Change
3	0.000000e+00	1.840115e+11	-1.816757e+11	-1.230786e+02	-5.791789e-04	-2.335744e+09	0.000000e+00	1.264143e-02	6.371634e-20
53	9.000000e-01	1.153253e+11	-1.166847e+11	-0.000000e+00	0.000000e+00	-0.000000e+00	0.000000e+00	-1.359369e+09	-1.110532e-17
1	0.000000e+00	6.313879e+08	-6.313879e+08	-5.436503e-04	-3.595713e-08	-0.000000e+00	0.000000e+00	-1.368178e-05	-9.072647e-17
56	0.000000e+00	2.154488e+09	-2.154488e+09	-0.000000e+00	-5.908266e-21	-0.000000e+00	0.000000e+00	-4.243851e-04	-3.684884e-09
54	0.000000e+00	8.149536e+05	-8.149536e+05	-0.000000e+00	0.000000e+00	-0.000000e+00	0.000000e+00	2.060551e-08	4.420327e-18
2	0.000000e+00	6.330847e-05	-6.330847e-05	-1.722734e-19	-4.465036e-22	-0.000000e+00	0.000000e+00	3.055661e-13	2.659738e-09
4	0.000000e+00	2.128381e+10	-2.128381e+10	-1.969109e-06	-4.408206e-05	-0.000000e+00	0.000000e+00	4.384154e-04	2.110298e-15
5	0.000000e+00	2.108467e+03	-2.108467e+03	-1.322381e-07	-1.618929e-05	-0.000000e+00	0.000000e+00	3.803491e-12	1.182149e-15
7	2.000000e-02	1.960991e+10	-1.912168e+10	-0.000000e+00	0.000000e+00	-0.000000e+00	-1.233834e+28	-1.233834e+28	-1.841081e+04
6	0.000000e+00	4.682290e+00	-4.682290e+00	-2.282802e-13	-9.933131e-09	-0.000000e+00	0.000000e+00	3.474665e-14	1.035415e-18
52	3.000000e+11	1.652963e+09	-2.206713e+09	-2.151888e+11	-8.425742e+10	-0.000000e+00	0.000000e+00	7.454834e-01	5.706432e-23
20	0.000000e+00	3.933278e+10	-3.925130e+10	-8.148420e+07	0.000000e+00	-0.000000e+00	0.000000e+00	7.078959e-01	1.430832e-23
22	0.000000e+00	7.905734e+09	-7.375538e+09	-4.240624e+04	-5.301535e+08	-0.000000e+00	0.000000e+00	1.860261e-04	4.862738e-21
61	0.000000e+00	4.040740e+10	-4.040735e+10	-5.379749e+04	-7.108238e-06	-0.000000e+00	0.000000e+00	-7.088153e-03	-9.542670e-17
19	0.000000e+00	9.114380e+09	-9.114380e+09	-0.000000e+00	-3.041785e-13	-0.000000e+00	0.000000e+00	-4.959106e-05	-8.089433e-18
58	0.000000e+00	6.082544e+10	-6.082544e+10	-0.000000e+00	-1.270579e-16	-0.000000e+00	0.000000e+00	-6.332397e-04	-2.481772e-13
59	0.000000e+00	5.971890e+10	-5.971890e+10	-0.000000e+00	-1.069367e-16	-0.000000e+00	0.000000e+00	4.501343e-04	2.108811e-13
80	0.000000e+00	1.020552e+10	-1.020552e+10	-0.000000e+00	-3.438942e-20	-0.000000e+00	0.000000e+00	1.335144e-05	1.939634e-11
60	0.000000e+00	2.254912e+10	-2.254912e+10	-0.000000e+00	-8.169577e-12	-0.000000e+00	0.000000e+00	-8.773805e-05	-3.438749e-18
21	3.000000e+08	1.842227e+10	-1.872227e+10	-0.000000e+00	0.000000e+00	-0.000000e+00	0.000000e+00	-3.753662e-03	-4.870927e-25
62	0.000000e+00	2.161601e+09	-2.161601e+09	-3.771991e-04	-4.227705e-13	-0.000000e+00	0.000000e+00	-1.432605e-05	-2.513040e-15
24	0.000000e+00	1.351869e+09	-1.346196e+09	-2.848584e+05	-5.387929e+06	-0.000000e+00	0.000000e+00	-4.881062e-06	-7.965204e-22
63	0.000000e+00	8.626470e+04	-5.492522e+04	-7.184637e+00	-3.133229e+04	-0.000000e+00	0.000000e+00	-1.211447e-09	-6.742937e-23
23	0.000000e+00	1.479636e-03	-1.463994e-03	-8.656376e-12	-1.564243e-05	-0.000000e+00	0.000000e+00	4.523656e-12	3.869006e-17
71	0.000000e+00	2.397153e+03	-2.397153e+03	-5.388021e-20	-1.389273e-14	-0.000000e+00	0.000000e+00	-1.613448e-07	-3.365760e-06
25	0.000000e+00	7.680922e-06	-7.680918e-06	-3.346340e-13	-2.426654e-12	-0.000000e+00	0.000000e+00	7.413121e-13	1.148239e-11
26	0.000000e+00	2.509089e-21	-2.509089e-21	-0.000000e+00	-2.141695e-45	-0.000000e+00	0.000000e+00	-1.587388e-34	-3.675293e-15
64	0.000000e+00	9.377958e+09	-9.377958e+09	-0.000000e+00	-1.195445e-17	-0.000000e+00	0.000000e+00	3.242493e-05	1.347859e-13
27	0.000000e+00	1.072706e+10	-1.072706e+10	-0.000000e+00	0.000000e+00	-0.000000e+00	0.000000e+00	-2.288818e-05	-1.087195e-20
28	0.000000e+00	1.401715e+09	-1.401715e+09	-0.000000e+00	-1.410628e-17	-0.000000e+00	0.000000e+00	3.337860e-06	1.521850e-14
29	0.000000e+00	2.451399e+09	-2.451399e+09	-0.000000e+00	0.000000e+00	-0.000000e+00	0.000000e+00	2.479553e-05	1.206582e-19
30	0.000000e+00	1.646198e+09	-1.646198e+09	-0.000000e+00	-3.685921e-12	-0.000000e+00	0.000000e+00	2.622601e-06	2.637930e-15
31	0.000000e+00	1.957208e+09	-1.922724e+09	-3.448348e+07	0.000000e+00	-0.000000e+00	0.000000e+00	8.915886e-04	4.247806e-23
32	0.000000e+00	3.806283e+07	-3.806283e+07	-5.473534e-22	-8.421008e-18	-0.000000e+00	0.000000e+00	-1.430511e-06	-8.457770e-15
33	0.000000e+00	7.869382e+06	-7.869318e+06	-4.239225e-05	-6.441398e+01	-0.000000e+00	0.000000e+00	2.383993e-08	2.089981e-19
34	0.000000e+00	2.174739e+07	-2.174739e+07	-2.184324e-03	-2.954771e-13	-0.000000e+00	0.000000e+00	5.064984e-07	2.049312e-14
35	0.000000e+00	1.686280e+06	-1.686277e+06	-9.909308e-01	-2.148237e+00	-0.000000e+00	0.000000e+00	7.650322e-09	1.005565e-19
36	0.000000e+00	1.566515e+06	-1.566515e+06	-7.521349e-12	-4.454337e-19	-0.000000e+00	0.000000e+00	-3.679476e-08	-2.968154e-14
40	0.000000e+00	6.602347e+09	-6.602347e+09	-0.000000e+00	-1.515926e-07	-0.000000e+00	0.000000e+00	-8.788963e-05	-3.577147e-19
41	0.000000e+00	3.107474e+09	-3.107474e+09	-0.000000e+00	-5.187114e-09	-0.000000e+00	0.000000e+00	-1.192612e-05	-1.010579e-17
76	0.000000e+00	5.857854e+06	-5.857854e+06	-0.000000e+00	-4.877015e-13	-0.000000e+00	0.000000e+00	9.452919e-07	1.461646e-15
77	0.000000e+00	6.830895e+05	-6.830895e+05	-0.000000e+00	-2.325735e-13	-0.000000e+00	0.000000e+00	1.438891e-07	8.416336e-16
42	0.000000e+00	3.579159e+07	-3.579159e+07	-0.000000e+00	-1.135756e-05	-0.000000e+00	0.000000e+00	8.762909e-07	6.790049e-20
43	3.000000e+09	9.132963e+08	-9.133483e+08	-1.221687e+09	-1.778261e+09	-0.000000e+00	0.000000e+00	7.152557e-07	2.614432e-22
74	0.000000e+00	8.967769e+08	-8.967769e+08	-0.000000e+00	-9.878359e-18	-0.000000e+00	0.000000e+00	-2.920628e-05	-8.086482e-07
75	0.000000e+00	9.542284e+07	-9.542284e+07	-0.000000e+00	-7.673754e-17	-0.000000e+00	0.000000e+00	5.960464e-08	3.645618e-10
44	0.000000e+00	1.391438e+00	-1.391438e+00	-2.734135e-11	-2.583248e-08	-0.000000e+00	0.000000e+00	-3.624409e-14	-2.161672e-18
45	3.000000e+08	8.804611e+08	-8.804091e+08	-2.979174e+08	-2.134578e+06	-0.000000e+00	0.000000e+00	-3.504567e-06	-2.911799e-23
46	0.000000e+00	3.169033e+09	-3.169033e+09	-0.000000e+00	-3.369010e-06	-0.000000e+00	0.000000e+00	1.010583e-04	2.447518e-17
47	0.000000e+00	3.188268e+07	-3.188268e+07	-0.000000e+00	-7.472003e-05	-0.000000e+00	0.000000e+00	1.074728e-06	2.968008e-20
48	0.000000e+00	2.110710e+04	-2.110710e+04	-0.000000e+00	-3.500243e-11	-0.000000e+00	0.000000e+00	3.411917e-11	2.213837e-23
68	0.000000e+00	1.126838e+00	-1.125815e+00	-2.711126e-06	-1.019734e-03	-0.000000e+00	0.000000e+00	8.020906e-14	1.421657e-18
73	0.000000e+00	5.133707e-01	-1.726944e-01	-5.567412e-04	-3.401195e-01	-0.000000e+00	0.000000e+00	-3.608225e-15	-1.407415e-23
78	0.000000e+00	0.000000e+00	0.000000e+00	-0.000000e+00	0.000000e+00	-0.000000e+00	0.000000e+00	0.000000e+00	nan
79	0.000000e+00	2.733772e-02	0.000000e+00	-0.000000e+00	-2.692060e-02	-0.000000e+00	-4.519193e+00	-4.518776e+00	-4.182291e-16
111	0.000000e+00	0.000000e+00	0.000000e+00	-1.241684e-05	-4.040090e-04	-0.000000e+00	4.519193e+00	4.518777e+00	6.527059e-16
8	0.000000e+00	2.316333e+07	-2.316333e+07	-0.000000e+00	-2.381650e-09	-0.000000e+00	0.000000e+00	-6.617580e-07	-1.904610e-17
9	3.000000e+08	2.361240e+10	-2.389633e+10	-1.607834e+07	0.000000e+00	-0.000000e+00	0.000000e+00	1.370198e-02	1.404210e-23
10	0.000000e+00	2.507488e+10	-2.507487e+10	-0.000000e+00	-8.553282e+02	-0.000000e+00	0.000000e+00	-2.987702e-04	-1.256375e-18
57	0.000000e+00	8.091396e+07	-8.091396e+07	-0.000000e+00	-1.991406e-03	-0.000000e+00	0.000000e+00	-3.307836e-06	-2.346492e-21
11	0.000000e+00	1.136391e+07	-9.451200e+06	-0.000000e+00	-1.912705e+06	-0.000000e+00	0.000000e+00	1.018378e-05	2.350223e-23
12	0.000000e+00	1.048304e+08	-1.048304e+08	-5.702316e-07	-9.940212e-08	-0.000000e+00	0.000000e+00	3.726209e-06	1.978386e-17
13	0.000000e+00	4.305387e-01	-4.305387e-01	-1.234074e-18	-5.778704e-17	-0.000000e+00	0.000000e+00	-2.255546e-16	-2.622682e-16
14	0.000000e+00	3.228238e-12	-3.203958e-12	-1.284990e-28	-1.540298e-21	-0.000000e+00	0.000000e+00	2.428011e-14	2.120529e-04
15	0.000000e+00	1.176655e-30	-1.176583e-30	-3.772786e-56	-7.183359e-35	-0.000000e+00	0.000000e+00	-1.429766e-37	-2.994903e-14
16	0.000000e+00	5.806950e+07	-5.806950e+07	-0.000000e+00	-6.638648e-02	-0.000000e+00	0.000000e+00	-1.801036e-06	-3.869561e-16
17	0.000000e+00	4.142301e+00	-4.142301e+00	-4.056223e-15	-1.098490e-07	-0.000000e+00	0.000000e+00	2.338886e-13	6.503047e-19
18	0.000000e+00	1.801285e-11	-1.801234e-11	-2.544775e-22	-5.054439e-16	-0.000000e+00	0.000000e+00	-2.619618e-24	-1.889394e-19
70	0.000000e+00	3.180158e-20	-3.178454e-20	-2.067898e-34	-1.704070e-23	-0.000000e+00	0.000000e+00	2.134365e-30	2.145507e-17
37	0.000000e+00	4.147131e+08	-2.475669e+08	-3.673063e+07	-1.304156e+08	-0.000000e+00	0.000000e+00	-1.737475e-05	-6.685746e-23
38	0.000000e+00	2.790784e+08	-2.790784e+08	-1.621050e-18	-1.933738e-09	-0.000000e+00	0.000000e+00	2.364848e-07	3.621603e-16
39	0.000000e+00	1.583464e+04	-1.583464e+04	-0.000000e+00	-5.536389e-22	-0.000000e+00	0.000000e+00	-2.019078e-10	-4.259180e-14
72	0.000000e+00	8.826126e+02	-8.826126e+02	-0.000000e+00	-2.285129e-10	-0.000000e+00	0.000000e+00	-1.728063e-10	-9.445061e-19
65	0.000000e+00	4.075863e-01	-4.075859e-01	-3.491581e-12	-3.120978e-07	-0.000000e+00	0.000000e+00	-3.818617e-14	-1.096701e-18
66	0.000000e+00	7.794734e-11	-7.794238e-11	-4.883473e-16	-4.476564e-15	-0.000000e+00	0.000000e+00	-1.130751e-23	-5.945567e-21
109	0.000000e+00	6.545023e+07	-6.525160e+07	-0.000000e+00	-1.986225e+05	-0.000000e+00	0.000000e+00	-1.469508e-05	-4.905714e-21
67	0.000000e+00	1.066859e+02	-1.066859e+02	-0.000000e+00	-7.760894e-09	-0.000000e+00	0.000000e+00	-1.647513e-11	-3.029183e-21
110	0.000000e+00	2.812444e+03	-2.711490e+03	-0.000000e+00	-1.009539e+02	-0.000000e+00	0.000000e+00	-5.340866e-10	-3.523212e-21
106	0.000000e+00	1.306523e+06	-1.306523e+06	-0.000000e+00	-2.116160e-06	-0.000000e+00	0.000000e+00	5.312311e-08	2.174169e-21
107	0.000000e+00	6.542117e+08	-6.542117e+08	-0.000000e+00	-4.487819e-08	-0.000000e+00	0.000000e+00	6.703775e-07	4.961433e-19
108	0.000000e+00	6.542117e+08	-6.542117e+08	-0.000000e+00	-3.042675e-06	-0.000000e+00	0.000000e+00	3.319695e-05	3.597235e-19
49	0.000000e+00	1.542010e+01	-1.542010e+01	-4.850694e-07	-1.908970e-09	-0.000000e+00	0.000000e+00	-2.694413e-12	-9.822423e-19
50	0.000000e+00	1.534065e+01	-1.534065e+01	-0.000000e+00	-4.871142e-07	-0.000000e+00	0.000000e+00	1.327433e-11	3.964663e-23
51	0.000000e+00	0.000000e+00	0.000000e+00	-0.000000e+00	0.000000e+00	-0.000000e+00	0.000000e+00	0.000000e+00	nan
69	0.000000e+00	0.000000e+00	0.000000e+00	-0.000000e+00	0.000000e+00	-0.000000e+00	0.000000e+00	0.000000e+00	nan
