Std No.	Outgassing	ChemProd	ChemLoss	DryDepo		WetDepo		Escape		Condensation	Net Flux	Global Change
3	0.000000e+00	2.858995e+10	-2.556075e+10	-2.513429e+01	-2.852331e-06	-3.029199e+09	0.000000e+00	-6.818771e-05	-1.351708e-21
53	9.000000e-01	8.968980e+09	-1.070172e+10	-0.000000e+00	0.000000e+00	-0.000000e+00	0.000000e+00	-1.732741e+09	-1.445267e-17
1	0.000000e+00	4.018435e+09	-4.018435e+09	-1.400294e-02	-8.467337e-06	-0.000000e+00	0.000000e+00	-9.752928e-07	-7.508125e-20
56	0.000000e+00	4.695998e+08	-4.695998e+08	-0.000000e+00	-3.766882e-23	-0.000000e+00	0.000000e+00	5.960464e-06	2.502984e-11
54	0.000000e+00	4.267293e+05	-4.267293e+05	-0.000000e+00	0.000000e+00	-0.000000e+00	0.000000e+00	0.000000e+00	0.000000e+00
2	0.000000e+00	7.966446e+00	-7.966446e+00	-6.630887e-21	-4.589283e-11	-0.000000e+00	0.000000e+00	2.371862e-16	7.009609e-22
4	0.000000e+00	4.621963e+09	-4.621963e+09	-1.693536e-04	-3.060005e-06	-0.000000e+00	0.000000e+00	2.213592e-05	8.732505e-17
5	0.000000e+00	1.724346e+05	-1.724346e+05	-8.911122e-10	-8.538044e-04	-0.000000e+00	0.000000e+00	8.704634e-13	3.787031e-22
7	1.000000e-02	1.607359e+09	-1.305817e+09	-0.000000e+00	0.000000e+00	-0.000000e+00	-3.607231e+27	-3.607231e+27	-1.327542e+04
6	0.000000e+00	1.331618e+01	-1.331502e+01	-3.151369e-06	-1.154166e-03	-0.000000e+00	0.000000e+00	-2.178379e-15	-1.201719e-23
52	3.000000e+11	3.694622e+09	-4.274283e+09	-2.431220e+11	-5.629832e+10	-0.000000e+00	0.000000e+00	-2.899246e-01	-2.095116e-23
20	0.000000e+00	1.838216e+10	-1.817487e+10	-2.072886e+08	0.000000e+00	-0.000000e+00	0.000000e+00	1.482974e-01	1.256838e-24
22	0.000000e+00	5.407051e+09	-4.819996e+09	-5.317050e+05	-5.865227e+08	-0.000000e+00	0.000000e+00	-2.384186e-06	-8.013450e-23
61	0.000000e+00	1.751200e+10	-1.751190e+10	-9.859638e+04	-4.091532e-06	-0.000000e+00	0.000000e+00	-6.426896e-06	-1.139004e-19
19	0.000000e+00	1.494821e+09	-1.494821e+09	-0.000000e+00	-2.552733e-14	-0.000000e+00	0.000000e+00	2.384186e-07	1.146720e-21
58	0.000000e+00	2.839446e+09	-2.839446e+09	-0.000000e+00	-1.140000e-18	-0.000000e+00	0.000000e+00	-9.536743e-07	-1.350397e-16
59	0.000000e+00	2.783017e+09	-2.783017e+09	-0.000000e+00	-2.105849e-18	-0.000000e+00	0.000000e+00	-4.768372e-07	-6.071895e-16
80	0.000000e+00	9.640889e+08	-9.640889e+08	-0.000000e+00	-9.076017e-23	-0.000000e+00	0.000000e+00	1.192093e-07	2.830815e-13
60	0.000000e+00	2.100679e+09	-2.100679e+09	-0.000000e+00	-1.559644e-12	-0.000000e+00	0.000000e+00	-1.559644e-12	-2.209137e-26
21	3.000000e+08	1.521688e+09	-1.821688e+09	-0.000000e+00	0.000000e+00	-0.000000e+00	0.000000e+00	-2.211130e-01	-1.327817e-23
62	0.000000e+00	5.711416e+07	-5.711416e+07	-5.531616e-04	-4.141964e-14	-0.000000e+00	0.000000e+00	1.420764e-08	2.509908e-18
24	0.000000e+00	3.485177e+07	-3.464936e+07	-3.413763e+04	-1.682667e+05	-0.000000e+00	0.000000e+00	-1.568696e-08	-2.388033e-23
63	0.000000e+00	2.325870e+08	-1.946469e+08	-2.530559e+04	-3.791482e+07	-0.000000e+00	0.000000e+00	3.725290e-08	2.252273e-23
23	0.000000e+00	4.464581e-09	-4.391303e-09	-4.286295e-14	-7.323007e-11	-0.000000e+00	0.000000e+00	5.087854e-15	1.397861e-14
71	0.000000e+00	1.326811e+02	-1.326811e+02	-3.702847e-24	-1.023811e-16	-0.000000e+00	0.000000e+00	-1.291484e-10	-4.866904e-08
25	0.000000e+00	2.695712e-06	-2.695178e-06	-5.936141e-11	-4.740996e-10	-0.000000e+00	0.000000e+00	9.782107e-17	1.621001e-18
26	0.000000e+00	1.701561e-30	-1.701561e-30	-0.000000e+00	-6.387457e-55	-0.000000e+00	0.000000e+00	-6.387457e-55	-1.048321e-28
64	0.000000e+00	6.054382e+09	-6.054382e+09	-0.000000e+00	-5.265697e-19	-0.000000e+00	0.000000e+00	9.536743e-07	2.294321e-16
27	0.000000e+00	6.377878e+09	-6.377878e+09	-0.000000e+00	0.000000e+00	-0.000000e+00	0.000000e+00	0.000000e+00	0.000000e+00
28	0.000000e+00	2.781532e+08	-2.781532e+08	-0.000000e+00	-2.542154e-15	-0.000000e+00	0.000000e+00	-2.542154e-15	-3.024312e-26
29	0.000000e+00	4.265982e+08	-4.265982e+08	-0.000000e+00	0.000000e+00	-0.000000e+00	0.000000e+00	0.000000e+00	0.000000e+00
30	0.000000e+00	1.842713e+08	-1.842713e+08	-0.000000e+00	-4.437757e-13	-0.000000e+00	0.000000e+00	-5.960509e-08	-5.490641e-19
31	0.000000e+00	2.860157e+08	-2.729303e+08	-1.308542e+07	0.000000e+00	-0.000000e+00	0.000000e+00	1.965724e-04	2.632019e-23
32	0.000000e+00	2.069697e+07	-2.069697e+07	-2.253218e-22	-3.399358e-18	-0.000000e+00	0.000000e+00	-4.097819e-08	-1.595788e-18
33	0.000000e+00	2.059459e+07	-1.395843e+07	-3.891244e+03	-6.632265e+06	-0.000000e+00	0.000000e+00	-7.450581e-09	-1.169160e-24
34	0.000000e+00	4.046078e+07	-4.046078e+07	-8.365084e-03	-8.019240e-13	-0.000000e+00	0.000000e+00	1.763444e-08	3.359928e-20
35	0.000000e+00	3.140036e+07	-3.140034e+07	-6.642126e-01	-1.616996e+01	-0.000000e+00	0.000000e+00	-1.650028e-08	-1.647051e-22
36	0.000000e+00	1.363518e+07	-1.363518e+07	-2.593513e-07	-7.792587e-14	-0.000000e+00	0.000000e+00	-4.169006e-09	-2.914276e-21
40	0.000000e+00	2.997367e+08	-2.997367e+08	-0.000000e+00	-1.175880e-07	-0.000000e+00	0.000000e+00	-1.175880e-07	-3.076617e-21
41	0.000000e+00	7.246901e+07	-7.246901e+07	-0.000000e+00	-1.678322e-08	-0.000000e+00	0.000000e+00	1.301910e-08	3.324372e-19
76	0.000000e+00	1.304684e+04	-1.304684e+04	-0.000000e+00	-3.585000e-12	-0.000000e+00	0.000000e+00	-3.585000e-12	-1.717460e-18
77	0.000000e+00	6.589181e+03	-6.589181e+03	-0.000000e+00	-7.049724e-12	-0.000000e+00	0.000000e+00	3.864212e-12	1.629789e-18
42	0.000000e+00	2.072921e+09	-2.072921e+09	-0.000000e+00	-1.512093e-05	-0.000000e+00	0.000000e+00	-5.773935e-07	-2.808038e-21
43	3.000000e+09	1.914707e+09	-1.924565e+09	-1.405960e+09	-1.584182e+09	-0.000000e+00	0.000000e+00	-2.384186e-07	-4.373400e-23
74	0.000000e+00	1.804231e+09	-1.804231e+09	-0.000000e+00	-2.418274e-18	-0.000000e+00	0.000000e+00	2.384186e-07	9.108226e-10
75	0.000000e+00	2.126946e+08	-2.126946e+08	-0.000000e+00	-2.309374e-17	-0.000000e+00	0.000000e+00	1.192093e-07	6.412201e-11
44	0.000000e+00	8.422125e+04	-8.422124e+04	-3.291377e-09	-4.205875e-03	-0.000000e+00	0.000000e+00	-5.640817e-12	-5.199815e-22
45	3.000000e+08	2.203422e+09	-2.193646e+09	-3.084475e+08	-1.328888e+06	-0.000000e+00	0.000000e+00	7.464550e-07	6.403273e-24
46	0.000000e+00	2.565638e+09	-2.565638e+09	-0.000000e+00	-2.767717e-06	-0.000000e+00	0.000000e+00	-3.835311e-07	-5.692249e-20
47	0.000000e+00	1.912007e+09	-1.912007e+09	-0.000000e+00	-8.239075e-05	-0.000000e+00	0.000000e+00	3.404978e-07	1.948906e-21
48	0.000000e+00	2.553128e+04	-2.553128e+04	-0.000000e+00	-7.493338e-11	-0.000000e+00	0.000000e+00	1.601609e-11	1.220477e-24
68	0.000000e+00	1.833327e+03	-1.825316e+03	-3.961567e-02	-7.971121e+00	-0.000000e+00	0.000000e+00	-7.300827e-13	-4.522247e-22
73	0.000000e+00	8.358365e+04	-1.543677e+03	-2.215427e+03	-7.930083e+04	-0.000000e+00	-5.237096e+02	3.899459e-11	1.070573e-23
78	0.000000e+00	0.000000e+00	0.000000e+00	-5.237096e+02	-4.814985e-08	-0.000000e+00	5.237096e+02	8.844836e-11	2.549299e-24
79	0.000000e+00	1.072334e-03	0.000000e+00	-0.000000e+00	-2.356445e-05	-0.000000e+00	-1.049349e-03	-5.787044e-07	-2.141357e-20
111	0.000000e+00	0.000000e+00	0.000000e+00	-1.048751e-03	-2.003747e-08	-0.000000e+00	1.049349e-03	5.771639e-07	6.972033e-20
8	0.000000e+00	1.147496e+05	-1.147496e+05	-0.000000e+00	-2.033042e-13	-0.000000e+00	0.000000e+00	-1.475522e-11	-2.650548e-18
9	1.000000e+08	1.196859e+09	-1.296848e+09	-1.118796e+04	0.000000e+00	-0.000000e+00	0.000000e+00	5.517233e-06	9.479797e-24
10	0.000000e+00	1.297096e+09	-1.297096e+09	-0.000000e+00	-3.456799e+01	-0.000000e+00	0.000000e+00	-6.708758e-07	-9.643731e-19
57	0.000000e+00	9.774515e+05	-9.774515e+05	-0.000000e+00	-2.389828e-10	-0.000000e+00	0.000000e+00	-6.152184e-12	-1.227653e-22
11	0.000000e+00	1.366878e+05	-1.313145e+05	-0.000000e+00	-5.373295e+03	-0.000000e+00	0.000000e+00	-5.683978e-08	-3.316825e-23
12	0.000000e+00	2.873549e+08	-2.873549e+08	-2.201405e-01	-8.674841e-04	-0.000000e+00	0.000000e+00	-2.019451e-08	-8.892846e-21
13	0.000000e+00	1.173638e+05	-1.173638e+05	-2.657919e-10	-2.175207e-08	-0.000000e+00	0.000000e+00	2.828499e-11	1.215809e-19
14	0.000000e+00	3.763924e+01	-3.763924e+01	-1.047372e-18	-3.518503e-09	-0.000000e+00	0.000000e+00	-1.573231e-14	-1.950618e-18
15	0.000000e+00	4.550681e-07	-4.550671e-07	-8.253516e-35	-9.913236e-13	-0.000000e+00	0.000000e+00	7.005731e-23	3.565376e-23
16	0.000000e+00	2.858130e+08	-2.858088e+08	-0.000000e+00	-4.178298e+03	-0.000000e+00	0.000000e+00	1.103817e-07	7.637185e-21
17	0.000000e+00	6.082586e+02	-6.082586e+02	-1.019837e-07	-3.665116e-05	-0.000000e+00	0.000000e+00	3.174736e-13	3.491218e-21
18	0.000000e+00	7.836443e-03	-7.834236e-03	-1.094991e-08	-2.195867e-06	-0.000000e+00	0.000000e+00	2.505100e-18	6.917016e-23
70	0.000000e+00	3.222051e-02	-3.222045e-02	-3.931185e-24	-5.515268e-08	-0.000000e+00	0.000000e+00	-1.636143e-17	-1.580563e-22
37	0.000000e+00	7.286634e+06	-1.534437e+04	-2.066715e+06	-5.204575e+06	-0.000000e+00	0.000000e+00	-1.769513e-08	-2.611609e-24
38	0.000000e+00	1.534622e+04	-1.534622e+04	-4.391739e-22	-1.145680e-14	-0.000000e+00	0.000000e+00	-1.145680e-14	-9.260864e-20
39	0.000000e+00	5.169549e-01	-5.169549e-01	-0.000000e+00	-1.056214e-21	-0.000000e+00	0.000000e+00	-1.110234e-16	-2.687024e-18
72	0.000000e+00	1.653434e-01	-1.653433e-01	-0.000000e+00	-9.127744e-08	-0.000000e+00	0.000000e+00	-2.757818e-12	-1.934296e-23
65	0.000000e+00	6.895232e+03	-6.895232e+03	-7.223571e-07	-3.445091e-04	-0.000000e+00	0.000000e+00	1.549347e-12	1.902755e-21
66	0.000000e+00	1.465484e+00	-1.465413e+00	-5.100290e-05	-2.033678e-05	-0.000000e+00	0.000000e+00	4.112853e-16	3.104213e-23
109	0.000000e+00	3.036883e+06	-2.827578e+06	-0.000000e+00	-2.093048e+05	-0.000000e+00	0.000000e+00	8.149073e-10	3.379445e-24
67	0.000000e+00	5.045491e-01	-5.045491e-01	-0.000000e+00	-5.354848e-20	-0.000000e+00	0.000000e+00	5.550580e-16	3.548973e-20
110	0.000000e+00	4.343931e+06	-4.267035e+06	-0.000000e+00	-7.689649e+04	-0.000000e+00	0.000000e+00	-4.816684e-09	-5.372405e-23
106	0.000000e+00	3.065237e+07	-3.065237e+07	-0.000000e+00	-6.816937e-05	-0.000000e+00	0.000000e+00	-4.008627e-09	-8.119626e-24
107	0.000000e+00	7.750419e+07	-7.750419e+07	-0.000000e+00	-2.105293e-07	-0.000000e+00	0.000000e+00	5.769165e-08	1.518929e-20
108	0.000000e+00	7.750419e+07	-7.750419e+07	-0.000000e+00	-8.916858e-05	-0.000000e+00	0.000000e+00	-2.983413e-08	-2.600385e-23
49	0.000000e+00	6.134715e+00	-6.134022e+00	-6.914744e-04	-1.520961e-06	-0.000000e+00	0.000000e+00	1.856128e-15	1.226408e-23
50	0.000000e+00	2.545410e+00	-2.545410e+00	-0.000000e+00	-2.182479e-20	-0.000000e+00	0.000000e+00	-8.882002e-16	-1.450840e-23
51	0.000000e+00	0.000000e+00	0.000000e+00	-0.000000e+00	0.000000e+00	-0.000000e+00	0.000000e+00	0.000000e+00	nan
69	0.000000e+00	0.000000e+00	0.000000e+00	-0.000000e+00	0.000000e+00	-0.000000e+00	0.000000e+00	0.000000e+00	nan
