Std No.	Outgassing	ChemProd	ChemLoss	DryDepo		WetDepo		Escape		Condensation	Net Flux	Global Change
3	0.000000e+00	2.304550e+12	-2.304437e+12	-3.887684e+02	-7.172582e-06	-1.495419e+07	0.000000e+00	9.773427e+07	1.160669e-07
53	3.000000e+10	2.653881e+09	-3.260109e+10	-0.000000e+00	0.000000e+00	-5.127632e+07	0.000000e+00	1.510445e+06	2.646422e-12
1	0.000000e+00	1.681862e+15	-1.681912e+15	-1.943324e+05	-3.187034e-01	-0.000000e+00	0.000000e+00	-4.988283e+10	-1.290914e-07
56	0.000000e+00	1.359331e+15	-1.359331e+15	-0.000000e+00	-2.231229e-14	-0.000000e+00	0.000000e+00	-3.402688e+07	-9.661239e-01
54	3.000000e+10	1.682976e+15	-1.683055e+15	-3.823026e+08	0.000000e+00	-0.000000e+00	0.000000e+00	-4.977941e+10	-1.369812e-11
2	0.000000e+00	1.679499e+15	-1.679442e+15	-7.066394e+09	-9.222560e+04	-0.000000e+00	0.000000e+00	4.991562e+10	6.838198e-08
4	0.000000e+00	3.284270e+12	-3.284075e+12	-1.277279e+08	-3.293180e+05	-0.000000e+00	0.000000e+00	6.701318e+07	8.160169e-07
5	0.000000e+00	2.803861e+12	-2.803641e+12	-1.097502e+08	-2.392784e+08	-0.000000e+00	0.000000e+00	-1.290745e+08	-6.709698e-07
7	1.000000e-02	9.278331e+11	-9.024677e+11	-0.000000e+00	0.000000e+00	-0.000000e+00	-7.052209e+26	-7.052209e+26	-1.380746e+04
6	0.000000e+00	8.191693e+10	-7.991170e+10	-2.970968e+08	-1.702756e+09	-0.000000e+00	0.000000e+00	5.377663e+06	5.280486e-09
52	1.000000e-02	4.880413e+13	-4.880380e+13	-0.000000e+00	-1.017793e+12	-0.000000e+00	0.000000e+00	-1.017463e+12	-4.656431e-12
20	1.000000e+08	1.478214e+12	-1.478250e+12	-9.935110e+00	0.000000e+00	-0.000000e+00	0.000000e+00	6.452450e+07	2.416722e-11
22	0.000000e+00	2.989218e+08	-2.960480e+08	-9.542901e+04	-2.767015e+06	-0.000000e+00	0.000000e+00	1.136776e+04	2.985597e-08
61	0.000000e+00	3.790554e+08	-3.790340e+08	-5.370964e-03	-3.501349e-14	-0.000000e+00	0.000000e+00	2.146648e+04	1.963082e-03
19	0.000000e+00	9.756310e+07	-9.755143e+07	-0.000000e+00	-1.416936e-24	-0.000000e+00	0.000000e+00	1.166160e+04	3.688412e-09
58	0.000000e+00	3.609511e+02	-3.609428e+02	-0.000000e+00	-2.099079e-24	-0.000000e+00	0.000000e+00	8.231039e-03	4.733471e-05
59	0.000000e+00	3.741803e+02	-3.741728e+02	-0.000000e+00	-2.701864e-21	-0.000000e+00	0.000000e+00	7.555022e-03	2.114996e-04
80	0.000000e+00	2.980568e+03	-2.980572e+03	-0.000000e+00	-2.009923e-23	-0.000000e+00	0.000000e+00	-3.763264e-03	-2.446641e-07
60	0.000000e+00	2.998934e+08	-2.998802e+08	-0.000000e+00	-2.384323e-13	-0.000000e+00	0.000000e+00	1.320541e+04	1.006858e-01
21	3.000000e+08	5.599519e+00	-2.999862e+08	-0.000000e+00	0.000000e+00	-0.000000e+00	0.000000e+00	1.376198e+04	8.331498e-12
62	0.000000e+00	9.710925e+04	-9.711120e+04	-4.820621e-08	-3.946609e-19	-0.000000e+00	0.000000e+00	-1.946750e+00	-1.367572e-01
24	0.000000e+00	6.337610e+01	-6.300305e+01	-2.551231e-01	-1.178773e-01	-0.000000e+00	0.000000e+00	4.538250e-05	5.790225e-11
63	0.000000e+00	1.888209e+11	-1.888183e+11	-1.562535e-01	-7.159708e+00	-0.000000e+00	0.000000e+00	2.563327e+06	9.320774e-03
23	0.000000e+00	1.075866e+06	-8.696729e+05	-7.514420e+03	-1.986510e+05	-0.000000e+00	0.000000e+00	2.740975e+01	1.467727e-09
71	0.000000e+00	2.998508e+08	-2.998778e+08	-2.202212e-03	-1.046066e-02	-0.000000e+00	0.000000e+00	-2.695625e+04	-4.510723e+00
25	0.000000e+00	4.228279e+00	-4.225470e+00	-1.445407e-03	-1.048622e-03	-0.000000e+00	0.000000e+00	3.154671e-04	4.424784e-08
26	0.000000e+00	1.135586e-39	-1.135770e-39	-0.000000e+00	-9.144499e-59	-0.000000e+00	0.000000e+00	-1.836466e-43	-5.908322e-10
64	0.000000e+00	5.838130e-08	-2.893309e-07	-0.000000e+00	-2.778697e-28	-0.000000e+00	0.000000e+00	-2.309496e-07	-1.963244e-01
27	0.000000e+00	9.676920e-07	-9.700571e-07	-0.000000e+00	0.000000e+00	-0.000000e+00	0.000000e+00	-2.365087e-09	-7.281693e-08
28	0.000000e+00	2.040550e-07	-2.040592e-07	-0.000000e+00	-1.292188e-23	-0.000000e+00	0.000000e+00	-4.292319e-12	-9.538557e-07
29	0.000000e+00	1.013187e-02	-1.013176e-02	-0.000000e+00	0.000000e+00	-0.000000e+00	0.000000e+00	1.070639e-07	9.386258e-09
30	0.000000e+00	1.226134e-02	-1.226203e-02	-0.000000e+00	-5.790860e-18	-0.000000e+00	0.000000e+00	-6.995557e-07	-3.458843e-07
31	0.000000e+00	1.226392e-02	-1.226062e-02	-2.190137e-08	0.000000e+00	-0.000000e+00	0.000000e+00	3.277134e-06	4.602547e-09
32	0.000000e+00	2.646958e+00	-2.646939e+00	-1.594427e-12	-3.813768e-21	-0.000000e+00	0.000000e+00	1.929985e-05	6.805437e-11
33	0.000000e+00	4.042355e-01	-4.042079e-01	-1.369239e-08	-4.186859e-07	-0.000000e+00	0.000000e+00	2.714552e-05	3.691417e-10
34	0.000000e+00	1.162397e+00	-1.162407e+00	-6.900771e-09	-5.030347e-20	-0.000000e+00	0.000000e+00	-9.839156e-06	-6.396410e-08
35	0.000000e+00	1.202438e-02	-1.202459e-02	-2.514398e-06	-8.109719e-08	-0.000000e+00	0.000000e+00	-2.805836e-06	-4.015122e-07
36	0.000000e+00	1.189286e-02	-1.189088e-02	-1.538192e-10	-9.927084e-22	-0.000000e+00	0.000000e+00	1.982882e-06	3.516075e-03
40	0.000000e+00	1.282526e+05	-1.282337e+05	-0.000000e+00	-1.825279e-17	-0.000000e+00	0.000000e+00	1.890098e+01	2.774817e-05
41	0.000000e+00	3.780733e-09	-3.760747e-09	-0.000000e+00	-1.135018e-23	-0.000000e+00	0.000000e+00	1.998653e-11	5.606074e-06
76	0.000000e+00	2.900623e-21	-1.806679e-11	-0.000000e+00	-3.078225e-36	-0.000000e+00	0.000000e+00	-1.806679e-11	-7.448437e-01
77	0.000000e+00	1.631556e-26	-1.472553e-26	-0.000000e+00	-4.720680e-43	-0.000000e+00	0.000000e+00	1.590024e-27	1.060785e-02
42	0.000000e+00	2.885307e+08	-2.884954e+08	-0.000000e+00	-3.521955e-09	-0.000000e+00	0.000000e+00	3.530653e+04	2.586107e-05
43	3.000000e+09	8.187183e+09	-1.104356e+10	-1.197013e+08	-2.388800e+07	-0.000000e+00	0.000000e+00	3.200059e+04	1.283302e-09
74	0.000000e+00	7.581785e+09	-7.581785e+09	-0.000000e+00	-9.142195e-17	-0.000000e+00	0.000000e+00	-2.288818e-04	-6.920315e-06
75	0.000000e+00	7.063188e+08	-7.063188e+08	-0.000000e+00	-6.243921e-16	-0.000000e+00	0.000000e+00	-9.655952e-06	-4.477185e-08
44	0.000000e+00	3.156396e+09	-3.156672e+09	-5.624819e+01	-1.588417e+02	-0.000000e+00	0.000000e+00	-2.764581e+05	-1.778853e-02
45	3.000000e+08	3.107096e+00	-2.999543e+08	-3.667977e+04	-2.631447e+01	-0.000000e+00	0.000000e+00	8.972816e+03	1.819393e-08
46	0.000000e+00	2.999544e+08	-2.999364e+08	-0.000000e+00	-1.062047e-11	-0.000000e+00	0.000000e+00	1.794719e+04	5.363472e-03
47	0.000000e+00	2.041993e+05	-2.041607e+05	-0.000000e+00	-9.795046e-14	-0.000000e+00	0.000000e+00	3.852998e+01	1.212967e-03
48	0.000000e+00	3.468134e+08	-3.468093e+08	-0.000000e+00	-9.554370e-13	-0.000000e+00	0.000000e+00	4.017569e+03	1.325473e-02
68	0.000000e+00	3.156205e+09	-3.156027e+09	-1.014817e+00	-2.020683e+00	-0.000000e+00	0.000000e+00	1.781559e+05	8.585822e-02
73	0.000000e+00	3.156672e+09	-2.980005e+05	-3.312591e+08	-9.391898e+08	-0.000000e+00	-1.885925e+09	-1.383068e+02	-1.462718e-12
78	0.000000e+00	0.000000e+00	0.000000e+00	-1.885925e+09	-6.497943e-03	-0.000000e+00	1.885925e+09	1.383067e+02	1.544552e-14
79	0.000000e+00	2.510484e-65	0.000000e+00	-0.000000e+00	-2.499484e-65	-0.000000e+00	0.000000e+00	1.100067e-67	3.186101e-21
111	0.000000e+00	0.000000e+00	0.000000e+00	-0.000000e+00	0.000000e+00	-0.000000e+00	0.000000e+00	0.000000e+00	nan
8	0.000000e+00	9.266716e+05	-9.267443e+05	-0.000000e+00	-3.473057e-08	-0.000000e+00	0.000000e+00	-7.273305e+01	-2.687676e-08
9	0.000000e+00	2.718650e+00	-2.718652e+00	-0.000000e+00	0.000000e+00	-0.000000e+00	0.000000e+00	-1.785175e-06	-3.186477e-11
10	0.000000e+00	1.908276e+02	-1.908334e+02	-0.000000e+00	-2.144920e-06	-0.000000e+00	0.000000e+00	-5.770203e-03	-1.270680e-06
57	0.000000e+00	7.714639e+01	-7.714574e+01	-0.000000e+00	-1.370295e-21	-0.000000e+00	0.000000e+00	6.491323e-04	2.326467e-06
11	0.000000e+00	8.263568e+08	-8.263099e+08	-0.000000e+00	-4.752601e+04	-0.000000e+00	0.000000e+00	-6.184213e+02	-4.558775e-14
12	1.000000e+08	4.052887e+10	-4.062896e+10	-5.770119e+02	-4.019052e-01	-0.000000e+00	0.000000e+00	-9.844639e+04	-2.885508e-09
13	0.000000e+00	4.149536e+10	-4.149563e+10	-2.597016e+03	-1.460262e+00	-0.000000e+00	0.000000e+00	-2.707280e+05	-5.450851e-08
14	0.000000e+00	1.989774e+09	-1.989614e+09	-6.617841e+03	-1.909728e+04	-0.000000e+00	0.000000e+00	1.339677e+05	8.302369e-06
15	0.000000e+00	8.913094e+04	-8.908088e+04	-2.912492e-02	-1.570992e+00	-0.000000e+00	0.000000e+00	4.845527e+01	8.486793e-08
16	0.000000e+00	2.109503e+04	-2.109815e+04	-0.000000e+00	-3.362516e-03	-0.000000e+00	0.000000e+00	-3.125631e+00	-2.843472e-06
17	0.000000e+00	1.869087e+09	-1.867202e+09	-8.885481e+05	-7.911547e+05	-0.000000e+00	0.000000e+00	2.052763e+05	1.096692e-07
18	0.000000e+00	8.340911e+08	-7.325012e+08	-2.544487e+07	-7.610463e+07	-0.000000e+00	0.000000e+00	4.040188e+04	1.577178e-09
70	0.000000e+00	3.299111e+08	-3.298587e+08	-3.219511e+03	-5.899637e+04	-0.000000e+00	0.000000e+00	-9.843696e+03	-8.290687e-09
37	0.000000e+00	2.963770e-02	-3.410577e-04	-1.969858e-02	-9.601069e-03	-0.000000e+00	0.000000e+00	-3.007845e-06	-3.256809e-13
38	0.000000e+00	9.822569e-03	-9.824082e-03	-1.254611e-13	-1.323692e-16	-0.000000e+00	0.000000e+00	-1.512724e-06	-5.525901e-05
39	0.000000e+00	5.557603e-01	-5.558007e-01	-0.000000e+00	-6.560913e-18	-0.000000e+00	0.000000e+00	-4.042255e-05	-1.278770e-06
72	0.000000e+00	6.135471e-01	-6.135156e-01	-0.000000e+00	-1.289143e-11	-0.000000e+00	0.000000e+00	3.149654e-05	1.262776e-12
65	0.000000e+00	4.177959e+00	-4.177835e+00	-1.504160e-04	-8.365760e-05	-0.000000e+00	0.000000e+00	-1.103908e-04	-2.347737e-08
66	0.000000e+00	1.104030e-03	-1.104145e-03	-4.904323e-09	-1.158815e-09	-0.000000e+00	0.000000e+00	-1.211720e-07	-8.764814e-09
109	0.000000e+00	2.019725e-07	-2.019509e-07	-0.000000e+00	-1.960813e-11	-0.000000e+00	0.000000e+00	2.036875e-12	1.109032e-10
67	0.000000e+00	2.324569e-15	-2.324697e-15	-0.000000e+00	-4.722599e-34	-0.000000e+00	0.000000e+00	-1.279855e-19	-2.762746e-06
110	0.000000e+00	3.275352e-20	-3.177763e-20	-0.000000e+00	-1.113738e-21	-0.000000e+00	0.000000e+00	-1.378435e-22	-5.296778e-09
106	0.000000e+00	2.335213e-18	-2.335176e-18	-0.000000e+00	-1.529187e-31	-0.000000e+00	0.000000e+00	3.680372e-23	4.148984e-10
107	0.000000e+00	1.905902e-09	-1.905836e-09	-0.000000e+00	-3.161517e-19	-0.000000e+00	0.000000e+00	6.583389e-14	1.512464e-13
108	0.000000e+00	1.905907e-09	-1.905901e-09	-0.000000e+00	-1.125090e-27	-0.000000e+00	0.000000e+00	5.138145e-15	3.425026e-10
49	0.000000e+00	1.190194e-14	-1.898255e-14	-1.454376e-17	-8.220337e-21	-0.000000e+00	0.000000e+00	-7.095159e-15	-2.324090e-06
50	0.000000e+00	5.871356e-25	-5.869243e-25	-0.000000e+00	-8.612092e-48	-0.000000e+00	0.000000e+00	2.112687e-28	1.896976e-06
51	0.000000e+00	0.000000e+00	0.000000e+00	-0.000000e+00	0.000000e+00	-0.000000e+00	0.000000e+00	0.000000e+00	nan
69	0.000000e+00	0.000000e+00	0.000000e+00	-0.000000e+00	0.000000e+00	-0.000000e+00	0.000000e+00	0.000000e+00	nan
