Std No.	Outgassing	ChemProd	ChemLoss	DryDepo		WetDepo		Escape		Condensation	Net Flux	Global Change
3	0.000000e+00	2.778473e+12	-2.725306e+12	-7.940990e+01	-2.077246e-06	-5.316630e+10	0.000000e+00	2.258301e-03	1.509114e-19
53	3.000000e+10	7.644638e+10	-4.949764e+09	-0.000000e+00	0.000000e+00	-1.014966e+11	0.000000e+00	-1.441223e+00	-5.666694e-23
1	0.000000e+00	1.837515e+12	-1.837515e+12	-3.163617e+01	-4.060438e-03	-0.000000e+00	0.000000e+00	-1.498315e-02	-2.410623e-19
56	0.000000e+00	1.202230e+11	-1.202230e+11	-0.000000e+00	-1.243069e-19	-0.000000e+00	0.000000e+00	2.380371e-02	9.083379e-10
54	0.000000e+00	9.293812e+11	-9.293812e+11	-0.000000e+00	0.000000e+00	-0.000000e+00	0.000000e+00	0.000000e+00	0.000000e+00
2	0.000000e+00	1.095722e+11	-1.095722e+11	-5.077005e-16	-8.242093e-04	-0.000000e+00	0.000000e+00	-2.347027e-07	-1.048263e-20
4	0.000000e+00	9.831737e+11	-9.831737e+11	-9.600164e-02	-1.261651e-04	-0.000000e+00	0.000000e+00	1.040163e-03	3.400688e-14
5	0.000000e+00	8.116205e+11	-8.116205e+11	-1.895869e-07	-3.007960e+01	-0.000000e+00	0.000000e+00	-1.175535e-05	-4.023933e-19
7	1.000000e-02	7.736205e+08	-2.618972e+10	-0.000000e+00	0.000000e+00	-0.000000e+00	-3.688523e+26	-3.688523e+26	-1.410188e+04
6	0.000000e+00	4.785786e+09	-4.785786e+09	-3.097440e-09	-1.446895e+02	-0.000000e+00	0.000000e+00	-1.311495e-06	-1.011053e-20
52	9.000000e-01	1.800390e+12	-1.837739e+12	-0.000000e+00	-4.771538e+13	-0.000000e+00	0.000000e+00	-4.775273e+13	-3.670761e-12
20	1.000000e+08	4.221633e+12	-4.165549e+12	-5.618448e+10	0.000000e+00	-0.000000e+00	0.000000e+00	-1.818532e+03	-5.284253e-22
22	0.000000e+00	6.203552e+10	-5.270798e+10	-5.780934e+08	-8.749447e+09	-0.000000e+00	0.000000e+00	-3.623962e-05	-2.239816e-20
61	0.000000e+00	2.539818e+12	-2.539812e+12	-6.519389e+06	-2.271866e-05	-0.000000e+00	0.000000e+00	-3.798814e-03	-1.473147e-16
19	0.000000e+00	1.495885e+09	-1.495885e+09	-0.000000e+00	-4.235675e-18	-0.000000e+00	0.000000e+00	1.192093e-06	1.330829e-15
58	0.000000e+00	4.702734e+09	-4.702734e+09	-0.000000e+00	-3.441653e-18	-0.000000e+00	0.000000e+00	-1.153946e-04	-1.570487e-13
59	0.000000e+00	3.194325e+09	-3.194325e+09	-0.000000e+00	-5.388825e-19	-0.000000e+00	0.000000e+00	-1.907349e-06	-1.651593e-14
80	0.000000e+00	1.602624e+10	-1.602624e+10	-0.000000e+00	-3.869832e-18	-0.000000e+00	0.000000e+00	1.907349e-06	2.319458e-15
60	0.000000e+00	5.466827e+10	-5.466827e+10	-0.000000e+00	-3.043749e-10	-0.000000e+00	0.000000e+00	-3.128055e-04	-9.584272e-15
21	1.000000e+11	2.014502e+09	-4.719960e+10	-5.481490e+10	0.000000e+00	-0.000000e+00	0.000000e+00	-3.232010e+00	-9.626373e-24
62	0.000000e+00	2.536023e+09	-2.536023e+09	-1.308118e-03	-4.603121e-15	-0.000000e+00	0.000000e+00	-7.215563e-05	-1.751478e-13
24	0.000000e+00	1.077799e+09	-1.077786e+09	-1.020342e+04	-3.286689e+03	-0.000000e+00	0.000000e+00	4.109465e-07	6.687686e-22
63	0.000000e+00	3.278580e+10	-1.567822e+10	-1.065855e+09	-1.604173e+10	-0.000000e+00	0.000000e+00	-4.768372e-05	-5.688445e-21
23	0.000000e+00	1.455062e-01	-1.455062e-01	-2.939052e-14	-1.245208e-08	-0.000000e+00	0.000000e+00	-1.229794e-16	-7.159361e-21
71	0.000000e+00	2.981730e+08	-2.981730e+08	-9.258179e-22	-4.254233e-09	-0.000000e+00	0.000000e+00	5.535041e-08	9.281610e-12
25	0.000000e+00	8.206957e+00	-8.206957e+00	-1.251501e-13	-3.594242e-07	-0.000000e+00	0.000000e+00	2.403177e-15	6.197274e-21
26	0.000000e+00	1.507883e-31	-1.151205e-09	-0.000000e+00	-3.027104e-35	-0.000000e+00	0.000000e+00	-1.151205e-09	-9.266081e+05
64	0.000000e+00	1.343125e+05	-1.343125e+05	-0.000000e+00	-1.364092e-22	-0.000000e+00	0.000000e+00	2.852175e-09	9.917472e-14
27	0.000000e+00	3.902734e+06	-3.902734e+06	-0.000000e+00	0.000000e+00	-0.000000e+00	0.000000e+00	9.313226e-10	3.139368e-20
28	0.000000e+00	4.978069e+05	-4.978069e+05	-0.000000e+00	-2.482317e-19	-0.000000e+00	0.000000e+00	-2.482317e-19	-4.017372e-24
29	0.000000e+00	2.516242e+09	-2.516242e+09	-0.000000e+00	0.000000e+00	-0.000000e+00	0.000000e+00	-7.629395e-06	-1.266203e-17
30	0.000000e+00	6.534814e+05	-6.534814e+05	-0.000000e+00	-2.947295e-13	-0.000000e+00	0.000000e+00	-1.164448e-09	-1.377375e-16
31	0.000000e+00	4.249490e+06	-3.697600e+05	-3.879731e+06	0.000000e+00	-0.000000e+00	0.000000e+00	7.541431e-05	3.170048e-22
32	0.000000e+00	1.775630e+06	-1.775630e+06	-2.062431e-19	-5.698913e-16	-0.000000e+00	0.000000e+00	7.166620e-05	5.544456e-16
33	0.000000e+00	5.427022e+08	-5.426836e+08	-9.503315e+02	-1.771087e+04	-0.000000e+00	0.000000e+00	-2.760135e-08	-6.079607e-22
34	0.000000e+00	1.487981e+10	-1.487980e+10	-1.324613e+04	-4.705485e-08	-0.000000e+00	0.000000e+00	-7.622240e-06	-6.675486e-17
35	0.000000e+00	4.105774e+07	-4.095955e+07	-9.543483e+04	-2.756054e+03	-0.000000e+00	0.000000e+00	-4.031835e-08	-4.848899e-20
36	0.000000e+00	3.031867e+05	-3.031867e+05	-3.269946e-08	-3.702130e-18	-0.000000e+00	0.000000e+00	-4.496621e-11	-1.274377e-18
40	0.000000e+00	1.831651e+11	-1.831651e+11	-0.000000e+00	-6.858965e-08	-0.000000e+00	0.000000e+00	3.044899e-05	6.200266e-18
41	0.000000e+00	2.384245e+09	-2.384245e+09	-0.000000e+00	-4.281894e-08	-0.000000e+00	0.000000e+00	-9.964933e-07	-1.155664e-18
76	0.000000e+00	8.359977e+07	-8.359977e+07	-0.000000e+00	-2.949283e-12	-0.000000e+00	0.000000e+00	1.489821e-08	6.813140e-17
77	0.000000e+00	4.428059e+08	-4.428059e+08	-0.000000e+00	-7.030426e-11	-0.000000e+00	0.000000e+00	1.191390e-07	1.889666e-17
42	0.000000e+00	4.809407e+11	-4.809407e+11	-0.000000e+00	-6.434982e-04	-0.000000e+00	0.000000e+00	2.720291e-04	1.218331e-19
43	3.000000e+09	3.452271e+11	-3.449884e+11	-2.901594e+09	-3.371208e+08	-0.000000e+00	0.000000e+00	5.906820e-05	3.452940e-20
74	0.000000e+00	3.236242e+11	-3.236242e+11	-0.000000e+00	-2.388052e-16	-0.000000e+00	0.000000e+00	1.220703e-04	6.026770e-09
75	0.000000e+00	3.054938e+10	-3.054938e+10	-0.000000e+00	-1.686876e-15	-0.000000e+00	0.000000e+00	-3.814697e-06	-3.329802e-11
44	0.000000e+00	1.296754e+06	-1.296754e+06	-1.087954e-05	-4.787137e-02	-0.000000e+00	0.000000e+00	-8.527649e-10	-3.824240e-20
45	3.000000e+08	1.459885e+10	-1.483881e+10	-6.001329e+07	-2.430077e+04	-0.000000e+00	0.000000e+00	-3.721634e-06	-3.064218e-21
46	0.000000e+00	1.645383e+10	-1.645383e+10	-0.000000e+00	-1.070594e-06	-0.000000e+00	0.000000e+00	-2.977943e-06	-3.671708e-19
47	0.000000e+00	2.812315e+11	-2.812315e+11	-0.000000e+00	-7.262130e-06	-0.000000e+00	0.000000e+00	-1.903676e-04	-3.280681e-17
48	0.000000e+00	1.251887e+06	-1.251887e+06	-0.000000e+00	-1.650761e-10	-0.000000e+00	0.000000e+00	3.560214e-09	1.018739e-21
68	0.000000e+00	1.740819e+03	-1.722915e+03	-7.938221e+00	-9.965045e+00	-0.000000e+00	0.000000e+00	-2.319922e-12	-2.968799e-20
73	0.000000e+00	9.513511e+05	-9.892131e+03	-2.965776e+05	-4.958826e+05	-0.000000e+00	-1.489987e+05	-6.111804e-10	-1.290835e-22
78	0.000000e+00	0.000000e+00	0.000000e+00	-1.489987e+05	-3.086797e-07	-0.000000e+00	1.489987e+05	1.833541e-09	3.532892e-23
79	0.000000e+00	3.826830e+04	0.000000e+00	-0.000000e+00	-1.576907e-04	-0.000000e+00	-3.826830e+04	-6.351183e-08	-6.081550e-22
111	0.000000e+00	0.000000e+00	0.000000e+00	-3.826830e+04	-2.625249e-06	-0.000000e+00	3.826830e+04	7.372000e-08	4.450960e-22
8	0.000000e+00	4.393849e+05	-4.393849e+05	-0.000000e+00	-3.692438e-10	-0.000000e+00	0.000000e+00	-1.999788e-11	-1.911791e-21
9	0.000000e+00	4.062687e+02	-4.062687e+02	-0.000000e+00	0.000000e+00	-0.000000e+00	0.000000e+00	-1.136868e-13	-8.585797e-21
10	0.000000e+00	8.230693e+03	-8.230693e+03	-0.000000e+00	-1.615631e-05	-0.000000e+00	0.000000e+00	1.103838e-12	3.229694e-18
57	0.000000e+00	2.355514e+03	-2.355514e+03	-0.000000e+00	-3.934715e-21	-0.000000e+00	0.000000e+00	1.364242e-12	5.506109e-17
11	0.000000e+00	9.785339e+03	-9.785288e+03	-0.000000e+00	-5.052562e-02	-0.000000e+00	0.000000e+00	-3.129434e-10	-2.658683e-21
12	1.000000e+08	1.684883e+12	-1.684982e+12	-1.037596e+06	-3.966879e+02	-0.000000e+00	0.000000e+00	1.222551e-03	1.950872e-19
13	0.000000e+00	2.822117e+10	-2.822117e+10	-4.561578e-02	-5.149982e-04	-0.000000e+00	0.000000e+00	-1.871557e-05	-3.695531e-18
14	0.000000e+00	1.443224e+08	-1.443224e+08	-2.829278e-08	-2.363953e-03	-0.000000e+00	0.000000e+00	8.787819e-08	5.077557e-17
15	0.000000e+00	3.624902e+04	-3.624902e+04	-4.838417e-18	-3.231326e-04	-0.000000e+00	0.000000e+00	3.897637e-11	1.703876e-19
16	0.000000e+00	1.656953e+12	-1.656855e+12	-0.000000e+00	-9.812280e+07	-0.000000e+00	0.000000e+00	-7.435530e-04	-1.253881e-19
17	0.000000e+00	1.145807e+04	-1.143570e+04	-1.561721e+01	-6.753189e+00	-0.000000e+00	0.000000e+00	2.008171e-12	9.424467e-20
18	0.000000e+00	1.825688e+03	-1.825688e+03	-1.727624e-05	-1.187623e-04	-0.000000e+00	0.000000e+00	-4.962641e-13	-7.829460e-21
70	0.000000e+00	8.211073e+07	-8.211073e+07	-5.045724e-16	-6.234482e-01	-0.000000e+00	0.000000e+00	4.047776e-08	8.645796e-20
37	0.000000e+00	3.311407e+02	-3.276993e+00	-2.660685e+02	-6.179527e+01	-0.000000e+00	0.000000e+00	1.327445e-06	2.029594e-17
38	0.000000e+00	9.795193e+00	-9.795193e+00	-1.443979e-23	-2.373131e-17	-0.000000e+00	0.000000e+00	3.818930e-13	1.607193e-14
39	0.000000e+00	2.450814e-01	-2.450814e-01	-0.000000e+00	-5.879867e-24	-0.000000e+00	0.000000e+00	2.388090e-13	9.317483e-13
72	0.000000e+00	1.964967e+02	-1.964967e+02	-0.000000e+00	-3.652848e-07	-0.000000e+00	0.000000e+00	4.107591e-06	6.537750e-18
65	0.000000e+00	2.454088e+06	-2.454088e+06	-1.257851e-01	-4.542199e-02	-0.000000e+00	0.000000e+00	-1.184037e-09	-5.736350e-19
66	0.000000e+00	1.650340e+04	-1.650340e+04	-5.649533e-08	-2.131740e-04	-0.000000e+00	0.000000e+00	2.026042e-11	1.028822e-19
109	0.000000e+00	1.288538e+01	-1.288537e+01	-0.000000e+00	-5.373288e-06	-0.000000e+00	0.000000e+00	2.799313e-15	2.162529e-21
67	0.000000e+00	1.554360e-04	-1.554360e-04	-0.000000e+00	-1.318665e-30	-0.000000e+00	0.000000e+00	2.710505e-20	1.107069e-16
110	0.000000e+00	4.897306e-09	-4.897296e-09	-0.000000e+00	-1.003825e-14	-0.000000e+00	0.000000e+00	-6.493263e-21	-5.656409e-18
106	0.000000e+00	2.108703e-11	-2.108703e-11	-0.000000e+00	-2.223565e-24	-0.000000e+00	0.000000e+00	1.545796e-25	9.766766e-20
107	0.000000e+00	8.212423e-06	-8.212423e-06	-0.000000e+00	-6.094697e-16	-0.000000e+00	0.000000e+00	2.279941e-19	2.116041e-22
108	0.000000e+00	8.212423e-06	-8.212423e-06	-0.000000e+00	-2.246323e-24	-0.000000e+00	0.000000e+00	-2.246323e-24	-2.644810e-23
49	0.000000e+00	3.227656e-04	-3.227656e-04	-5.293686e-14	-6.248759e-16	-0.000000e+00	0.000000e+00	8.822207e-17	5.769335e-18
50	0.000000e+00	5.253613e-05	-5.253613e-05	-0.000000e+00	-7.006866e-30	-0.000000e+00	0.000000e+00	1.355253e-20	9.197886e-18
51	0.000000e+00	0.000000e+00	0.000000e+00	-0.000000e+00	0.000000e+00	-0.000000e+00	0.000000e+00	0.000000e+00	nan
69	0.000000e+00	0.000000e+00	0.000000e+00	-0.000000e+00	0.000000e+00	-0.000000e+00	0.000000e+00	0.000000e+00	nan
