Std No.	Outgassing	ChemProd	ChemLoss	DryDepo		WetDepo		Escape		Condensation	Net Flux	Global Change
3	0.000000e+00	2.124790e+12	-2.124669e+12	-5.641568e+01	-1.220199e-06	-2.453158e+07	0.000000e+00	9.658885e+07	1.153712e-07
53	3.000000e+10	1.459716e+09	-3.141040e+10	-0.000000e+00	0.000000e+00	-4.583043e+07	0.000000e+00	3.487740e+06	6.174643e-12
1	0.000000e+00	2.888285e+15	-2.888511e+15	-1.233059e+05	-1.409024e-01	-0.000000e+00	0.000000e+00	-2.267916e+11	-4.854426e-07
56	0.000000e+00	1.815571e+15	-1.815572e+15	-0.000000e+00	-2.008928e-14	-0.000000e+00	0.000000e+00	-5.432001e+08	-9.498589e+00
54	1.000000e+11	2.890759e+15	-2.891084e+15	-1.794908e+09	0.000000e+00	-0.000000e+00	0.000000e+00	-2.268789e+11	-1.330209e-11
2	0.000000e+00	2.885683e+15	-2.885404e+15	-5.176679e+10	-4.460511e+05	-0.000000e+00	0.000000e+00	2.272442e+11	6.063883e-08
4	0.000000e+00	3.278504e+12	-3.278372e+12	-6.303829e+07	-1.605764e+05	-0.000000e+00	0.000000e+00	6.848483e+07	1.188703e-06
5	0.000000e+00	2.872937e+12	-2.872506e+12	-1.851667e+08	-4.055608e+08	-0.000000e+00	0.000000e+00	-1.595882e+08	-6.226044e-07
7	1.000000e-02	6.930412e+11	-6.702182e+11	-0.000000e+00	0.000000e+00	-0.000000e+00	-7.052209e+26	-7.052209e+26	-1.380741e+04
6	0.000000e+00	1.238214e+11	-1.192159e+11	-5.562575e+08	-4.038592e+09	-0.000000e+00	0.000000e+00	1.064545e+07	2.422358e-09
52	1.000000e-02	6.371792e+13	-6.371764e+13	-0.000000e+00	-1.017795e+12	-0.000000e+00	0.000000e+00	-1.017510e+12	-4.656634e-12
20	1.000000e+08	1.120531e+12	-1.120514e+12	-4.699435e+01	0.000000e+00	-0.000000e+00	0.000000e+00	1.162674e+08	5.966578e-11
22	0.000000e+00	2.988630e+08	-2.928725e+08	-1.992645e+05	-5.766712e+06	-0.000000e+00	0.000000e+00	2.453525e+04	3.172236e-08
61	0.000000e+00	3.043658e+08	-3.043429e+08	-1.192015e-03	-7.715515e-15	-0.000000e+00	0.000000e+00	2.291557e+04	1.220202e-02
19	0.000000e+00	9.583165e+07	-9.581021e+07	-0.000000e+00	-4.954986e-25	-0.000000e+00	0.000000e+00	2.144010e+04	1.164686e-06
58	0.000000e+00	6.527978e+02	-6.526661e+02	-0.000000e+00	-9.715209e-24	-0.000000e+00	0.000000e+00	1.317223e-01	2.597883e-04
59	0.000000e+00	6.407664e+02	-6.406683e+02	-0.000000e+00	-3.044166e-22	-0.000000e+00	0.000000e+00	9.809305e-02	9.902929e-04
80	0.000000e+00	5.329350e+03	-5.329275e+03	-0.000000e+00	-6.209106e-23	-0.000000e+00	0.000000e+00	7.465778e-02	2.294935e-06
60	0.000000e+00	2.997169e+08	-2.996997e+08	-0.000000e+00	-5.399752e-14	-0.000000e+00	0.000000e+00	1.721030e+04	4.105035e-01
21	3.000000e+08	3.567239e+00	-2.999664e+08	-0.000000e+00	0.000000e+00	-0.000000e+00	0.000000e+00	3.360227e+04	8.818518e-12
62	0.000000e+00	2.215829e+05	-2.216524e+05	-1.739157e-08	-1.294435e-19	-0.000000e+00	0.000000e+00	-6.951053e+01	-4.614792e+00
24	0.000000e+00	3.175839e+01	-3.136759e+01	-2.674288e-01	-1.233071e-01	-0.000000e+00	0.000000e+00	6.578019e-05	7.898201e-11
63	0.000000e+00	1.368550e+11	-1.368620e+11	-7.767512e-02	-2.565015e+00	-0.000000e+00	0.000000e+00	-7.017250e+06	-1.539927e-01
23	0.000000e+00	1.133083e+06	-7.598452e+05	-1.348668e+04	-3.596954e+05	-0.000000e+00	0.000000e+00	5.607214e+01	1.475765e-09
71	0.000000e+00	2.996669e+08	-2.997177e+08	-2.357916e-03	-1.104122e-02	-0.000000e+00	0.000000e+00	-5.074519e+04	-8.497624e+00
25	0.000000e+00	7.014836e+00	-7.004626e+00	-5.285161e-03	-3.876528e-03	-0.000000e+00	0.000000e+00	1.048419e-03	3.985262e-08
26	0.000000e+00	2.228012e-39	-2.230708e-39	-0.000000e+00	-2.901318e-59	-0.000000e+00	0.000000e+00	-2.696848e-42	-4.314979e-09
64	0.000000e+00	1.297659e-07	-2.346916e-07	-0.000000e+00	-1.242511e-28	-0.000000e+00	0.000000e+00	-1.049257e-07	-2.968776e-02
27	0.000000e+00	2.097130e-06	-1.989879e-06	-0.000000e+00	0.000000e+00	-0.000000e+00	0.000000e+00	1.072514e-07	1.931927e-06
28	0.000000e+00	3.271732e-07	-3.269540e-07	-0.000000e+00	-3.171889e-25	-0.000000e+00	0.000000e+00	2.192469e-10	3.555320e-04
29	0.000000e+00	1.642758e-03	-1.640696e-03	-0.000000e+00	0.000000e+00	-0.000000e+00	0.000000e+00	2.062212e-06	1.024868e-06
30	0.000000e+00	6.143592e-04	-6.145799e-04	-0.000000e+00	-2.437810e-19	-0.000000e+00	0.000000e+00	-2.206862e-07	-2.767486e-06
31	0.000000e+00	6.137505e-04	-6.133942e-04	-2.240818e-09	0.000000e+00	-0.000000e+00	0.000000e+00	3.540362e-07	3.983823e-09
32	0.000000e+00	3.470258e+00	-3.470265e+00	-1.067772e-14	-1.072744e-20	-0.000000e+00	0.000000e+00	-6.980459e-06	-1.283487e-11
33	0.000000e+00	4.743613e-01	-4.743658e-01	-1.489893e-09	-5.555149e-08	-0.000000e+00	0.000000e+00	-4.519978e-06	-7.714739e-11
34	0.000000e+00	1.344099e+00	-1.344071e+00	-7.564692e-10	-6.183179e-21	-0.000000e+00	0.000000e+00	2.767096e-05	1.091806e-07
35	0.000000e+00	6.146110e-04	-6.144356e-04	-2.576695e-07	-8.588089e-09	-0.000000e+00	0.000000e+00	-9.083350e-08	-1.065818e-07
36	0.000000e+00	6.125209e-04	-6.122227e-04	-1.662068e-12	-1.071542e-23	-0.000000e+00	0.000000e+00	2.981928e-07	8.032145e-04
40	0.000000e+00	5.181239e+04	-5.180008e+04	-0.000000e+00	-2.909765e-19	-0.000000e+00	0.000000e+00	1.230659e+01	3.031869e-05
41	0.000000e+00	5.343094e-11	-2.627217e-11	-0.000000e+00	-5.625959e-26	-0.000000e+00	0.000000e+00	2.715877e-11	1.510194e-03
76	0.000000e+00	2.197086e-25	-3.642804e-11	-0.000000e+00	-1.183595e-35	-0.000000e+00	0.000000e+00	-3.642804e-11	-7.445172e-01
77	0.000000e+00	3.800458e-28	-4.037285e-28	-0.000000e+00	-1.161970e-47	-0.000000e+00	0.000000e+00	-2.368273e-29	-7.419273e-03
42	0.000000e+00	2.654628e+08	-2.653897e+08	-0.000000e+00	-7.327644e-10	-0.000000e+00	0.000000e+00	7.307151e+04	1.675882e-04
43	3.000000e+09	8.585414e+09	-1.131005e+10	-2.291099e+08	-4.611593e+07	-0.000000e+00	0.000000e+00	1.411081e+05	2.746944e-09
74	0.000000e+00	7.984197e+09	-7.984197e+09	-0.000000e+00	-8.859610e-17	-0.000000e+00	0.000000e+00	6.582260e-03	1.862550e-04
75	0.000000e+00	7.617652e+08	-7.617652e+08	-0.000000e+00	-6.195734e-16	-0.000000e+00	0.000000e+00	-1.549721e-06	-6.550032e-09
44	0.000000e+00	3.024519e+09	-3.024999e+09	-5.313713e+01	-1.522160e+02	-0.000000e+00	0.000000e+00	-4.805320e+05	-2.620198e-02
45	3.000000e+08	1.378288e+00	-2.998980e+08	-7.484946e+04	-5.379881e+01	-0.000000e+00	0.000000e+00	2.712072e+04	2.649975e-08
46	0.000000e+00	2.998981e+08	-2.998746e+08	-0.000000e+00	-2.253225e-12	-0.000000e+00	0.000000e+00	2.347265e+04	3.290987e-02
47	0.000000e+00	3.155283e+05	-3.153910e+05	-0.000000e+00	-3.200739e-14	-0.000000e+00	0.000000e+00	1.372680e+02	1.308661e-02
48	0.000000e+00	3.046662e+08	-3.046657e+08	-0.000000e+00	-1.789030e-13	-0.000000e+00	0.000000e+00	5.080098e+02	8.958347e-03
68	0.000000e+00	3.024328e+09	-3.024113e+09	-2.041786e-01	-4.074187e-01	-0.000000e+00	0.000000e+00	2.151011e+05	5.053055e-01
73	0.000000e+00	3.024999e+09	-3.001060e+05	-3.207197e+08	-9.117749e+08	-0.000000e+00	-1.792206e+09	-1.117500e+03	-1.167812e-11
78	0.000000e+00	0.000000e+00	0.000000e+00	-1.792204e+09	-6.179335e-03	-0.000000e+00	1.792206e+09	1.121783e+03	1.306884e-13
79	0.000000e+00	1.343389e-71	0.000000e+00	-0.000000e+00	0.000000e+00	-0.000000e+00	0.000000e+00	1.343389e-71	inf
111	0.000000e+00	0.000000e+00	0.000000e+00	-0.000000e+00	0.000000e+00	-0.000000e+00	0.000000e+00	0.000000e+00	nan
8	0.000000e+00	2.262946e+06	-2.263498e+06	-0.000000e+00	-3.130386e-08	-0.000000e+00	0.000000e+00	-5.519402e+02	-1.336928e-07
9	0.000000e+00	7.998926e-01	-7.998864e-01	-0.000000e+00	0.000000e+00	-0.000000e+00	0.000000e+00	6.250453e-06	3.316905e-10
10	0.000000e+00	1.068583e+02	-1.068698e+02	-0.000000e+00	-3.846780e-07	-0.000000e+00	0.000000e+00	-1.151993e-02	-8.172918e-06
57	0.000000e+00	5.480081e+01	-5.479953e+01	-0.000000e+00	-1.351423e-22	-0.000000e+00	0.000000e+00	1.285641e-03	1.613675e-05
11	0.000000e+00	7.159711e+08	-7.159256e+08	-0.000000e+00	-4.874473e+04	-0.000000e+00	0.000000e+00	-3.271306e+03	-2.240629e-13
12	1.000000e+08	1.782833e+11	-1.783846e+11	-3.618927e+02	-2.495552e-01	-0.000000e+00	0.000000e+00	-1.300936e+06	-2.162731e-08
13	0.000000e+00	1.830654e+11	-1.830661e+11	-3.638231e+03	-2.124884e+00	-0.000000e+00	0.000000e+00	-6.775850e+05	-2.887405e-08
14	0.000000e+00	4.826550e+09	-4.825499e+09	-3.406737e+03	-9.750387e+03	-0.000000e+00	0.000000e+00	1.037548e+06	2.783382e-05
15	0.000000e+00	1.264793e+06	-1.262241e+06	-2.100684e-02	-1.055397e+01	-0.000000e+00	0.000000e+00	2.541758e+03	1.599856e-07
16	0.000000e+00	1.254094e+04	-1.254423e+04	-0.000000e+00	-5.545713e-04	-0.000000e+00	0.000000e+00	-3.286591e+00	-6.375557e-06
17	0.000000e+00	1.514577e+09	-1.513247e+09	-3.948094e+05	-3.377790e+05	-0.000000e+00	0.000000e+00	5.974250e+05	3.841293e-07
18	0.000000e+00	1.141235e+09	-1.037793e+09	-2.577699e+07	-7.724972e+07	-0.000000e+00	0.000000e+00	4.152872e+05	8.692325e-09
70	0.000000e+00	1.224720e+09	-1.224589e+09	-7.681843e+03	-1.962943e+05	-0.000000e+00	0.000000e+00	-7.280161e+04	-6.111607e-09
37	0.000000e+00	1.266363e-01	-1.652987e-03	-8.401798e-02	-4.099670e-02	-0.000000e+00	0.000000e+00	-3.131450e-05	-7.910927e-13
38	0.000000e+00	1.704360e-02	-1.704731e-02	-2.641023e-13	-2.510733e-16	-0.000000e+00	0.000000e+00	-3.707006e-06	-5.410580e-05
39	0.000000e+00	4.141878e+00	-4.143085e+00	-0.000000e+00	-4.905919e-17	-0.000000e+00	0.000000e+00	-1.206299e-03	-3.799852e-06
72	0.000000e+00	4.377828e+00	-4.376676e+00	-0.000000e+00	-2.132311e-10	-0.000000e+00	0.000000e+00	1.152293e-03	3.500480e-12
65	0.000000e+00	2.176350e+00	-2.176659e+00	-5.317542e-05	-2.926253e-05	-0.000000e+00	0.000000e+00	-3.910367e-04	-1.771663e-07
66	0.000000e+00	4.459413e-03	-4.459666e-03	-5.518929e-09	-3.245634e-09	-0.000000e+00	0.000000e+00	-2.609338e-07	-3.785061e-09
109	0.000000e+00	2.757903e-08	-2.757637e-08	-0.000000e+00	-3.030118e-12	-0.000000e+00	0.000000e+00	-3.756929e-13	-8.312222e-11
67	0.000000e+00	8.039996e-15	-8.036450e-15	-0.000000e+00	-3.176167e-36	-0.000000e+00	0.000000e+00	3.546033e-18	2.778495e-05
110	0.000000e+00	1.636515e-22	-1.576282e-22	-0.000000e+00	-4.175718e-24	-0.000000e+00	0.000000e+00	1.847626e-24	1.796798e-08
106	0.000000e+00	2.040931e-19	-2.040828e-19	-0.000000e+00	-5.141830e-32	-0.000000e+00	0.000000e+00	1.030157e-23	3.567217e-10
107	0.000000e+00	1.467910e-10	-1.467842e-10	-0.000000e+00	-9.400650e-20	-0.000000e+00	0.000000e+00	6.816897e-15	5.347216e-14
108	0.000000e+00	1.467919e-10	-1.467906e-10	-0.000000e+00	-1.092522e-28	-0.000000e+00	0.000000e+00	1.218894e-15	6.364455e-10
49	0.000000e+00	6.107324e-14	-1.446792e-12	-2.441429e-14	-9.388245e-18	-0.000000e+00	0.000000e+00	-1.410143e-12	-7.174513e-07
50	0.000000e+00	8.813147e-24	-8.786269e-24	-0.000000e+00	-7.578991e-47	-0.000000e+00	0.000000e+00	2.687766e-26	2.130170e-05
51	0.000000e+00	0.000000e+00	0.000000e+00	-0.000000e+00	0.000000e+00	-0.000000e+00	0.000000e+00	0.000000e+00	nan
69	0.000000e+00	0.000000e+00	0.000000e+00	-0.000000e+00	0.000000e+00	-0.000000e+00	0.000000e+00	0.000000e+00	nan
