Std No.	Outgassing	ChemProd	ChemLoss	DryDepo		WetDepo		Escape		Condensation	Net Flux	Global Change
3	0.000000e+00	4.079479e+11	-4.072149e+11	-3.482904e-03	-4.074844e-08	-7.329503e+08	0.000000e+00	1.190901e-04	1.166301e-19
53	3.000000e+10	3.943393e+08	-2.520742e+10	-0.000000e+00	0.000000e+00	-5.186920e+09	0.000000e+00	2.843781e-01	5.116697e-23
1	0.000000e+00	7.643632e+13	-7.643632e+13	-4.633444e+01	-7.370647e-04	-0.000000e+00	0.000000e+00	3.982404e-02	1.818362e-20
56	0.000000e+00	2.628567e+12	-2.628567e+12	-0.000000e+00	-8.694850e-18	-0.000000e+00	0.000000e+00	9.765625e-04	1.500293e-12
54	3.000000e+11	7.648126e+13	-7.653506e+13	-2.461922e+11	0.000000e+00	-0.000000e+00	0.000000e+00	7.223413e+02	3.086879e-22
2	0.000000e+00	7.553692e+13	-7.550977e+13	-2.715563e+10	-1.333225e+05	-0.000000e+00	0.000000e+00	-9.634151e-03	-3.791048e-21
4	0.000000e+00	4.121710e+11	-4.121710e+11	-3.124247e+02	-9.401009e-01	-0.000000e+00	0.000000e+00	-9.976978e-05	-2.369883e-17
5	0.000000e+00	1.293491e+11	-1.293296e+11	-6.166752e+06	-1.326357e+07	-0.000000e+00	0.000000e+00	-2.199970e-05	-6.298022e-19
7	1.000000e-02	2.552393e+10	-6.581653e+08	-0.000000e+00	0.000000e+00	-0.000000e+00	-7.052209e+26	-7.052209e+26	-1.380674e+04
6	0.000000e+00	8.817694e+08	-7.413097e+08	-1.418305e+07	-1.262766e+08	-0.000000e+00	0.000000e+00	-4.470348e-08	-9.040309e-24
52	1.000000e-02	9.807970e+10	-9.772014e+10	-0.000000e+00	-1.017830e+12	-0.000000e+00	0.000000e+00	-1.017471e+12	-4.656417e-12
20	1.000000e+08	2.086357e+10	-2.096355e+10	-1.485110e+04	0.000000e+00	-0.000000e+00	0.000000e+00	3.354025e-04	1.885475e-22
22	0.000000e+00	2.779014e+08	-2.375560e+08	-9.954359e+05	-3.934992e+07	-0.000000e+00	0.000000e+00	5.215406e-08	2.776704e-22
61	0.000000e+00	1.972692e+08	-1.972692e+08	-3.949049e-09	-5.788673e-20	-0.000000e+00	0.000000e+00	5.565560e-08	1.310270e-13
19	0.000000e+00	9.244612e+08	-9.244612e+08	-0.000000e+00	-6.021895e-24	-0.000000e+00	0.000000e+00	-6.021895e-24	-3.047032e-32
58	0.000000e+00	4.756265e+06	-4.756265e+06	-0.000000e+00	-2.048138e-19	-0.000000e+00	0.000000e+00	-2.142042e-08	-1.539470e-15
59	0.000000e+00	4.411579e+06	-4.411579e+06	-0.000000e+00	-1.248032e-19	-0.000000e+00	0.000000e+00	9.313226e-10	1.386491e-16
80	0.000000e+00	3.578144e+07	-3.578144e+07	-0.000000e+00	-4.815607e-20	-0.000000e+00	0.000000e+00	-7.450581e-09	-8.582295e-16
60	0.000000e+00	2.869335e+08	-2.869335e+08	-0.000000e+00	-3.209784e-17	-0.000000e+00	0.000000e+00	-1.788139e-07	-8.724691e-16
21	3.000000e+08	1.197628e+04	-3.000120e+08	-0.000000e+00	0.000000e+00	-0.000000e+00	0.000000e+00	2.949238e-03	5.632095e-23
62	0.000000e+00	5.293671e+06	-5.293671e+06	-5.098867e-11	-7.193520e-22	-0.000000e+00	0.000000e+00	1.391885e-08	2.558433e-12
24	0.000000e+00	2.380253e+02	-2.380199e+02	-2.913683e-03	-2.438042e-03	-0.000000e+00	0.000000e+00	-5.850875e-14	-3.572978e-22
63	0.000000e+00	2.020108e+08	-2.020108e+08	-8.869797e-07	-2.682151e-05	-0.000000e+00	0.000000e+00	9.707825e-08	1.274815e-11
23	0.000000e+00	8.412871e+04	-5.741957e+01	-2.759151e+03	-8.131214e+04	-0.000000e+00	0.000000e+00	4.365575e-11	1.261602e-21
71	0.000000e+00	2.318127e+08	-2.318127e+08	-1.481629e-04	-8.377485e-04	-0.000000e+00	0.000000e+00	6.858525e-08	1.479862e-11
25	0.000000e+00	5.637945e-01	-5.192599e-01	-2.332137e-02	-2.121330e-02	-0.000000e+00	0.000000e+00	1.249001e-16	1.315015e-22
26	0.000000e+00	1.213598e-32	-1.213598e-32	-0.000000e+00	-4.868550e-56	-0.000000e+00	0.000000e+00	-4.105367e-48	-1.100942e-18
64	0.000000e+00	9.134557e-01	-9.134557e-01	-0.000000e+00	-4.024142e-25	-0.000000e+00	0.000000e+00	1.735279e-13	8.000570e-15
27	0.000000e+00	4.801160e+01	-4.801160e+01	-0.000000e+00	0.000000e+00	-0.000000e+00	0.000000e+00	2.842171e-14	7.918288e-21
28	0.000000e+00	1.116333e+01	-1.116333e+01	-0.000000e+00	-1.239800e-24	-0.000000e+00	0.000000e+00	3.552714e-15	6.820810e-17
29	0.000000e+00	7.318984e+04	-7.318984e+04	-0.000000e+00	0.000000e+00	-0.000000e+00	0.000000e+00	1.455192e-11	5.196524e-20
30	0.000000e+00	4.161074e+00	-4.161074e+00	-0.000000e+00	-5.169674e-18	-0.000000e+00	0.000000e+00	-5.169674e-18	-1.085127e-19
31	0.000000e+00	8.729642e-01	-8.700281e-01	-2.936115e-03	0.000000e+00	-0.000000e+00	0.000000e+00	1.304252e-14	4.398331e-23
32	0.000000e+00	2.328305e+03	-2.328305e+03	-6.374215e-18	-4.674824e-19	-0.000000e+00	0.000000e+00	-4.547542e-13	-1.371075e-20
33	0.000000e+00	1.106294e+04	-1.106294e+04	-1.933937e-08	-9.609422e-05	-0.000000e+00	0.000000e+00	-9.707677e-13	-1.171494e-21
34	0.000000e+00	2.512950e+04	-2.512950e+04	-1.199113e-10	-9.964203e-19	-0.000000e+00	0.000000e+00	7.417984e-12	2.575275e-19
35	0.000000e+00	9.105951e+01	-9.104650e+01	-1.233730e-02	-6.699192e-04	-0.000000e+00	0.000000e+00	-1.230481e-11	-7.523527e-18
36	0.000000e+00	8.954816e+01	-8.954816e+01	-7.988826e-14	-1.295562e-23	-0.000000e+00	0.000000e+00	1.180039e-11	2.203515e-14
40	0.000000e+00	2.588526e+03	-2.588526e+03	-0.000000e+00	-2.556096e-26	-0.000000e+00	0.000000e+00	-1.331500e-09	-1.831385e-13
41	0.000000e+00	2.079663e-15	-2.079663e-15	-0.000000e+00	-3.665137e-38	-0.000000e+00	0.000000e+00	-3.944305e-31	-5.894985e-16
76	0.000000e+00	2.369736e-35	-2.369736e-35	-0.000000e+00	-2.262600e-59	-0.000000e+00	0.000000e+00	-2.262600e-59	-1.953803e-26
77	0.000000e+00	2.069051e-47	-2.069051e-47	-0.000000e+00	-1.945629e-67	-0.000000e+00	0.000000e+00	-1.945629e-67	-8.335883e-23
42	0.000000e+00	1.380836e+07	-1.380836e+07	-0.000000e+00	-2.028073e-15	-0.000000e+00	0.000000e+00	-3.725292e-09	-8.885221e-18
43	3.000000e+09	1.263400e+09	-1.206741e+09	-2.484010e+09	-5.726486e+08	-0.000000e+00	0.000000e+00	-3.576279e-07	-1.283152e-22
74	0.000000e+00	1.101189e+09	-1.101189e+09	-0.000000e+00	-1.656343e-18	-0.000000e+00	0.000000e+00	-1.656343e-18	-5.854946e-20
75	0.000000e+00	1.750331e+08	-1.750331e+08	-0.000000e+00	-1.850702e-17	-0.000000e+00	0.000000e+00	-1.850702e-17	-6.586355e-20
44	0.000000e+00	1.680271e+07	-1.680271e+07	-2.873128e-03	-8.454875e-01	-0.000000e+00	0.000000e+00	1.222091e-08	5.035891e-18
45	3.000000e+08	5.618308e-01	-7.343867e+07	-2.263753e+08	-1.860258e+05	-0.000000e+00	0.000000e+00	3.223511e-06	2.625111e-22
46	0.000000e+00	7.343867e+07	-7.343867e+07	-0.000000e+00	-2.919904e-16	-0.000000e+00	0.000000e+00	-2.980232e-08	-1.522337e-12
47	0.000000e+00	4.436200e+04	-4.436200e+04	-0.000000e+00	-3.529146e-20	-0.000000e+00	0.000000e+00	2.182787e-11	2.094501e-13
48	0.000000e+00	7.341908e+07	-7.341908e+07	-0.000000e+00	-2.220968e-17	-0.000000e+00	0.000000e+00	-2.220968e-17	-5.224323e-20
68	0.000000e+00	1.674654e+07	-1.674654e+07	-7.999453e-08	-3.206403e-07	-0.000000e+00	0.000000e+00	-3.891433e-09	-1.127863e-11
73	0.000000e+00	1.680243e+07	-2.258188e+04	-3.596899e+06	-1.119891e+07	-0.000000e+00	-1.984037e+06	1.024455e-08	4.686413e-22
78	0.000000e+00	0.000000e+00	0.000000e+00	-1.984037e+06	-9.225983e-06	-0.000000e+00	1.984037e+06	5.587935e-09	5.038846e-24
79	0.000000e+00	9.602701e-106	0.000000e+00	-0.000000e+00	-9.602690e-106	-0.000000e+00	0.000000e+00	1.046498e-111	7.889271e-25
111	0.000000e+00	0.000000e+00	0.000000e+00	-0.000000e+00	0.000000e+00	-0.000000e+00	0.000000e+00	0.000000e+00	nan
8	0.000000e+00	1.185830e+04	-1.185830e+04	-0.000000e+00	-1.022959e-11	-0.000000e+00	0.000000e+00	2.503334e-12	1.014916e-21
9	0.000000e+00	1.023217e-02	-1.023217e-02	-0.000000e+00	0.000000e+00	-0.000000e+00	0.000000e+00	1.214306e-17	8.890759e-23
10	0.000000e+00	3.678834e+01	-3.678834e+01	-0.000000e+00	-7.747600e-08	-0.000000e+00	0.000000e+00	-2.211880e-14	-1.001724e-16
57	0.000000e+00	8.916888e+01	-8.916888e+01	-0.000000e+00	-9.301550e-24	-0.000000e+00	0.000000e+00	-9.301550e-24	-2.111175e-26
11	0.000000e+00	1.571974e+05	-1.293053e+05	-0.000000e+00	-2.789210e+04	-0.000000e+00	0.000000e+00	-1.710105e-07	-2.203734e-23
12	1.000000e+08	9.459445e+10	-9.469441e+10	-3.543813e+04	-2.410672e+01	-0.000000e+00	0.000000e+00	-5.373540e-05	-5.299967e-19
13	0.000000e+00	1.036426e+11	-1.036372e+11	-5.396465e+06	-2.731892e+03	-0.000000e+00	0.000000e+00	4.422300e-05	3.595242e-20
14	0.000000e+00	1.416821e+09	-1.416086e+09	-1.843332e+05	-5.513455e+05	-0.000000e+00	0.000000e+00	-1.615845e-07	-1.593423e-18
15	0.000000e+00	1.826719e+08	-1.826537e+08	-1.686103e+03	-1.652893e+04	-0.000000e+00	0.000000e+00	8.249481e-08	1.269469e-19
16	0.000000e+00	6.156674e+01	-6.156583e+01	-0.000000e+00	-9.107397e-04	-0.000000e+00	0.000000e+00	-9.320886e-16	-1.729710e-20
17	0.000000e+00	4.797725e+08	-4.003447e+08	-4.053668e+07	-3.889114e+07	-0.000000e+00	0.000000e+00	-1.564622e-07	-3.884937e-21
18	0.000000e+00	1.074505e+07	-3.864929e+06	-1.156387e+06	-5.723729e+06	-0.000000e+00	0.000000e+00	0.000000e+00	0.000000e+00
70	0.000000e+00	8.173002e+09	-8.165515e+09	-3.828690e+05	-7.104705e+06	-0.000000e+00	0.000000e+00	-4.253350e-06	-1.036661e-20
37	0.000000e+00	2.001708e+02	-5.964085e+00	-1.298383e+02	-6.436841e+01	-0.000000e+00	0.000000e+00	1.847411e-13	2.940915e-24
38	0.000000e+00	4.732848e+01	-4.732848e+01	-9.387474e-17	-1.137171e-14	-0.000000e+00	0.000000e+00	-4.360159e-15	-6.896497e-19
39	0.000000e+00	3.701944e+01	-3.701944e+01	-0.000000e+00	-2.348579e-17	-0.000000e+00	0.000000e+00	7.081942e-15	3.194772e-19
72	0.000000e+00	6.172987e+01	-6.172985e+01	-0.000000e+00	-1.989750e-05	-0.000000e+00	0.000000e+00	2.340399e-09	8.514617e-23
65	0.000000e+00	1.062376e+01	-1.061987e+01	-2.359347e-03	-1.533070e-03	-0.000000e+00	0.000000e+00	-3.792322e-15	-6.568820e-21
66	0.000000e+00	9.589959e-04	-8.849708e-04	-7.039658e-05	-3.628438e-06	-0.000000e+00	0.000000e+00	7.877406e-19	5.481751e-23
109	0.000000e+00	1.098390e-07	-8.953703e-08	-0.000000e+00	-2.030195e-08	-0.000000e+00	0.000000e+00	-5.955700e-23	-8.419827e-24
67	0.000000e+00	8.958026e-08	-8.958026e-08	-0.000000e+00	-1.234148e-31	-0.000000e+00	0.000000e+00	-1.323489e-23	-3.228786e-18
110	0.000000e+00	2.834555e-14	-2.727569e-14	-0.000000e+00	-1.069862e-15	-0.000000e+00	0.000000e+00	1.577722e-30	3.565372e-24
106	0.000000e+00	2.014165e-20	-2.014165e-20	-0.000000e+00	-9.064608e-30	-0.000000e+00	0.000000e+00	1.002625e-33	8.730540e-23
107	0.000000e+00	7.276778e-13	-7.276778e-13	-0.000000e+00	-2.954602e-20	-0.000000e+00	0.000000e+00	2.868918e-26	7.037858e-25
108	0.000000e+00	4.737909e-15	-4.737909e-15	-0.000000e+00	-2.761316e-26	-0.000000e+00	0.000000e+00	2.494383e-30	3.897521e-23
49	0.000000e+00	1.300568e-06	-1.235145e-06	-6.539825e-08	-2.477353e-11	-0.000000e+00	0.000000e+00	1.025566e-18	3.679485e-20
50	0.000000e+00	1.202648e-08	-1.202648e-08	-0.000000e+00	-8.720278e-32	-0.000000e+00	0.000000e+00	-3.308723e-24	-8.104506e-19
51	0.000000e+00	0.000000e+00	0.000000e+00	-0.000000e+00	0.000000e+00	-0.000000e+00	0.000000e+00	0.000000e+00	nan
69	0.000000e+00	0.000000e+00	0.000000e+00	-0.000000e+00	0.000000e+00	-0.000000e+00	0.000000e+00	0.000000e+00	nan
