Std No.	Outgassing	ChemProd	ChemLoss	DryDepo		WetDepo		Escape		Condensation	Net Flux	Global Change
3	0.000000e+00	1.375851e+11	-1.375206e+11	-2.550492e+03	-5.787870e-04	-1.220060e+07	0.000000e+00	5.228017e+07	3.141372e-09
53	9.000000e-01	6.992722e+10	-2.845823e+10	-0.000000e+00	0.000000e+00	-0.000000e+00	0.000000e+00	4.146898e+10	3.387792e-16
1	0.000000e+00	3.854509e+08	-3.853581e+08	-7.133718e-09	-2.441280e-13	-0.000000e+00	0.000000e+00	9.279327e+04	1.663910e-03
56	0.000000e+00	2.261261e+09	-2.261262e+09	-0.000000e+00	-8.327825e-22	-0.000000e+00	0.000000e+00	-4.034956e+02	-3.505673e-03
54	0.000000e+00	5.708891e+04	-5.708603e+04	-0.000000e+00	0.000000e+00	-0.000000e+00	0.000000e+00	2.876094e+00	8.301745e-09
2	0.000000e+00	3.241179e-09	-3.240641e-09	-1.123449e-26	-8.962833e-26	-0.000000e+00	0.000000e+00	5.378523e-13	5.154536e-07
4	0.000000e+00	3.934120e+09	-3.933956e+09	-9.686573e-07	-6.900142e-08	-0.000000e+00	0.000000e+00	1.640245e+05	9.720337e-05
5	0.000000e+00	1.340277e+00	-1.340294e+00	-4.700840e-09	-3.945788e-07	-0.000000e+00	0.000000e+00	-1.710092e-05	-2.134511e-07
7	2.000000e-02	4.390179e+08	-9.751707e+08	-0.000000e+00	0.000000e+00	-0.000000e+00	-1.233834e+28	-1.233834e+28	-1.841085e+04
6	0.000000e+00	2.345326e-04	-2.345106e-04	-7.834937e-15	-9.818048e-12	-0.000000e+00	0.000000e+00	2.196557e-08	6.281516e-11
52	3.000000e+11	8.410289e+06	-1.552694e+09	-2.144771e+11	-8.397859e+10	-0.000000e+00	0.000000e+00	-5.919288e+03	-4.546579e-19
20	0.000000e+00	6.409530e+10	-6.403089e+10	-4.394075e+07	0.000000e+00	-0.000000e+00	0.000000e+00	2.046463e+07	7.670058e-16
22	0.000000e+00	5.042005e+09	-3.498403e+09	-3.682212e+06	-1.539754e+09	-0.000000e+00	0.000000e+00	1.652194e+05	8.054205e-12
61	0.000000e+00	6.526627e+10	-6.531442e+10	-5.749727e+05	-4.412626e-05	-0.000000e+00	0.000000e+00	-4.871995e+07	-8.159448e-07
19	0.000000e+00	3.059122e+08	-3.059053e+08	-0.000000e+00	-6.031804e-18	-0.000000e+00	0.000000e+00	6.877258e+03	1.730126e-06
58	0.000000e+00	2.242084e+08	-2.242071e+08	-0.000000e+00	-1.601845e-20	-0.000000e+00	0.000000e+00	1.275777e+03	1.390666e-04
59	0.000000e+00	2.062994e+08	-2.063008e+08	-0.000000e+00	-3.233272e-18	-0.000000e+00	0.000000e+00	-1.421905e+03	-9.581738e-07
80	0.000000e+00	1.626353e+08	-1.626353e+08	-0.000000e+00	-2.402618e-23	-0.000000e+00	0.000000e+00	-5.672779e+00	-5.637687e-04
60	0.000000e+00	2.776144e+08	-2.776149e+08	-0.000000e+00	-1.852432e-11	-0.000000e+00	0.000000e+00	-5.265112e+02	-1.760917e-09
21	3.000000e+08	7.669123e+06	-3.077094e+08	-0.000000e+00	0.000000e+00	-0.000000e+00	0.000000e+00	-4.026545e+04	-2.932362e-17
62	0.000000e+00	5.192538e+06	-5.193615e+06	-1.197691e-01	-9.401521e-12	-0.000000e+00	0.000000e+00	-1.076694e+03	-3.490851e-07
24	0.000000e+00	2.426505e+06	-6.635314e+05	-8.959207e+04	-1.673757e+06	-0.000000e+00	0.000000e+00	-3.744446e+02	-2.382559e-13
63	0.000000e+00	4.168153e+03	-5.804891e+01	-1.834394e+00	-4.107550e+03	-0.000000e+00	0.000000e+00	7.198860e-01	9.041176e-13
23	0.000000e+00	6.938293e-07	-4.731907e-07	-0.000000e+00	-1.098828e-08	-0.000000e+00	0.000000e+00	2.096502e-07	2.884674e-09
71	0.000000e+00	8.587865e-01	-1.123749e+00	-0.000000e+00	-2.780224e-17	-0.000000e+00	0.000000e+00	-2.649628e-01	-1.178925e+04
25	0.000000e+00	1.273293e-12	-1.120097e-12	-0.000000e+00	-1.696959e-15	-0.000000e+00	0.000000e+00	1.514992e-13	2.791635e-08
26	0.000000e+00	1.344922e-26	-1.344922e-26	-0.000000e+00	-2.762549e-50	-0.000000e+00	0.000000e+00	7.509696e-34	4.154514e-11
64	0.000000e+00	7.000966e+06	-7.000968e+06	-0.000000e+00	-4.295867e-22	-0.000000e+00	0.000000e+00	-2.718695e+00	-1.082168e-05
27	0.000000e+00	7.198450e+06	-7.198432e+06	-0.000000e+00	0.000000e+00	-0.000000e+00	0.000000e+00	1.769296e+01	3.713882e-12
28	0.000000e+00	2.180224e+05	-2.180227e+05	-0.000000e+00	-7.049774e-18	-0.000000e+00	0.000000e+00	-2.493006e-01	-1.437440e-07
29	0.000000e+00	3.194609e+05	-3.194598e+05	-0.000000e+00	0.000000e+00	-0.000000e+00	0.000000e+00	1.075581e+00	8.509010e-12
30	0.000000e+00	1.728689e+05	-1.728691e+05	-0.000000e+00	-1.319309e-14	-0.000000e+00	0.000000e+00	-1.417577e-01	-5.655473e-08
31	0.000000e+00	1.922583e+05	-1.841154e+05	-8.142199e+03	0.000000e+00	-0.000000e+00	0.000000e+00	7.258854e-01	1.464778e-16
32	0.000000e+00	7.173914e+02	-7.173145e+02	-3.061163e-18	-6.296866e-24	-0.000000e+00	0.000000e+00	7.697197e-02	2.538986e-05
33	0.000000e+00	6.332963e+02	-6.007762e+02	-2.728256e-05	-3.252452e+01	-0.000000e+00	0.000000e+00	-4.434006e-03	-1.449804e-13
34	0.000000e+00	2.334342e+05	-2.336287e+05	-4.315768e-03	-3.279041e-13	-0.000000e+00	0.000000e+00	-1.945073e+02	-5.334544e-05
35	0.000000e+00	2.711598e+04	-2.711072e+04	-3.308112e+00	-1.562514e+00	-0.000000e+00	0.000000e+00	3.939855e-01	1.027595e-11
36	0.000000e+00	2.909057e+00	-2.908996e+00	-4.805149e-10	-7.114420e-20	-0.000000e+00	0.000000e+00	6.125195e-05	1.662606e-08
40	0.000000e+00	7.924347e+09	-7.924435e+09	-0.000000e+00	-2.657166e-08	-0.000000e+00	0.000000e+00	-8.807472e+04	-3.109976e-10
41	0.000000e+00	3.849623e+09	-3.849620e+09	-0.000000e+00	-3.126900e-10	-0.000000e+00	0.000000e+00	2.486342e+03	1.698332e-09
76	0.000000e+00	1.157653e+07	-1.157621e+07	-0.000000e+00	-2.268342e-14	-0.000000e+00	0.000000e+00	3.244037e+02	2.482511e-07
77	0.000000e+00	1.449664e+06	-1.449604e+06	-0.000000e+00	-5.296484e-15	-0.000000e+00	0.000000e+00	5.945464e+01	1.639703e-07
42	0.000000e+00	2.896210e+07	-2.895795e+07	-0.000000e+00	-2.163405e-07	-0.000000e+00	0.000000e+00	4.157794e+03	1.839031e-10
43	3.000000e+09	8.359410e+08	-8.356762e+08	-1.221694e+09	-1.778570e+09	-0.000000e+00	0.000000e+00	2.600092e+01	8.609609e-15
74	0.000000e+00	8.191199e+08	-8.191199e+08	-0.000000e+00	-5.851330e-18	-0.000000e+00	0.000000e+00	-1.422346e-02	-9.055015e-05
75	0.000000e+00	9.065439e+07	-9.065439e+07	-0.000000e+00	-4.806839e-17	-0.000000e+00	0.000000e+00	-1.400709e-06	-1.423735e-09
44	0.000000e+00	4.458539e-02	-4.458658e-02	-7.351367e-12	-2.149957e-09	-0.000000e+00	0.000000e+00	-1.193544e-06	-8.852039e-10
45	3.000000e+08	6.110592e+08	-6.113589e+08	-2.976031e+08	-2.132177e+06	-0.000000e+00	0.000000e+00	-3.499310e+04	-2.921719e-13
46	0.000000e+00	2.489861e+09	-2.489748e+09	-0.000000e+00	-1.439474e-06	-0.000000e+00	0.000000e+00	1.130296e+05	3.510523e-08
47	0.000000e+00	2.827292e+07	-2.827326e+07	-0.000000e+00	-1.219429e-05	-0.000000e+00	0.000000e+00	-3.395080e+02	-3.464962e-11
48	0.000000e+00	2.489118e+05	-2.489017e+05	-0.000000e+00	-1.925203e-10	-0.000000e+00	0.000000e+00	1.009381e+01	1.532443e-12
68	0.000000e+00	2.657639e-02	-2.601149e-02	-1.327407e-06	-5.639625e-04	-0.000000e+00	0.000000e+00	-3.901092e-07	-5.070856e-12
73	0.000000e+00	4.272625e-02	-1.055232e-02	-1.433242e-04	-3.203067e-02	-0.000000e+00	0.000000e+00	-6.076944e-08	-2.796597e-15
78	0.000000e+00	0.000000e+00	0.000000e+00	-0.000000e+00	0.000000e+00	-0.000000e+00	0.000000e+00	0.000000e+00	nan
79	0.000000e+00	1.817320e-01	0.000000e+00	-0.000000e+00	-2.716607e-02	-0.000000e+00	-3.078730e+02	-3.077185e+02	-2.824299e-14
111	0.000000e+00	0.000000e+00	0.000000e+00	-1.296363e-05	-4.095897e-04	-0.000000e+00	3.078730e+02	3.078726e+02	4.401245e-14
8	0.000000e+00	2.521009e+08	-2.521009e+08	-0.000000e+00	-8.207039e-13	-0.000000e+00	0.000000e+00	-3.517541e-01	-1.342197e-09
9	3.000000e+10	3.143415e+10	-5.946139e+10	-1.970977e+09	0.000000e+00	-0.000000e+00	0.000000e+00	1.775918e+06	1.484578e-17
10	0.000000e+00	9.427045e+10	-9.427053e+10	-0.000000e+00	-1.720231e+03	-0.000000e+00	0.000000e+00	-8.543587e+04	-2.564435e-11
57	0.000000e+00	9.635944e+09	-9.619862e+09	-0.000000e+00	-5.141522e+04	-0.000000e+00	0.000000e+00	1.602985e+07	4.538542e-16
11	0.000000e+00	3.124410e+09	-1.062112e+09	-0.000000e+00	-2.062489e+09	-0.000000e+00	0.000000e+00	-1.902769e+05	-4.073037e-16
12	0.000000e+00	3.903935e+09	-3.903713e+09	-2.901226e-10	-2.460567e-11	-0.000000e+00	0.000000e+00	2.219209e+05	1.005674e-04
13	0.000000e+00	4.766902e-06	-4.764562e-06	-1.613057e-33	-7.110149e-26	-0.000000e+00	0.000000e+00	2.339964e-09	2.075642e-03
14	0.000000e+00	4.283981e-21	-4.279888e-21	-5.007720e-46	-1.571588e-33	-0.000000e+00	0.000000e+00	4.093457e-24	2.307328e-05
15	0.000000e+00	2.759344e-46	-2.752750e-46	-1.926022e-88	-1.415673e-52	-0.000000e+00	0.000000e+00	6.592982e-49	5.218786e-10
16	0.000000e+00	3.547585e+09	-3.547808e+09	-0.000000e+00	-7.582210e+03	-0.000000e+00	0.000000e+00	-2.307974e+05	-2.539796e-08
17	0.000000e+00	5.633128e-04	-5.632436e-04	-8.671718e-19	-9.848020e-13	-0.000000e+00	0.000000e+00	6.917368e-08	8.209225e-10
18	0.000000e+00	1.069032e-18	-1.068602e-18	-1.643972e-29	-1.419802e-23	-0.000000e+00	0.000000e+00	4.159835e-22	6.800339e-10
70	0.000000e+00	2.554002e-27	-2.553572e-27	-9.662130e-51	-7.248912e-34	-0.000000e+00	0.000000e+00	4.286446e-31	4.604014e-11
37	0.000000e+00	7.089512e+08	-4.281069e+08	-6.180931e+07	-2.190362e+08	-0.000000e+00	0.000000e+00	-1.163748e+03	-2.705948e-15
38	0.000000e+00	4.281073e+08	-4.281062e+08	-2.162201e-21	-1.303185e-10	-0.000000e+00	0.000000e+00	1.075820e+03	8.847310e-07
39	0.000000e+00	2.328609e+07	-2.328592e+07	-0.000000e+00	-2.910009e-18	-0.000000e+00	0.000000e+00	1.664720e+02	1.191151e-07
72	0.000000e+00	1.316636e+05	-1.316628e+05	-0.000000e+00	-1.060982e-09	-0.000000e+00	0.000000e+00	8.191768e-01	1.240184e-12
65	0.000000e+00	7.750284e-05	-7.749590e-05	-1.302123e-13	-2.326308e-11	-0.000000e+00	0.000000e+00	6.918026e-09	7.950055e-10
66	0.000000e+00	1.621339e-19	-1.620902e-19	-5.016950e-25	-1.037517e-24	-0.000000e+00	0.000000e+00	4.209135e-23	1.409945e-11
109	0.000000e+00	2.693449e+08	-2.675177e+08	-0.000000e+00	-1.826618e+06	-0.000000e+00	0.000000e+00	5.368922e+02	3.618405e-14
67	0.000000e+00	5.455948e-03	-5.394159e-03	-0.000000e+00	-1.770320e-06	-0.000000e+00	0.000000e+00	6.001928e-05	4.935646e-17
110	0.000000e+00	1.183080e+03	-9.313796e+02	-0.000000e+00	-2.516962e+02	-0.000000e+00	0.000000e+00	4.037640e-03	1.109798e-14
106	0.000000e+00	7.693200e+09	-7.693199e+09	-0.000000e+00	-4.711830e-06	-0.000000e+00	0.000000e+00	1.447402e+03	1.255147e-14
107	0.000000e+00	4.097013e+10	-4.097014e+10	-0.000000e+00	-3.026224e-08	-0.000000e+00	0.000000e+00	-1.565082e+04	-3.192838e-10
108	0.000000e+00	4.097015e+10	-4.097008e+10	-0.000000e+00	-2.462241e-06	-0.000000e+00	0.000000e+00	7.394371e+04	8.289109e-12
49	0.000000e+00	7.632842e-04	-7.630890e-04	-6.179880e-09	-1.991593e-11	-0.000000e+00	0.000000e+00	1.890346e-07	1.191304e-11
50	0.000000e+00	3.660024e-04	-3.562449e-04	-0.000000e+00	-1.095508e-06	-0.000000e+00	0.000000e+00	8.661963e-06	1.151081e-17
51	0.000000e+00	0.000000e+00	0.000000e+00	-0.000000e+00	0.000000e+00	-0.000000e+00	0.000000e+00	0.000000e+00	nan
69	0.000000e+00	0.000000e+00	0.000000e+00	-0.000000e+00	0.000000e+00	-0.000000e+00	0.000000e+00	0.000000e+00	nan
