0.000000 9.269881e-01 7.940510e-01 475.000000 56
0.000010 2.463628e-01 2.389719e-01 485.000000 56
0.000110 2.210154e-01 2.085635e-01 395.000000 4
0.001110 1.749480e-01 1.731450e-01 395.000000 4
0.011110 8.546936e-02 7.549972e-02 405.000000 4
0.061110 2.796246e-02 2.198083e-02 405.000000 4
0.161110 5.754414e-03 5.325283e-03 455.000000 38
0.661110 6.126979e-04 5.676449e-04 465.000000 38
3.161110 1.485025e-04 1.389110e-04 445.000000 59
15.661110 1.004120e-04 9.893662e-05 375.000000 16
78.161110 5.913546e-05 5.452934e-05 375.000000 16
203.161110 2.471783e-05 2.077905e-05 375.000000 16
453.161110 6.551222e-06 5.574537e-06 375.000000 16
953.161110 1.769750e-06 1.392341e-06 435.000000 54
1953.161110 4.688022e-07 3.626146e-07 5.000000 77
6953.161110 1.028086e-07 9.131767e-08 5.000000 77
31953.161110 2.369630e-08 2.366030e-08 415.000000 107
156953.161110 2.272059e-09 2.271188e-09 425.000000 108
781953.161110 7.531873e-10 6.207990e-10 435.000000 22
3906953.161110 8.758524e-11 8.729853e-11 345.000000 27
19531953.161110 3.053473e-11 1.812649e-11 75.000000 35
97656953.161110 6.112770e-12 4.825028e-12 75.000000 35
488281953.161110 1.195726e-12 1.161732e-12 55.000000 29
2441406953.161110 1.162595e-13 1.143759e-13 45.000000 29
12207031953.161110 1.341432e-14 1.329867e-14 45.000000 29
61035156953.161110 4.528652e-15 3.733912e-15 5.000000 77
549316406953.161133 5.946140e-15 4.930551e-15 5.000000 77
2990722656953.161133 6.486560e-15 5.398203e-15 5.000000 77
6652832031953.161133 5.696299e-15 4.754212e-15 5.000000 77
12145996094453.160156 3.385779e-15 2.834855e-15 5.000000 77
19287109375703.160156 7.041966e-16 6.571921e-16 85.000000 35
29998779297578.160156 9.508217e-16 7.943741e-16 5.000000 77
51422119141328.156250 1.659096e-16 1.436160e-16 375.000000 16
83557128906953.156250 1.525196e-17 1.412041e-17 5.000000 111
147827148438203.156250 8.099529e-18 6.718690e-18 5.000000 77
790527343750703.125000 1.724015e-17 1.441947e-17 5.000000 77
2075927734375703.000000 5.301151e-17 4.432671e-17 5.000000 77
4004028320313203.000000 1.223831e-17 1.021746e-17 5.000000 77
4968078613281953.000000 1.815911e-17 1.515927e-17 5.000000 77
5691116333008516.000000 2.543777e-17 2.123342e-17 5.000000 77
6233394622803438.000000 3.070800e-16 2.553023e-16 5.000000 77
7046812057495821.000000 2.589118e-16 2.151240e-16 5.000000 77
7331508159638155.000000 4.889855e-16 4.059796e-16 5.000000 77
7488091015816439.000000 1.194199e-15 1.077549e-15 5.000000 77
7660332157612551.000000 3.193365e-15 2.652548e-15 5.000000 77
7720616557241190.000000 1.144503e-15 1.136640e-15 295.000000 45
7774872516906965.000000 2.380006e-15 1.992892e-15 5.000000 77
7834554072539318.000000 4.576896e-15 3.835926e-15 5.000000 77
7894235628171671.000000 9.281647e-15 7.669223e-15 5.000000 77
7915124172642994.000000 2.740701e-15 2.726632e-15 295.000000 45
7933923862667185.000000 1.599322e-15 1.337198e-15 5.000000 77
7954603521693795.000000 3.247757e-16 2.819803e-16 375.000000 16
7981487078428388.000000 5.187338e-17 4.266372e-17 5.000000 77
8035254191897575.000000 2.112815e-17 1.773721e-17 5.000000 77
8304089759243508.000000 4.613104e-17 3.854227e-17 5.000000 77
8841760893935375.000000 1.359115e-16 1.135619e-16 5.000000 77
9648267595973176.000000 6.353372e-17 5.300502e-17 5.000000 77
10051520946992076.000000 7.820917e-17 6.524979e-17 5.000000 77
10353960960256252.000000 4.480127e-16 3.757519e-16 5.000000 77
10807620980152514.000000 6.896179e-16 5.733674e-16 5.000000 77
10966401987116206.000000 1.723279e-15 1.403664e-15 5.000000 77
11125182994079898.000000 3.135503e-15 2.604573e-15 5.000000 77
11180756346517190.000000 7.863435e-16 7.784673e-16 295.000000 45
11230772363710752.000000 8.194880e-16 6.832884e-16 5.000000 77
11295793186062384.000000 1.668076e-15 1.396546e-15 5.000000 77
11367316090649180.000000 3.969267e-15 3.296356e-15 5.000000 77
11438838995235976.000000 8.002348e-15 6.639574e-15 5.000000 77
11463872011841354.000000 4.464729e-15 3.174204e-15 5.000000 77
11481395123465118.000000 4.470122e-16 3.833733e-16 5.000000 77
11500670546251260.000000 1.063529e-16 8.953336e-17 5.000000 77
11539221391823542.000000 9.691920e-17 8.069275e-17 5.000000 77
11616323082968108.000000 1.409784e-16 1.179004e-16 5.000000 77
11770526465257238.000000 3.445111e-16 2.877992e-16 5.000000 77
12001831538690934.000000 1.168945e-15 9.778850e-16 5.000000 77
12256267119467998.000000 2.489686e-15 2.054190e-15 5.000000 77
12345319572739970.000000 1.446641e-15 1.024498e-15 5.000000 77
12407656290030350.000000 2.922151e-16 2.461177e-16 5.000000 77
12476226679049768.000000 4.793353e-16 3.996959e-16 5.000000 77
12579082262578896.000000 1.140637e-15 9.521435e-16 5.000000 77
12712794521166762.000000 1.832002e-15 1.526739e-15 5.000000 77
12772965037531302.000000 3.327540e-16 3.294085e-16 295.000000 45
12833135553895842.000000 3.669041e-16 3.054453e-16 5.000000 77
12923391328442652.000000 8.216022e-16 6.874333e-16 5.000000 77
13040723835353506.000000 1.092576e-15 9.120320e-16 5.000000 77
13105256714154476.000000 2.355238e-16 9.991733e-17 85.000000 35
13176242880835542.000000 2.625959e-16 2.204721e-16 5.000000 77
13282722130857142.000000 5.561155e-16 4.648687e-16 5.000000 77
13442441005889540.000000 6.754791e-16 5.639870e-16 5.000000 77
13530286387157360.000000 3.251771e-16 2.620068e-16 5.000000 77
13626916306551962.000000 5.189336e-16 4.333332e-16 5.000000 77
13752535201764944.000000 1.529272e-15 1.275727e-15 5.000000 77
13890715986499224.000000 3.335823e-15 2.774940e-15 5.000000 77
13939079261156222.000000 8.668851e-16 5.997324e-16 5.000000 77
13982606208347520.000000 3.984512e-17 3.118779e-17 85.000000 35
14039191239696208.000000 2.221394e-17 1.869568e-17 5.000000 77
14322116396439646.000000 4.561602e-17 3.809470e-17 5.000000 77
14887966709926522.000000 1.337407e-16 1.118347e-16 5.000000 77
15736742180156836.000000 6.440188e-17 5.375232e-17 5.000000 77
16161129915271994.000000 7.560597e-17 6.308898e-17 5.000000 77
16479420716608362.000000 4.569199e-16 3.789166e-16 5.000000 77
16956856918612914.000000 5.622790e-16 4.677463e-16 5.000000 77
17123959589314508.000000 7.027018e-16 5.839188e-16 5.000000 77
17215866058200384.000000 4.964164e-16 4.908707e-16 295.000000 45
17316963173974848.000000 1.356214e-15 1.131154e-15 5.000000 77
17428170001326758.000000 2.253408e-15 1.877890e-15 5.000000 77
17478213073635118.000000 4.644219e-16 3.361618e-16 5.000000 77
17528256145943478.000000 1.880850e-16 1.586524e-16 5.000000 77
17603320754406018.000000 3.194975e-16 2.665464e-16 5.000000 77
17715917667099828.000000 7.755746e-16 6.487416e-16 5.000000 77
17862293653601780.000000 1.117233e-15 9.322917e-16 5.000000 77
17935481646852756.000000 1.880755e-16 1.380045e-16 5.000000 77
18015988439428828.000000 1.323729e-17 1.317148e-17 295.000000 45
18136748628292940.000000 8.687769e-18 7.204804e-18 5.000000 77
18740549572613492.000000 1.964829e-17 1.642795e-17 5.000000 77
19948151461254596.000000 5.992046e-17 5.010484e-17 5.000000 77
21759554294216252.000000 1.470203e-17 1.227263e-17 5.000000 77
22665255710697080.000000 2.153875e-17 1.797787e-17 5.000000 77
23344531773057700.000000 2.969201e-17 2.478049e-17 5.000000 77
23853988819828164.000000 3.321086e-16 2.759224e-16 5.000000 77
24618174389983864.000000 2.927962e-16 2.432481e-16 5.000000 77
24885639339538360.000000 5.342124e-16 4.434274e-16 5.000000 77
25032745061793332.000000 1.126752e-15 1.056937e-15 5.000000 77
25194561356273800.000000 2.233848e-15 1.858052e-15 5.000000 77
25267378688790012.000000 4.258230e-16 4.252325e-16 295.000000 45
25332914288054604.000000 7.199618e-16 6.042231e-16 5.000000 77
25431217686951488.000000 1.838749e-15 1.538134e-15 5.000000 77
25539351425738060.000000 3.295730e-15 2.740373e-15 5.000000 77
25588011608192020.000000 1.265731e-15 1.254667e-15 295.000000 45
25631805772400584.000000 2.471144e-15 2.067227e-15 5.000000 77
25679979353030004.000000 3.836754e-15 3.217822e-15 5.000000 77
25728152933659424.000000 5.570762e-15 4.632717e-15 5.000000 77
25749831044942664.000000 1.275479e-15 1.268411e-15 295.000000 45
25771509156225904.000000 1.155386e-15 9.659694e-16 5.000000 77
25804026323150760.000000 8.211790e-16 6.870821e-16 5.000000 77
25846298640153076.000000 1.077470e-15 8.990442e-16 5.000000 77
25901252652256084.000000 1.862975e-15 1.559707e-15 5.000000 77
25961702065569396.000000 3.926326e-15 3.260290e-15 5.000000 77
26022151478882708.000000 7.332911e-15 6.094173e-15 5.000000 77
26043308773542368.000000 3.964829e-15 2.575660e-15 85.000000 35
26062350338736060.000000 4.608817e-16 4.095831e-16 85.000000 35
26083296060449120.000000 5.177188e-17 4.480845e-17 375.000000 16
26125187503875244.000000 1.704276e-17 1.418401e-17 5.000000 77
26334644721005864.000000 3.306682e-17 2.765418e-17 5.000000 77
26753559155267104.000000 9.570751e-17 7.998375e-17 5.000000 77
27381930806658964.000000 3.759460e-16 3.144360e-16 5.000000 77
28073139623190008.000000 4.366202e-16 3.616327e-16 5.000000 77
28315062708975872.000000 6.566629e-16 5.434700e-16 5.000000 77
28436024251868804.000000 1.044634e-15 8.136633e-16 5.000000 77
28569081949051032.000000 1.777317e-15 1.487586e-15 5.000000 77
28702139646233260.000000 4.320615e-15 3.583663e-15 5.000000 77
28748709840247040.000000 2.222030e-15 2.202978e-15 295.000000 45
28781308976056684.000000 3.024356e-15 2.529490e-15 5.000000 77
28817168025447292.000000 3.119489e-15 2.620685e-15 5.000000 77
28853027074837900.000000 3.898485e-15 3.225223e-15 5.000000 77
28888886124228508.000000 3.972560e-15 3.343678e-15 5.000000 77
28924745173619116.000000 5.079254e-15 4.184726e-15 5.000000 77
28960604223009724.000000 5.132882e-15 4.331614e-15 5.000000 77
28992877367461272.000000 6.016899e-15 4.923860e-15 5.000000 77
29021923197467668.000000 3.788617e-15 3.376046e-15 5.000000 77
29048064444473424.000000 2.720072e-15 2.240258e-15 5.000000 77
29076819816179756.000000 1.657686e-15 1.395464e-15 5.000000 77
29108450725056720.000000 1.605506e-15 1.334947e-15 5.000000 77
29143244724821380.000000 1.589630e-15 1.332810e-15 5.000000 77
29181518124562504.000000 1.995920e-15 1.660424e-15 5.000000 77
29223618864277740.000000 2.571734e-15 2.156675e-15 5.000000 77
29269929677964500.000000 4.305768e-15 3.567395e-15 5.000000 77
29316240491651260.000000 6.442606e-15 5.416496e-15 5.000000 77
29357920223969344.000000 9.966454e-15 8.232808e-15 5.000000 77
29372508130280672.000000 3.797768e-15 2.625699e-15 5.000000 77
29387096036592000.000000 1.192294e-15 9.892212e-16 5.000000 77
29403142733534464.000000 4.410884e-16 3.676223e-16 5.000000 77
29427212778948160.000000 2.713405e-16 2.263913e-16 5.000000 77
29463317847068700.000000 1.925984e-16 1.609184e-16 5.000000 77
29535527983309784.000000 3.475761e-16 2.905275e-16 5.000000 77
29643843187671408.000000 8.439473e-16 7.046191e-16 5.000000 77
29784652953341520.000000 1.166225e-15 9.727227e-16 5.000000 77
29855057836176576.000000 3.135814e-16 3.098526e-16 295.000000 45
29932503207295136.000000 6.104819e-16 5.091006e-16 5.000000 77
30048671263972980.000000 1.681928e-15 1.407563e-15 5.000000 77
30176456126318608.000000 4.017524e-15 3.337286e-15 5.000000 77
30221180828139576.000000 1.655887e-15 1.641154e-15 295.000000 45
30261433059778448.000000 2.901717e-15 2.425952e-15 5.000000 77
30305710514581208.000000 4.068042e-15 3.414337e-15 5.000000 77
30349987969383968.000000 7.079133e-15 5.819360e-15 5.000000 77
30389837678706452.000000 8.708413e-15 7.744862e-15 5.000000 77
30417732475232192.000000 9.452760e-15 7.515638e-15 5.000000 77
30437258832800208.000000 2.119378e-15 1.837223e-15 375.000000 16
30454832554611424.000000 3.606029e-16 3.004626e-16 5.000000 77
30477678392966004.000000 5.088779e-17 4.413656e-17 5.000000 77
30523370069675164.000000 2.366028e-17 1.976303e-17 5.000000 77
30751828453220964.000000 4.902244e-17 4.097197e-17 5.000000 77
31208745220312564.000000 1.411824e-16 1.180527e-16 5.000000 77
31894120370949960.000000 6.767460e-17 5.650444e-17 5.000000 77
32271076703800528.000000 5.086256e-16 4.233349e-16 5.000000 77
32836511203076380.000000 5.663530e-16 4.698583e-16 5.000000 77
33034413277822928.000000 9.949311e-16 8.237891e-16 5.000000 77
33133364315196204.000000 9.450029e-16 9.341298e-16 295.000000 45
33242210456306804.000000 1.549952e-15 1.294155e-15 5.000000 77
33296633526862104.000000 3.871145e-16 3.050591e-16 85.000000 35
33356498904472936.000000 6.417785e-16 5.372359e-16 5.000000 77
33446296970889184.000000 1.559687e-15 1.304857e-15 5.000000 77
33545074843947056.000000 2.759491e-15 2.299340e-15 5.000000 77
33589524886823096.000000 8.855158e-16 8.774029e-16 295.000000 45
33633974929699136.000000 1.718030e-15 1.436834e-15 5.000000 77
33691759985437992.000000 3.042560e-15 2.548609e-15 5.000000 77
33755323546750732.000000 5.064529e-15 4.210921e-15 5.000000 77
33783927149341464.000000 1.609743e-15 1.596599e-15 295.000000 45
33812530751932196.000000 1.938522e-15 1.620441e-15 5.000000 77
33849715435300148.000000 2.006710e-15 1.682335e-15 5.000000 77
33890618587004896.000000 2.795685e-15 2.323334e-15 5.000000 77
33935612053880120.000000 3.984972e-15 3.345162e-15 5.000000 77
33980605520755344.000000 7.027204e-15 5.777837e-15 5.000000 77
34021099640943044.000000 8.875415e-15 7.861374e-15 5.000000 77
34049445525074436.000000 1.001001e-14 7.949758e-15 5.000000 77
34069287643966408.000000 2.246418e-15 1.946002e-15 375.000000 16
34087145550969184.000000 5.969402e-16 3.322461e-16 85.000000 35
34110360830072792.000000 6.654630e-17 6.137828e-17 5.000000 77
34145183748728204.000000 2.137654e-17 1.785558e-17 5.000000 77
34319298342005272.000000 4.238403e-17 3.542358e-17 5.000000 77
34667527528559404.000000 1.188359e-16 9.935767e-17 5.000000 77
35189871308390604.000000 4.732275e-16 3.950080e-16 5.000000 77
35764449466204924.000000 5.310526e-16 4.407851e-16 5.000000 77
35965551821439936.000000 9.393113e-16 7.782994e-16 5.000000 77
36066102999057440.000000 9.072248e-16 8.967517e-16 295.000000 45
36176709294436696.000000 1.504659e-15 1.256311e-15 5.000000 77
36232012442126328.000000 3.091172e-16 2.833446e-16 85.000000 35
36292845904584920.000000 5.993466e-16 5.017958e-16 5.000000 77
36384096098272808.000000 1.470894e-15 1.230493e-15 5.000000 77
36484471311329480.000000 2.295667e-15 1.913395e-15 5.000000 77
36534658917857816.000000 6.687637e-16 6.628824e-16 295.000000 45
36584846524386152.000000 1.438109e-15 1.203425e-15 5.000000 77
36650090412872992.000000 2.818849e-15 2.360340e-15 5.000000 77
36721858690208512.000000 6.096301e-15 5.066098e-15 5.000000 77
36746977587275944.000000 1.829562e-15 1.816382e-15 295.000000 45
36769584594636632.000000 1.525749e-15 1.275456e-15 5.000000 77
36798973704205528.000000 8.831026e-16 7.397418e-16 5.000000 77
36837179546645096.000000 1.031766e-15 8.608573e-16 5.000000 77
36886847141816528.000000 1.628501e-15 1.363251e-15 5.000000 77
36941481496505104.000000 2.982381e-15 2.480256e-15 5.000000 77
37001579286662544.000000 4.511053e-15 3.756250e-15 5.000000 77
37028623292233392.000000 1.527633e-15 1.149077e-15 5.000000 77
37055667297804240.000000 6.295119e-16 5.288961e-16 5.000000 77
37090824505046344.000000 5.051920e-16 4.207739e-16 5.000000 77
37143560315909496.000000 7.225303e-16 6.044639e-16 5.000000 77
37222664032204224.000000 1.694502e-15 1.412998e-15 5.000000 77
37309678120128424.000000 2.498300e-15 2.082237e-15 5.000000 77
37353185164090520.000000 7.151165e-16 5.420182e-16 5.000000 77
37396692208052616.000000 4.990561e-16 4.191509e-16 5.000000 77
37453251365203344.000000 7.327243e-16 6.111433e-16 5.000000 77
37538090100929440.000000 1.724809e-15 1.443600e-15 5.000000 77
37631412710228144.000000 3.051416e-15 2.541779e-15 5.000000 77
37673407884412560.000000 1.015552e-15 1.006256e-15 295.000000 45
37715403058596976.000000 1.862869e-15 1.557638e-15 5.000000 77
37769996785036720.000000 3.272658e-15 2.742495e-15 5.000000 77
37824590511476464.000000 5.089539e-15 4.234470e-15 5.000000 77
37849157688374344.000000 1.338132e-15 1.328623e-15 295.000000 45
37873724865272224.000000 1.398454e-15 1.169295e-15 5.000000 77
37905662195239472.000000 1.006757e-15 8.429219e-16 5.000000 77
37947180724196896.000000 1.295457e-15 1.080323e-15 5.000000 77
38001154811841544.000000 2.193823e-15 1.837271e-15 5.000000 77
38060526308250656.000000 4.598525e-15 3.812571e-15 5.000000 77
38119897804659768.000000 8.479509e-15 7.038338e-15 5.000000 77
38140677828402960.000000 3.242085e-15 2.279259e-15 5.000000 77
38159379849771832.000000 3.987829e-16 3.382767e-16 5.000000 77
38179952073277592.000000 4.967936e-17 4.797353e-17 375.000000 16
38221096520289112.000000 2.416529e-17 2.013559e-17 5.000000 77
38426818755346696.000000 4.732620e-17 3.957337e-17 5.000000 77
38838263225461864.000000 1.367353e-16 1.142585e-16 5.000000 77
39455429930634616.000000 6.732209e-17 5.619457e-17 5.000000 77
39794871618479632.000000 4.629573e-16 3.875660e-16 5.000000 77
40304034150247152.000000 6.622786e-16 5.495220e-16 5.000000 77
40482241036365784.000000 7.092386e-16 5.877702e-16 5.000000 77
40571344479425104.000000 6.170552e-16 4.528885e-16 5.000000 77
40669358266790352.000000 1.827487e-16 1.511136e-16 5.000000 77
40777173432892128.000000 4.040727e-16 3.379680e-16 5.000000 77
40938896182044784.000000 1.252165e-15 1.047512e-15 5.000000 77
41116791206112712.000000 2.878564e-15 2.390286e-15 5.000000 77
41179054464536488.000000 9.199042e-16 9.132564e-16 295.000000 45
41235091397117888.000000 2.025203e-15 1.696538e-15 5.000000 77
41296732022957424.000000 4.008345e-15 3.358469e-15 5.000000 77
41358372648796960.000000 8.200055e-15 6.791737e-15 5.000000 77
41379946867840800.000000 2.341434e-15 2.328457e-15 295.000000 45
41399363664980256.000000 1.495630e-15 1.250299e-15 5.000000 77
41424605501261544.000000 4.347886e-16 3.645854e-16 5.000000 77
41457419888427224.000000 3.879190e-16 3.244227e-16 5.000000 77
41506641469175736.000000 5.341676e-16 4.464048e-16 5.000000 77
41580473840298512.000000 1.072593e-15 8.952100e-16 5.000000 77
41676455922758120.000000 2.848131e-15 2.384400e-15 5.000000 77
41772438005217728.000000 6.832698e-15 5.648528e-15 5.000000 77
41806031734078592.000000 3.581132e-15 3.552324e-15 295.000000 45
41829547344281192.000000 2.868302e-15 2.398056e-15 5.000000 77
41855414515504056.000000 1.191198e-15 1.003529e-15 5.000000 77
41883868403849208.000000 8.847524e-16 7.381323e-16 5.000000 77
41920858458697904.000000 9.299206e-16 7.776375e-16 5.000000 77
41968945530001208.000000 1.364899e-15 1.138212e-15 5.000000 77
42031458722695504.000000 2.604714e-15 2.181478e-15 5.000000 77
42100223234659224.000000 4.413965e-15 3.672992e-15 5.000000 77
42131167265042896.000000 1.424586e-15 1.412410e-15 295.000000 45
42162111295426568.000000 1.901666e-15 1.589526e-15 5.000000 77
42202338534925344.000000 2.232387e-15 1.871179e-15 5.000000 77
42246588498374000.000000 3.410638e-15 2.831595e-15 5.000000 77
42295263458167520.000000 5.464174e-15 4.589713e-15 5.000000 77
42339070921981688.000000 8.766354e-15 7.261191e-15 5.000000 77
42354403534316648.000000 3.237419e-15 2.642434e-15 55.000000 35
42369736146651608.000000 1.032870e-15 8.595878e-16 5.000000 77
42389668542687056.000000 1.743507e-16 1.513298e-16 375.000000 16
42419567136740224.000000 7.375649e-17 6.136497e-17 5.000000 77
42479364324846568.000000 8.337318e-17 6.972764e-17 5.000000 77
42598958701059248.000000 1.500433e-16 1.254136e-16 5.000000 77
42838147453484616.000000 4.564325e-16 3.812199e-16 5.000000 77
43149092831637592.000000 4.320712e-16 3.601853e-16 5.000000 77
43304565520714080.000000 1.148407e-15 9.666824e-16 5.000000 77
43475585478698216.000000 1.977599e-15 1.644443e-15 5.000000 77
43552544459791080.000000 4.905978e-16 3.380998e-16 5.000000 77
43621807542774656.000000 3.691214e-16 3.108529e-16 5.000000 77
43711849550653304.000000 8.076497e-16 6.749322e-16 5.000000 77
43828904160895544.000000 2.329825e-15 1.940565e-15 5.000000 77
43957664232162008.000000 5.084098e-15 4.215544e-15 5.000000 77
44002730257105272.000000 2.383260e-15 1.612657e-15 5.000000 77
44034276474565560.000000 1.833933e-16 1.472301e-16 5.000000 77
44068977313771872.000000 2.167963e-16 1.817425e-16 5.000000 77
44138378992184496.000000 3.701793e-16 3.089610e-16 5.000000 77
44242481509803432.000000 8.666279e-16 7.249267e-16 5.000000 77
44377814782708056.000000 1.277028e-15 1.065508e-15 5.000000 77
44445481419160368.000000 1.055504e-16 1.054356e-16 295.000000 45
44519914719257912.000000 2.108930e-16 1.771538e-16 5.000000 77
44668781319452992.000000 5.601381e-16 4.682436e-16 5.000000 77
44862307899706600.000000 7.293355e-16 6.087218e-16 5.000000 77
44959071189833400.000000 4.980969e-16 4.031920e-16 5.000000 77
45065510808972880.000000 9.994637e-16 8.354835e-16 5.000000 77
45182594390026312.000000 1.524638e-15 1.272084e-15 5.000000 77
45241136180553032.000000 2.711329e-16 2.690270e-16 295.000000 45
45305532150132416.000000 6.547998e-16 5.485280e-16 5.000000 77
45402126104501496.000000 1.645502e-15 1.376648e-15 5.000000 77
45508379454307488.000000 2.929076e-15 2.438528e-15 5.000000 77
45556193461720184.000000 9.765109e-16 9.677557e-16 295.000000 45
45604007469132880.000000 1.958533e-15 1.638164e-15 5.000000 77
45666165678769384.000000 3.864396e-15 3.237929e-15 5.000000 77
45728323888405888.000000 7.928482e-15 6.570491e-15 5.000000 77
45750079261778664.000000 2.242470e-15 2.229793e-15 295.000000 45
45769659097814160.000000 1.464648e-15 1.224408e-15 5.000000 77
45795112884660312.000000 4.494627e-16 3.767906e-16 5.000000 77
45828202807560304.000000 4.058305e-16 3.393387e-16 5.000000 77
45877837691910296.000000 5.613126e-16 4.691282e-16 5.000000 77
45952290018435280.000000 1.134122e-15 9.464731e-16 5.000000 77
46049078042917760.000000 3.020570e-15 2.528806e-15 5.000000 77
46145866067400240.000000 7.315956e-15 6.036426e-15 5.000000 77
46179741875969104.000000 4.022201e-15 3.989736e-15 295.000000 45
46203454941967312.000000 3.205885e-15 2.680206e-15 5.000000 77
46229539314565344.000000 1.376352e-15 1.167787e-15 5.000000 77
46258232124423176.000000 1.053916e-15 8.786681e-16 5.000000 77
46295532777238360.000000 1.111976e-15 9.302324e-16 5.000000 77
46344023625898096.000000 1.792806e-15 1.493986e-15 5.000000 77
46397363559423800.000000 2.989005e-15 2.504828e-15 5.000000 77
46456037486302080.000000 4.781096e-15 3.978690e-15 5.000000 77
46482440753397304.000000 1.339961e-15 1.329750e-15 295.000000 45
46508844020492528.000000 1.507475e-15 1.260263e-15 5.000000 77
46543168267716320.000000 1.345234e-15 1.126960e-15 5.000000 77
46580924939662496.000000 1.668625e-15 1.389786e-15 5.000000 77
46622457278803288.000000 2.134280e-15 1.788803e-15 5.000000 77
46668142851858160.000000 3.338214e-15 2.771791e-15 5.000000 77
46718396982218512.000000 5.542311e-15 4.654403e-15 5.000000 77
46763625699542832.000000 9.174286e-15 7.592429e-15 5.000000 77
46779455750606344.000000 2.681616e-15 1.833379e-15 5.000000 77
46795285801669856.000000 1.095049e-15 9.117239e-16 5.000000 77
46815864868052424.000000 1.868605e-16 1.620665e-16 375.000000 16
46846733467626272.000000 4.787737e-17 3.971747e-17 5.000000 77
46908470666773968.000000 2.492470e-17 2.085701e-17 5.000000 77
47217156662512448.000000 5.387057e-17 4.502686e-17 5.000000 77
47834528653989416.000000 1.844777e-16 1.541133e-16 5.000000 77
48637112242909472.000000 8.581007e-17 7.152161e-17 5.000000 77
49038404037369496.000000 1.378650e-16 1.149031e-16 5.000000 77
49299243703768512.000000 7.265487e-16 6.102738e-16 5.000000 77
49638335270087232.000000 1.370631e-15 1.136009e-15 5.000000 77
49757017318298784.000000 1.794795e-15 1.419449e-15 5.000000 77
49863831161689184.000000 1.945852e-15 1.621468e-15 5.000000 77
49911897391214864.000000 3.966741e-16 2.900632e-16 5.000000 77
49964770243693112.000000 1.774833e-16 1.490100e-16 5.000000 77
50044079522410480.000000 3.210770e-16 2.680749e-16 5.000000 77
50163043440486536.000000 7.950229e-16 6.649845e-16 5.000000 77
50317696533985408.000000 1.129850e-15 9.425943e-16 5.000000 77
50395023080734848.000000 2.765612e-16 2.098936e-16 5.000000 77
50480082282159224.000000 1.300935e-16 1.077959e-16 5.000000 77
50607671084295792.000000 3.035765e-16 2.538311e-16 5.000000 77
50799054287500648.000000 9.882545e-16 8.266782e-16 5.000000 77
51009575811025984.000000 2.157452e-15 1.793280e-15 5.000000 77
51083258344259856.000000 1.011195e-15 3.834829e-16 85.000000 35
51149572624170336.000000 7.587486e-16 6.374274e-16 5.000000 77
51222518332071864.000000 1.633214e-15 1.366077e-15 5.000000 77
51302758610763544.000000 2.529965e-15 2.109688e-15 5.000000 77
51342878750109384.000000 7.719073e-16 7.647134e-16 295.000000 45
51382998889455224.000000 1.428314e-15 1.194510e-15 5.000000 77
51435155070604816.000000 2.303319e-15 1.928865e-15 5.000000 77
51492526869869368.000000 4.715976e-15 3.908828e-15 5.000000 77
51549898669133920.000000 8.521085e-15 7.073487e-15 5.000000 77
51569978798876512.000000 3.167965e-15 2.220813e-15 5.000000 77
51588050915644848.000000 4.039834e-16 3.419922e-16 5.000000 77
51607930244090016.000000 5.910904e-17 4.975387e-17 5.000000 77
51647688900980352.000000 3.014268e-17 2.513408e-17 5.000000 77
51846482185432032.000000 5.879973e-17 4.916303e-17 5.000000 77
52244068754335392.000000 1.693996e-16 1.415413e-16 5.000000 77
52840448607690424.000000 1.015312e-16 8.472123e-17 5.000000 77
53138638534367944.000000 6.680593e-16 5.595142e-16 5.000000 77
53526285439048720.000000 1.149027e-15 9.515607e-16 5.000000 77
53661961855686992.000000 2.111025e-15 1.685254e-15 5.000000 77
53784070630661432.000000 3.410314e-15 2.835918e-15 5.000000 77
53826808701902488.000000 1.020565e-15 7.322591e-16 5.000000 77
53869546773143544.000000 2.603915e-16 2.194856e-16 5.000000 77
53925106265756912.000000 3.620504e-16 3.020757e-16 5.000000 77
54008445504676968.000000 7.677844e-16 6.422068e-16 5.000000 77
54116786515273040.000000 2.133182e-15 1.777480e-15 5.000000 77
54235961626928720.000000 4.686025e-15 3.892288e-15 5.000000 77
54277672916008208.000000 1.705336e-15 1.202645e-15 5.000000 77
54315213076179744.000000 2.153232e-16 2.082189e-16 5.000000 77
54356507252368440.000000 1.546134e-16 1.286481e-16 5.000000 77
54439095604745824.000000 3.008895e-16 2.516779e-16 5.000000 77
54562978133311904.000000 7.697952e-16 6.427334e-16 5.000000 77
54724025420447808.000000 1.017581e-15 8.486473e-16 5.000000 77
54804549064015760.000000 4.474892e-16 4.419412e-16 295.000000 45
54893125071940512.000000 1.180055e-15 9.841862e-16 5.000000 77
55008273882242688.000000 1.707163e-15 1.423280e-15 5.000000 77
55065848287393776.000000 1.968751e-16 1.950266e-16 295.000000 45
55129180133059968.000000 1.310576e-16 1.084232e-16 5.000000 77
55224177901559264.000000 2.821559e-16 2.360996e-16 5.000000 77
55366674554308200.000000 7.544340e-16 6.298824e-16 5.000000 77
55551920202881824.000000 9.416551e-16 7.850259e-16 5.000000 77
55644543027168632.000000 6.814163e-16 6.438893e-16 5.000000 77
55746428133884120.000000 2.177614e-15 1.814450e-15 5.000000 77
55858501751271160.000000 4.797375e-15 3.986108e-15 5.000000 77
55897727517356624.000000 1.833091e-15 1.312859e-15 5.000000 77
55933030706833544.000000 4.120420e-16 3.494878e-16 5.000000 77
55971864215258152.000000 3.706215e-16 3.086834e-16 5.000000 77
56030114477895064.000000 5.782876e-16 4.837426e-16 5.000000 77
56117489871850432.000000 1.430063e-15 1.193006e-15 5.000000 77
56213602805201344.000000 2.108140e-15 1.757514e-15 5.000000 77
56261659271876800.000000 5.084454e-16 4.908915e-16 55.000000 35
56309715738552256.000000 3.036352e-16 2.552037e-16 5.000000 77
56381800438565440.000000 5.218055e-16 4.354074e-16 5.000000 77
56489927488585216.000000 1.392886e-15 1.165493e-15 5.000000 77
56608867243606968.000000 2.444928e-15 2.036397e-15 5.000000 77
56662390133366752.000000 7.111651e-16 7.051685e-16 295.000000 45
56715913023126536.000000 1.544543e-15 1.292714e-15 5.000000 77
56785492779814256.000000 3.344333e-15 2.800860e-15 5.000000 77
56855072536501976.000000 7.210653e-15 5.979824e-15 5.000000 77
56879425451342680.000000 2.285069e-15 2.269354e-15 295.000000 45
56901343074699312.000000 1.772389e-15 1.482102e-15 5.000000 77
56925452460391608.000000 4.781931e-16 4.016597e-16 5.000000 77
56956794661791592.000000 3.846408e-16 3.216717e-16 5.000000 77
57003807963891568.000000 5.114628e-16 4.273844e-16 5.000000 77
57074327917041536.000000 9.968340e-16 8.320662e-16 5.000000 77
57166003856136496.000000 2.436260e-15 2.039348e-15 5.000000 77
57266847389140944.000000 5.823816e-15 4.826352e-15 5.000000 77
57302142625692504.000000 2.922121e-15 2.898127e-15 295.000000 45
57326849291278592.000000 2.623413e-15 2.193237e-15 5.000000 77
57354026623423288.000000 1.341419e-15 1.127993e-15 5.000000 77
57383921688782456.000000 1.095387e-15 9.130248e-16 5.000000 77
57422785273749376.000000 1.213738e-15 1.015658e-15 5.000000 77
57473307934206376.000000 2.044884e-15 1.703354e-15 5.000000 77
57528882860709072.000000 3.680034e-15 3.085171e-15 5.000000 77
57584457787211768.000000 6.983833e-15 5.801218e-15 5.000000 77
57603909011487712.000000 1.364636e-15 1.359341e-15 295.000000 45
57623360235763656.000000 1.027562e-15 8.585023e-16 5.000000 77
57652537072177568.000000 5.055397e-16 4.229317e-16 5.000000 77
57696302326798440.000000 6.375997e-16 5.324888e-16 5.000000 77
57761950208729752.000000 1.164664e-15 9.742996e-16 5.000000 77
57847292455240456.000000 2.895268e-15 2.409352e-15 5.000000 77
57941168926402232.000000 6.262543e-15 5.198422e-15 5.000000 77
57974025691308856.000000 3.491625e-15 2.498717e-15 5.000000 77
57997025426743488.000000 4.830486e-16 4.128733e-16 5.000000 77
58022325135721584.000000 1.158192e-16 1.011058e-16 5.000000 77
58060274699188728.000000 1.049608e-16 8.799383e-17 5.000000 77
58136173826123024.000000 1.598687e-16 1.334931e-16 5.000000 77
58287972079991616.000000 3.816798e-16 3.191678e-16 5.000000 77
58515669460794496.000000 3.935230e-16 3.285985e-16 5.000000 77
58640903020236080.000000 5.074114e-16 4.186623e-16 5.000000 77
58803706647510144.000000 1.427414e-15 1.193994e-15 5.000000 77
58982790637511608.000000 3.326636e-15 2.755474e-15 5.000000 77
59045470034012120.000000 1.466249e-15 1.455917e-15 295.000000 45
59089345611562480.000000 2.567793e-15 2.151402e-15 5.000000 77
59137608746867872.000000 4.024004e-15 3.374490e-15 5.000000 77
59185871882173264.000000 5.861073e-15 4.871651e-15 5.000000 77
59207590293060688.000000 1.389246e-15 1.381504e-15 295.000000 45
59229308703948112.000000 1.261027e-15 1.054563e-15 5.000000 77
59257542638101768.000000 6.293087e-16 5.267237e-16 5.000000 77
59294246752501520.000000 6.505964e-16 5.433105e-16 5.000000 77
59349302924101152.000000 1.042916e-15 8.723299e-16 5.000000 77
59420875947180672.000000 2.312578e-15 1.926488e-15 5.000000 77
59499606272568144.000000 3.780423e-15 3.147726e-15 5.000000 77
59535034918992504.000000 1.313728e-15 9.894418e-16 5.000000 77
59570463565416864.000000 6.863492e-16 5.767623e-16 5.000000 77
59616520805768536.000000 8.948015e-16 7.457403e-16 5.000000 77
59676395218225704.000000 1.668404e-15 1.396795e-15 5.000000 77
59742257071928592.000000 3.743700e-15 3.110299e-15 5.000000 77
59808118925631480.000000 7.301480e-15 6.066200e-15 5.000000 77
59831170574427488.000000 2.775165e-15 1.987254e-15 5.000000 77
59851917058343896.000000 4.353241e-16 3.687498e-16 5.000000 77
59874738190651944.000000 5.744016e-17 4.956115e-17 375.000000 16
59920380455268048.000000 1.006346e-17 8.468878e-18 5.000000 77
60148591778348560.000000 9.127739e-18 7.622312e-18 5.000000 77
61289648393751104.000000 2.775644e-17 2.320636e-17 5.000000 77
63001233316854920.000000 1.004340e-16 8.387884e-17 5.000000 77
65226293716889880.000000 3.662733e-17 3.045592e-17 5.000000 77
66005064856902112.000000 5.475363e-17 4.552360e-17 5.000000 77
66589143211911288.000000 1.001430e-16 8.325059e-17 5.000000 77
66968794142667256.000000 1.577140e-16 1.310847e-16 5.000000 77
67215567247658632.000000 7.074029e-16 5.988978e-16 5.000000 77
67536372284147424.000000 1.454643e-15 1.206939e-15 5.000000 77
67648654046918504.000000 1.626717e-15 1.283662e-15 5.000000 77
67749707633412472.000000 2.939586e-15 2.462977e-15 5.000000 77
67840655861257048.000000 7.035847e-15 5.819177e-15 5.000000 77
67872487741002648.000000 3.550316e-15 3.522018e-15 295.000000 45
67894770056824568.000000 2.614385e-15 2.186054e-15 5.000000 77
67919280604228680.000000 8.113859e-16 7.064367e-16 5.000000 77
67946242206373200.000000 5.013942e-16 4.192832e-16 5.000000 77
67986684609589984.000000 5.660369e-16 4.727806e-16 5.000000 77
68047348214415160.000000 9.953559e-16 8.308549e-16 5.000000 77
68126210900687888.000000 2.240181e-15 1.875297e-15 5.000000 77
68212959855587896.000000 3.985406e-15 3.314237e-15 5.000000 77
68251996885292896.000000 1.565928e-15 1.552020e-15 295.000000 45
68287130212027400.000000 2.473688e-15 2.068037e-15 5.000000 77
68325776871435352.000000 2.791617e-15 2.342032e-15 5.000000 77
68368288196784096.000000 4.293978e-15 3.555886e-15 5.000000 77
68410799522132840.000000 5.771511e-15 4.855931e-15 5.000000 77
68449059714946712.000000 9.536889e-15 7.740818e-15 5.000000 77
68475841849916424.000000 5.033895e-15 4.959655e-15 295.000000 45
68494589344395224.000000 1.394995e-15 1.217814e-15 375.000000 16
68515211588321904.000000 3.097740e-16 2.581197e-16 5.000000 77
68546144954211920.000000 1.355730e-16 1.132317e-16 5.000000 77
68608011685991952.000000 1.817293e-16 1.518554e-16 5.000000 77
68731745149552016.000000 4.102237e-16 3.430020e-16 5.000000 77
68917345344892112.000000 1.371752e-15 1.143988e-15 5.000000 77
69121505559766216.000000 2.715613e-15 2.253386e-15 5.000000 77
69192961634972152.000000 1.589567e-15 1.571357e-15 295.000000 45
69257272102657496.000000 3.554869e-15 2.963049e-15 5.000000 77
69321582570342840.000000 6.985308e-15 5.806452e-15 5.000000 77
69344091234032712.000000 2.519659e-15 1.809590e-15 5.000000 77
69364349031353592.000000 4.625054e-16 3.907311e-16 5.000000 77
69386632608406560.000000 8.049311e-17 6.952924e-17 375.000000 16
69420057973986016.000000 4.352845e-18 3.119598e-18 85.000000 35
69587184801883304.000000 1.643967e-18 1.368548e-18 5.000000 77
71258453080856152.000000 1.512842e-18 1.264827e-18 5.000000 77
79614794475720384.000000 4.809423e-18 4.019759e-18 5.000000 77
92149306568016720.000000 2.050153e-17 1.714597e-17 5.000000 77
105937269869542704.000000 1.579048e-18 1.305236e-18 5.000000 77
110763057025076800.000000 1.521014e-18 1.257309e-18 5.000000 77
115588844180610896.000000 1.466210e-18 1.212048e-18 5.000000 77
120414631336144992.000000 1.413045e-18 1.168138e-18 5.000000 77
125240418491679088.000000 1.362510e-18 1.126398e-18 5.000000 77
130066205647213184.000000 1.314296e-18 1.086573e-18 5.000000 77
134891992802747280.000000 1.267923e-18 1.048267e-18 5.000000 77
139717779958281376.000000 1.223712e-18 1.011744e-18 5.000000 77
144543567113815456.000000 1.181276e-18 9.766861e-19 5.000000 77
149369354269349536.000000 1.140234e-18 9.427788e-19 5.000000 77
154195141424883616.000000 1.101268e-18 9.105845e-19 5.000000 77
159020928580417696.000000 1.063389e-18 8.792875e-19 5.000000 77
163846715735951776.000000 1.027459e-18 8.495984e-19 5.000000 77
168672502891485856.000000 9.928220e-19 8.209775e-19 5.000000 77
173498290047019936.000000 9.593690e-19 7.933335e-19 5.000000 77
178324077202554016.000000 9.271343e-19 7.666951e-19 5.000000 77
183149864358088096.000000 8.962584e-19 7.411787e-19 5.000000 77
187975651513622176.000000 8.664626e-19 7.165537e-19 5.000000 77
192801438669156256.000000 8.378007e-19 6.928651e-19 5.000000 77
197627225824690336.000000 8.103019e-19 6.701369e-19 5.000000 77
202453012980224416.000000 7.839819e-19 6.483821e-19 5.000000 77
207278800135758496.000000 7.582383e-19 6.271031e-19 5.000000 77
212104587291292576.000000 7.337217e-19 6.068375e-19 5.000000 77
216930374446826656.000000 7.100311e-19 5.872541e-19 5.000000 77
221756161602360736.000000 6.872145e-19 5.683924e-19 5.000000 77
226581948757894816.000000 6.650125e-19 5.500383e-19 5.000000 77
231407735913428896.000000 6.436695e-19 5.323938e-19 5.000000 77
236233523068962976.000000 6.231930e-19 5.154650e-19 5.000000 77
241059310224497056.000000 6.033137e-19 4.990296e-19 5.000000 77
245885097380031136.000000 9.427724e-20 7.798241e-20 5.000000 77
257949565268866368.000000 1.493713e-20 1.235549e-20 5.000000 77
288110734990954432.000000 5.955325e-22 4.926054e-22 5.000000 77
438916583601394816.000000 2.380455e-23 1.969038e-23 5.000000 77
1192945826653596672.000000 9.520552e-25 7.875102e-25 5.000000 77
4963092041914606592.000000 3.808194e-26 3.150018e-26 5.000000 77
23813823118219657216.000000 1.522851e-27 1.259655e-27 5.000000 77
118067478499744923648.000000 6.093805e-29 5.040604e-29 5.000000 77
589335755407371272192.000000 2.437212e-30 2.015985e-30 5.000000 77
2945677139945502801920.000000 9.749829e-32 8.064752e-32 5.000000 77
14727384062636163334144.000000 3.899710e-33 3.225718e-33 5.000000 77
73635918676089467043840.000000 1.559794e-34 1.290213e-34 5.000000 77
368178591743355964620800.000000 6.240106e-36 5.161620e-36 5.000000 77
1840891957079688536391680.000000 2.495565e-37 2.064253e-37 5.000000 77
9204458783761351596572672.000000 9.982826e-39 8.257481e-39 5.000000 77
46022292917169663139381248.000000 3.993392e-40 3.303209e-40 5.000000 77
230111463584211218705940480.000000 1.597286e-41 1.321225e-41 5.000000 77
1150557316919419039488409600.000000 6.389910e-43 5.285533e-43 5.000000 77
5752786583595458246479970304.000000 2.555714e-44 2.114007e-44 5.000000 77
28763932916975655930705215488.000000 1.021864e-45 8.452545e-46 5.000000 77
143819664583876642152808185856.000000 4.089942e-47 3.383071e-47 5.000000 77
719098322918381582059416059904.000000 1.635755e-48 1.353045e-48 5.000000 77
3595491614590905859379990364160.000000 6.541842e-50 5.411207e-50 5.000000 77
17977458072953526683032908464128.000000 2.616640e-51 2.164403e-51 5.000000 77
89887290364766631364247452385280.000000 1.046894e-52 8.659581e-53 5.000000 77
449436451823832130000522221453312.000000 4.187546e-54 3.463807e-54 5.000000 77
2247182259119159857369076690059264.000000 1.675095e-55 1.385586e-55 5.000000 77
11235911295595797557463126540025856.000000 6.699142e-57 5.541320e-57 5.000000 77
56179556477978985481472623486435328.000000 2.679770e-58 2.216621e-58 5.000000 77
280897782389894936630735154286952448.000000 1.072007e-59 8.867302e-60 5.000000 77
1404488911949474609366699476596555776.000000 4.286388e-61 3.545566e-61 5.000000 77
7022444559747373046833497382982778880.000000 1.714771e-62 1.418405e-62 5.000000 77
35112222798736864053575866197502590976.000000 6.858232e-64 5.672916e-64 5.000000 77
175561113993684324990245813857158168576.000000 2.744125e-65 2.269854e-65 5.000000 77
877805569968421662730160932242952552448.000000 1.097674e-66 9.079615e-67 5.000000 77
4389027849842108162535077209386115923968.000000 4.390766e-68 3.631904e-68 5.000000 77
21945139249210539603749566432301404913664.000000 1.755905e-69 1.452430e-69 5.000000 77
109725696246052688347341275244473626918912.000000 7.024211e-71 5.810207e-71 5.000000 77
548628481230263403051080148554234543996928.000000 2.809260e-72 2.323732e-72 5.000000 77
2743142406151317015255400742771172719984640.000000 1.123922e-73 9.296734e-74 5.000000 77
13715712030756584457306984071165726150361088.000000 4.495277e-75 3.718353e-75 5.000000 77
68578560153782919810654841785068080953556992.000000 1.798598e-76 1.487743e-76 5.000000 77
342892800768914608956794523208382603960778752.000000 7.193310e-78 5.950081e-78 5.000000 77
1714464003844573163626216387438419410119819264.000000 2.877406e-79 2.380100e-79 5.000000 77
8572320019222865501218431880134746676423294976.000000 1.150822e-80 9.519243e-81 5.000000 77
42861600096114328773742759628903134878819680256.000000 4.603279e-82 3.807689e-82 5.000000 77
214308000480571628656906595405762856433659936768.000000 1.841563e-83 1.523283e-83 5.000000 77
1071540002402858062154894562422132586379294539776.000000 7.366218e-85 6.093105e-85 5.000000 77
5357700012014290310774472812110662931896472698880.000000 2.946322e-86 2.437106e-86 5.000000 77
26788500060071454150020793327967128924730528104448.000000 1.178442e-87 9.747705e-88 5.000000 77
133942500300357270750103966639835644623652640522240.000000 4.713913e-89 3.899201e-89 5.000000 77
669712501501786353750519833199178223118263202611200.000000 1.885586e-90 1.559698e-90 5.000000 77
3348562507508932017982848375667617285055139815620608.000000 7.541034e-92 6.237708e-92 5.000000 77
16742812537544659425300243985880149973372168937930752.000000 3.016159e-93 2.494873e-93 5.000000 77
83714062687723294468045228359569004059246724128964608.000000 1.207248e-94 9.985976e-95 5.000000 77
418570313438616493607874074356498986757146585130336256.000000 4.828323e-96 3.993836e-96 5.000000 77
2092851567193082553109962102017110799629384783593734144.000000 1.931106e-97 1.597350e-97 5.000000 77
10464257835965413105832177431024017461521531349736882176.000000 7.724274e-99 6.389277e-99 5.000000 77
52321289179827069612549290206381648868102945929902948352.000000 3.089974e-100 2.555930e-100 5.000000 77
261606445899135348062746451031908244340514729649514741760.000000 1.235647e-101 1.022089e-101 5.000000 77
1308032229495676696757589289279417898390623896981242642432.000000 4.943557e-103 4.089155e-103 5.000000 77
6540161147478384006461662036958569371696516500102186008576.000000 1.977275e-104 1.635540e-104 5.000000 77
32700805737391922819901460001120739550447366581556118290432.000000 7.908841e-106 6.541945e-106 5.000000 77
163504028686959614099507300005603697752236832907780591452160.000000 3.163754e-107 2.616958e-107 5.000000 77
817520143434798092798281698558641630296902437187264463241216.000000 1.265576e-108 1.046845e-108 5.000000 77
4087600717173990642397370081038193283770258367123214364049408.000000 5.062794e-110 4.187783e-110 5.000000 77
20438003585869954639234543111150847477137261285111208202993664.000000 2.024318e-111 1.674452e-111 5.000000 77
102190017929349773196172715555754237385686306425556041014968320.000000 8.099476e-113 6.699632e-113 5.000000 77
510950089646748888816826661074129283861007043319702387198787584.000000 3.239635e-114 2.679724e-114 5.000000 77
2554750448233744535427985638552078807035337261366200664489721856.000000 1.295649e-115 1.071720e-115 5.000000 77
12773752241168722677139928192760394035176686306831003322448609280.000000 5.184257e-117 4.288254e-117 5.000000 77
63868761205843614847201278294704888379568264250438036268175589376.000000 2.073375e-118 1.715031e-118 5.000000 77
319343806029218062543993292826301096268362659521926024093417603072.000000 8.295028e-120 6.861386e-120 5.000000 77
1596719030146090359488018858720398863859727944530686749456929390592.000000 3.317603e-121 2.744217e-121 5.000000 77
7983595150730452171584513450313141379441956898021886779203377954816.000000 1.326834e-122 1.097516e-122 5.000000 77
39917975753652260857922567251565706897209784490109433896016889774080.000000 5.307689e-124 4.390354e-124 5.000000 77
199589878768261310275923542765206887448341997256442417990784144900096.000000 2.123072e-125 1.756139e-125 5.000000 77
997949393841306647160589017944088084638399183176536066125115860975616.000000 8.495047e-127 7.026834e-127 5.000000 77
4989746969206533618926830306192655012778752703459976235310359850778624.000000 3.396748e-128 2.809683e-128 5.000000 77
24948734846032666562138610665074416705546736366990697557812677070290944.000000 1.358834e-129 1.123985e-129 5.000000 77
124743674230163320550728726398261216660957464632480018839150407882637312.000000 5.434571e-131 4.495307e-131 5.000000 77
623718371150816651793500939699749550771892191972293969995403949288456192.000000 2.174033e-132 1.798292e-132 5.000000 77
3118591855754083455126933929332521623727880435101045353175627385943359488.000000 8.696487e-134 7.193461e-134 5.000000 77
15592959278770418060272386569997703598113080076463528778672567487721111552.000000 3.478702e-135 2.877473e-135 5.000000 77
77964796393852096578463668236669281826354823589984059995718281902640070656.000000 1.391211e-136 1.150767e-136 5.000000 77
389823981969260508000725282730069464474931810780585964388013187369338404864.000000 5.565329e-138 4.603465e-138 5.000000 77
1949119909846302640437254179837239543747289825225592479577753048271244230656.000000 2.226017e-139 1.841292e-139 5.000000 77
9745599549231512800451759834438628833245926040837311767338016795658012327936.000000 8.905883e-141 7.366666e-141 5.000000 77
48727997746157564002258799172193144166229630204186558836690083978290061639680.000000 3.561868e-142 2.946266e-142 5.000000 77
243639988730787813583541818825004618663299781656282384094638444760278966992896.000000 1.424574e-143 1.178363e-143 5.000000 77
1218199943653939067917709094125023093316498908281411920473192223801394834964480.000000 5.699061e-145 4.714084e-145 5.000000 77
6090999718269695545276615135775870735953642361075872725207944323204457093398528.000000 2.279953e-146 1.885906e-146 5.000000 77
30454998591348475258126239697070290447314437969353606151935923165652490444079104.000000 9.119821e-148 7.543629e-148 5.000000 77
152274992956742382872649427770175620856448920076170050690623078362581905614831616.000000 3.647908e-149 3.017435e-149 5.000000 77
761374964783711967019392973129471453241258442216066412900663092087465155229646848.000000 1.458900e-150 1.206756e-150 5.000000 77
3806874823918559624472381528532983870370236843739467426713124659339103267526279168.000000 5.835028e-152 4.826553e-152 5.000000 77
19034374119592797279863574294207425768506962749333878582404860092302626303143575552.000000 2.334647e-153 1.931147e-153 5.000000 77
95171870597963993139304538258697077509288585501577061321310406096656251791620440064.000000 9.337138e-155 7.723388e-155 5.000000 77
475859352989819965696522691293485387546442927507885306606552030483281258958102200320.000000 3.734634e-156 3.089173e-156 5.000000 77
2379296764949099774562720122166147348398184463500165185758471307335261332583290503168.000000 1.494072e-157 1.235850e-157 5.000000 77
11896483824745498872813600610830736741990922317500825928792356536676306662916452515840.000000 5.975800e-159 4.942994e-159 5.000000 77
59482419123727492638631416356512736851265646018247766531184539640784894523951206629376.000000 2.390682e-160 1.977497e-160 5.000000 77
297412095618637463193157081782563684256328230091238832655922698203924472619756033146880.000000 9.560389e-162 7.908055e-162 5.000000 77
1487060478093187205537843860263797822325547354023786924061869936293437480498392584945664.000000 3.824218e-163 3.163273e-163 5.000000 77
7435302390465936469400985495915071507452111955848563577180323900371926932893513247883264.000000 1.529375e-164 1.265051e-164 5.000000 77
37176511952329680580157862701191027953963059036324302058417722626240676542861364946796544.000000 6.119757e-166 5.062071e-166 5.000000 77
185882559761648388766012795278880503103435289238273383672217438126251717741457214393024512.000000 2.447952e-167 2.024869e-167 5.000000 77
929412798808241943830063976394402515517176446191366918361087190631258588707286071965122560.000000 9.790954e-169 8.098770e-169 5.000000 77
4647063994041210171463168465238400950910042421143974643641313553314746222667617890736275456.000000 3.915838e-170 3.239059e-170 5.000000 77
23235319970206052666567236659257558247846852866468433425550078167207544229862839577324027904.000000 1.566883e-171 1.296076e-171 5.000000 77
116176599851030263332836183296287791239234264332342167127750390836037721149314197886620139520.000000 6.266190e-173 5.183196e-173 5.000000 77
580882999255151374560225535139536667981663826005664762273744287000470625475362993389665517568.000000 2.506049e-174 2.072926e-174 5.000000 77
2904414996275756872801127675697683339908319130028323811368721435002353127376814966948327587840.000000 1.002520e-175 8.292531e-176 5.000000 77
14522074981378784364005638378488416699541595650141619056843607175011765636884074834741637939200.000000 4.010331e-177 3.317220e-177 5.000000 77
72610374906893929230721903080678590606251018806734197893497054476054926709705750680148486651904.000000 1.603922e-178 1.326714e-178 5.000000 77
363051874534469646153609515403392953031255094033670989467485272380274633548528753400742433259520.000000 6.417089e-180 5.308015e-180 5.000000 77
1815259372672348290053597266522856822024619794616563768211658510709341955944926779055234541944832.000000 2.567229e-181 2.123531e-181 5.000000 77
9076296863361741450267986332614284110123098973082818841058292553546709779724633895276172709724160.000000 1.026418e-182 8.490206e-183 5.000000 77
45381484316808703457064751534694328911041458100728729669340605244023546453677056705083431507197952.000000 4.106334e-184 3.396631e-184 5.000000 77
226907421584043517285323757673471644555207290503643648346703026220117732268385283525417157535989760.000000 1.642435e-185 1.358571e-185 5.000000 77
1134537107920217495364014465286308023426259570165769492870694550531548602663219711115947418685800448.000000 6.569567e-187 5.434141e-187 5.000000 77
5672685539601087719653683854647673982064036203768710794654327634175183169792649772942772744080064512.000000 2.628478e-188 2.174195e-188 5.000000 77
28363427698005438598268419273238369910320181018843553973271638170875915848963248864713863720400322560.000000 1.051378e-189 8.696672e-190 5.000000 77
141817138490027177449990958560359282195905650506066516727103478437263409230316966412335036960333627392.000000 4.204333e-191 3.477693e-191 5.000000 77
709085692450135887249954792801796410979528252530332583635517392186317046151584832061675184801668136960.000000 1.681623e-192 1.390987e-192 5.000000 77
3545428462250679560580583066455642593743203299356872943291624660268514590873918383598250177141684568064.000000 6.726559e-194 5.563999e-194 5.000000 77
17727142311253398300226151742064855124098264643605204816914274098690290394833568811150747898241798373376.000000 2.691288e-195 2.226149e-195 5.000000 77
88635711556266987522544867432031138377433338043459303280922164114669712450456028910477763390941987602432.000000 1.076469e-196 8.904214e-197 5.000000 77
443178557781334921698380772046983142914934749519029633190013995058221604157432883971284912553641920954368.000000 4.305293e-198 3.561204e-198 5.000000 77
2215892788906674672149278120687605910463601510388215698808457277351615853166553462180840180372481673003008.000000 1.722693e-199 1.424958e-199 5.000000 77
11079463944533374124634881728870311902985140705457888888342934011484173254385435818797188313113673183789056.000000 6.889756e-201 5.698990e-201 5.000000 77
55397319722666870623174408644351559514925703527289444441714670057420866271927179093985941565568365918945280.000000 2.756440e-202 2.280041e-202 5.000000 77
276986598613334353115872043221757797574628517636447222208573350287104331359635895469929707827841829594726400.000000 1.102212e-203 9.117153e-204 5.000000 77
1384932993066671732986784594757011607578011573632185534219372452780541646619932287679547742925821849039273984.000000 4.409533e-205 3.647427e-205 5.000000 77
6924664965333358404193318002970838995529009751760523056508907874662868151673683921036932344922010853721505792.000000 1.763616e-206 1.458808e-206 5.000000 77
34623324826666793063929009898111071147089241224404233740896356930273701084072329674627887203438447834506985472.000000 7.055290e-208 5.835915e-208 5.000000 77
173116624133333965319645049490555355735446206122021168704481784651368505420361648373139436017192239172534927360.000000 2.821842e-209 2.334140e-209 5.000000 77
865583120666669793223427811188556741255016871710854052855150761434142996679283119643513964763452601753892028416.000000 1.128875e-210 9.337703e-211 5.000000 77
4327915603333349099616328800999663855963940994151277426944786454461513105086516087106302685107297385204590575616.000000 4.514782e-212 3.734486e-212 5.000000 77
21639578016666745498081644004998319279819704970756387134723932272307565525432580435531513425536486926022952878080.000000 1.805755e-213 1.493664e-213 5.000000 77
108197890083333718946460076341351266819011700175573477262801571934926747838996470888778664005120234538266416644096.000000 7.222610e-215 5.974318e-215 5.000000 77
540989450416668594732300381706756334095058500877867386314007859674633739194982354443893320025601172691332083220480.000000 2.889829e-216 2.390376e-216 5.000000 77
2704947252083343247067842506410272217038070894092007600716218160024723249196237573463591500049996266395807543984128.000000 1.155628e-217 9.558998e-218 5.000000 77
13524736260416717328964574923557323271441468029270720680165806246729834458866491072294457099937942943735626231447552.000000 4.622967e-219 3.823974e-219 5.000000 77
67623681302083591019324324183810465102211794381596334107167893020074045145873668181378283898441561165704485203345408.000000 1.849448e-220 1.529805e-220 5.000000 77
338118406510417955096621620919052325511058971907981670535839465100370225729368340906891419492207805828522426016727040.000000 7.397864e-222 6.119281e-222 5.000000 77
1690592032552089775483108104595261627555294859539908352679197325501851128646841704534457097461039029142612130083635200.000000 2.959152e-223 2.447718e-223 5.000000 77
8452960162760448877415540522976308137776474297699541763395986627509255643234208522672285487305195145713060650418176000.000000 1.183448e-224 9.789114e-225 5.000000 77
42264800813802247746694815881587856525045792341164125999448178989520580566154694059049234206767393799881543159501553664.000000 4.733322e-226 3.915256e-226 5.000000 77
211324004069011229774495110696722440395459839432043517510658906009004763230817066440078686313193187475897742711079305216.000000 1.893751e-227 1.566452e-227 5.000000 77
1056620020345056148872475553483612201977299197160217587553294530045023816154085332200393431565965937379488713555396526080.000000 7.576074e-229 6.266690e-229 5.000000 77
5283100101725280170987723769900183107181272160279352738625225358154838146373216814271248135708627669392805290245560991744.000000 3.030276e-230 2.506549e-230 5.000000 77
26415500508626400854938618849500915535906360801396763693126126790774190731866084071356240678543138346964026451227804958720.000000 1.212181e-231 1.002678e-231 5.000000 77
132077502543132004274693094247504577679531804006983818465630633953870953659330420356781203392715691734820132256139024793600.000000 4.847884e-233 4.010018e-233 5.000000 77
660387512715660058069443327078667074170793344868310145073192996461852748098073531974672034379335387794397511042706108841984.000000 1.939083e-234 1.603949e-234 5.000000 77
3301937563578300290347216635393335370853966724341550725365964982309263740490367659873360171896676938971987555213530544209920.000000 7.757535e-236 6.416790e-236 5.000000 77
16509687817891500864600437483508369881899684424373496782909187684466351025629095416314544580831273828935188179875476963065856.000000 3.103539e-237 2.567149e-237 5.000000 77
82548439089457501974459604643708621520017825332530456538863389514011884420854505549363697789547925680976942514608681783394304.000000 1.241233e-238 1.026709e-238 5.000000 77
412742195447287528660638685409208930715933900977348501699777338836618387762600300004490689864607176114476699651193033172451328.000000 4.964631e-240 4.106587e-240 5.000000 77
2063710977236437793609918724571371238506427699404312260542569824315563664079623678083831056657976262249119394881162159906095104.000000 1.985489e-241 1.642335e-241 5.000000 77
10318554886182189569276494812958162532239171275091840310887581642107705221464607102664665712629642837952540560906598775705829376.000000 7.942713e-243 6.569964e-243 5.000000 77
51592774430910945441474869304385587302367725263178085521738978128418978503057080664341286845789168082934928458529841973827731456.000000 3.177013e-244 2.627926e-244 5.000000 77
257963872154554717587743927480307035076526101866765963477899170313616702098221583925778267359509655987363544908636602250332995584.000000 1.270701e-245 1.051084e-245 5.000000 77
1289819360772773587938719637401535175382630509333829817389495851568083510491107919628891336797548279936817724543183011251664977920.000000 5.083188e-247 4.204654e-247 5.000000 77
6449096803863868247521771596339544722843153329041131939132942308351719645801581818814158023809699301358043739004318500060106063872.000000 2.033326e-248 1.681904e-248 5.000000 77
32245484019319342468921551619025198997935769774693591104406563743803806602392077976749595478336328113486039160175206275507655016448.000000 8.132009e-250 6.726544e-250 5.000000 77
161227420096596717269858532644435896524558861391419681157000227527199866505497065414463198828832966994213477661490486478366773870592.000000 3.253122e-251 2.690881e-251 5.000000 77
806137100482983625751298859616658694901834407100712210864740408101446000475778731318037765641375446385333643192368073198461859659776.000000 1.301460e-252 1.076527e-252 5.000000 77
4030685502414917813540444726927459776276851234354650613685787876783656658792546422624414656229192340612538176882515239539285375844352.000000 5.203868e-254 4.304477e-254 5.000000 77
20153427512074589067702223634637298881384256171773253068428939383918283293962732113122073281145961703062690884412576197696426879221760.000000 2.082672e-255 1.722721e-255 5.000000 77
100767137560372937773325928465446485649345581631292414766834756990225656223741326950431786278265371123774333484159077953609560257200128.000000 8.328777e-257 6.889304e-257 5.000000 77
503835687801864709040456814881205784933596439429992342035000291429436975108232857725968478397898688662975989921872197861041332323090432.000000 3.331947e-258 2.756082e-258 5.000000 77
2519178439009323464506975384190135497920508072055840637371695431233950099583059396734604203963206111138462659605053756933232537467092992.000000 1.332696e-259 1.102364e-259 5.000000 77
12595892195046616676972407399223530075622747359526234604432028948863872290250457848511115515605731898280974977990810925690369694148591616.000000 5.329350e-261 4.408272e-261 5.000000 77
62979460975233083384862036996117650378113736797631173022160144744319361451252289242555577578028659491404874889954054628451848470742958080.000000 2.132210e-262 1.763697e-262 5.000000 77
314897304876165427253309697328222610514245372000203362429623895038490858578898872375368375957508075975605787570321598885871930244704763904.000000 8.528250e-264 7.054302e-264 5.000000 77
1574486524380827218898544585422187921560640364097396790698704845727606703475593771177565784326458608026680242816018600378261154351443607552.000000 3.411195e-265 2.821634e-265 5.000000 77
7872432621904135433436754136862340655887893787715944125088841264356814232729173581482037685320947214944190774364808154300093746733859733504.000000 1.364111e-266 1.128350e-266 5.000000 77
39362163109520679811407645845306099087100701069663879939062938178908948302241049005033353371850119375477795630685180161865316833762731884544.000000 5.458987e-268 4.515503e-268 5.000000 77
196810815547603388480142728582552912204858576823982762440839763466045232956824520634674107078269063674361611117981343247867191768439926554624.000000 2.183383e-269 1.806026e-269 5.000000 77
984054077738016857785549637760943895179133455925220714168399397902230096349076808049429257143493052747589119306350255747660819639209769828352.000000 8.734926e-271 7.225256e-271 5.000000 77
4920270388690084627388404209412002139276304992404875962985194667223134755485567220742911398708874326234821341665977120705004655008008300920832.000000 3.493442e-272 2.889665e-272 5.000000 77
24601351943450421783099396964630880042858974110909290246353182625267736682467103381731496541578735381186603727792982235658221047792203697487872.000000 1.397255e-273 1.155765e-273 5.000000 77
123006759717252098084755992163721354986114463745625734683183587439555186652649655132792999092168586906032994794669684235356687420978316030509056.000000 5.589046e-275 4.623084e-275 5.000000 77
615033798586260447100815990180874594017850691492445807221588634450641946224504828560507060997942574530564878596167513405045765832960770324824064.000000 2.236329e-276 1.849821e-276 5.000000 77
3075168992931302408795935833455301693740139966404960500885260383241745679277497931216367042841314312651224774489561198112179514252527090935005184.000000 8.943008e-278 7.397376e-278 5.000000 77
15375844964656511350812255637072793574097153796253876645317033072254584603767594502426508262800165803262522346412911466213094830911742497431486464.000000 3.576870e-279 2.958675e-279 5.000000 77
76879224823282556754061278185363967870485768981269383226585165361272923018837972512132541314000829016312611732064557331065474154558712487157432320.000000 1.430954e-280 1.183641e-280 5.000000 77
384396124116412794860985167410079277666085581478681729878674128309630915776108185019147937792506637241460683076881099044892214618407849751683792896.000000 5.722827e-282 4.733743e-282 5.000000 77
1921980620582063929942210731117358635075800961104069394410377435535089376152867635261798764072523217567712917718172245666201697709582099494832439296.000000 2.289835e-283 1.894080e-283 5.000000 77
9609903102910320004612774503051095201416020375835061011915832825779968502585724494980521219482695836955288569920727224797083491607567691582854397952.000000 9.154311e-285 7.572162e-285 5.000000 77
48049515514551597183850105735541059798783977316657592740667598944063669538357531925530386904452841191842650998964708152256817433560580905044734377984.000000 3.662691e-286 3.029664e-286 5.000000 77
240247577572757974562395461558847634160735388333217114427691733980973655793503297430163057750421653987478087592267828874369687069893874313745521442816.000000 1.465074e-287 1.211863e-287 5.000000 77
1201237887863789918239397576269668830136414934666368969241043712862247046560653935940770795839478477824331107571561991919506035741105492414640209002496.000000 5.861559e-289 4.848497e-289 5.000000 77
6006189439318949409487306807446621513351122701330711257794878392481720162430719884544031950847911557573892859416918569406899777138982978689550637858816.000000 2.344999e-290 1.939709e-290 5.000000 77
30030947196594747047436534037233107566755613506653556288974391962408600812153599422720159754239557787869464297084592847034498885694914893447753189294080.000000 9.378924e-292 7.757951e-292 5.000000 77
150154735982973729422472875821310413439187604429231506615741074313498521808846403668486493864014402329818915775314439749072321578345150998961952917553152.000000 3.752479e-293 3.103932e-293 5.000000 77
750773679914868693630042734025393062352661726978447731711752455555848467059604765903346908577539104525321824557440394634162990692761142741024268819103744.000000 1.500167e-294 1.240891e-294 5.000000 77
3753868399574343840291640509477693273017098273550560247623138949686089199421005810004050056947432265636427088234147540281226015872088815674837377946222592.000000 6.001369e-296 4.964145e-296 5.000000 77
18769341997871720690023909904791378210100649922386087594373201436057833453596956971969512340976108300221407302958519969847774328993576486253051025133928448.000000 2.401075e-297 1.986094e-297 5.000000 77
93846709989358597495856720094345243670442615393397292546835980429779617442017073172050513479924753612949949067641470775472294646435352799749798584058380288.000000 9.601532e-299 7.942088e-299 5.000000 77
469233549946792963662232282753279628831970540092853881034059795146859887906214519109064374499800616512121395549602837582295165238046645472687166753846853632.000000 3.841492e-300 3.177562e-300 5.000000 77
2346167749733964723042956142892611786078882552967739078369818547726146642315589208540569100899710476350093578593596122731210594213712753259188529103454076928.000000 1.536356e-301 1.270825e-301 5.000000 77
11730838748669823234141959630967913498070532174852574084647171026598122022716012494683834418101381956908414296350308352934992043162481869878953426854149619712.000000 6.146841e-303 5.084474e-303 5.000000 77
58654193743349111597835945152897822302466093794429414736812794588599275847236859897191039053740864686437428322339474636022229080939426592390896510313298919424.000000 2.458098e-304 2.033262e-304 5.000000 77
293270968716745582377840275108178419181058826731258837344986962513083495323348046559171904798123230622078571795228397866259044790686374332641792546006223552512.000000 9.831655e-306 8.132438e-306 5.000000 77
1466354843583727911889201375540892095905294133656294186724934812565417476616740232795859523990616153110392858976141989331295223953431871663208962730031117762560.000000 3.934516e-307 3.254508e-307 5.000000 77
7331774217918639754555291272453974940876297530354365042912057979387784311781011140565031296188432023071095736348958144145659314855073289281543293605673420455936.000000 1.573636e-308 1.301662e-308 5.000000 77
36658871089593200333650731520265990395180102548354978088859361229424496988483535515511025890824970175508530213490776300641762134978677894131704307672509755424768.000000 6.293824e-310 5.206053e-310 5.000000 77
183294355447966001668253657601329951975900512741774890444296806147122484942417677577555129454124850877542651067453881503208810674893389470658521538362548777123840.000000 2.517262e-311 2.082201e-311 5.000000 77
916471777239830083263233495590463313037836078744865790187839454694920045331855418896697378944999137275059728861076715351890400288225896844044023994731591236583424.000000 1.007046e-312 8.329969e-313 5.000000 77
4582358886199150616108074698175819373611403100486972518849478404032753881645322510507278179189995374074889240368869730988375593211153349528890563448108215785488384.000000 4.028471e-314 3.332224e-314 5.000000 77
22911794430995753080540373490879096868057015502434862594247392020163769408226612552536390895949976870374446201844348654941877966055766747644452817240541078927441920.000000 1.611730e-315 1.333173e-315 5.000000 77
114558972154978759009360836407243394470773950895769718798107963922957930081579609449920633376869894345485331935190186339383834893638070048344809895020297087354929152.000000 4.491663e-316 3.320099e-316 75.000000 29
572794860774893743900075933659000253397780741547611840605507850191902314731470420747512598061309551676331467083698476214314734975064240722704415945642218978516402176.000000 2.053944e-315 1.718222e-315 55.000000 29
2863974303874468719500379668295001266988903707738059203027539250959511573657352103737562990306547758381657335418492381071573674875321203613522079728211094892582010880.000000 5.961751e-316 5.598007e-316 75.000000 29
14319871519372343188328072354457272583295806435240401988057440499414459182875339506671090400948419431499525136354442261497032858431597141915453330405381342796844105728.000000 8.996100e-316 4.164002e-316 95.000000 29
71599357596861714304945057824215427909884183762402433831966179475539901172731013485288553802404819715862579518820132732041822228377950204968638379084210187319956733952.000000 7.538642e-316 5.528971e-316 85.000000 29
357996787984308558431162857536509659496662131501615560293262713205440347930489595041907583393325879046232528290484035056662374631649466987974165711879478723285673312256.000000 4.181715e-316 1.448783e-316 95.000000 29
1789983939921542687407314835006008457061240359024904930533768092649128476187124196133256432017043638966519687023487146454937981076325062644918619091064815909915483701248.000000 6.349452e-316 3.131027e-316 95.000000 29
8949919699607713018042576364323882923617920601191833168938658569733349327074325864361156220286875169774026617401703616961194337053936224044784257581993768723525887066112.000000 9.833974e-316 7.754481e-316 95.000000 29
44749598498038561738260899335970139724583353454497633974851837700568402204481268391364773583047631648401558545282661162298007138648168406785450584923326357009217183809536.000000 6.758251e-316 6.182404e-316 85.000000 29
223747992490192808691304496679850698622916767272488169874259188502842011022406341956823867915238158242007792726413305811490035693240842033927252924616631785046085919047680.000000 6.324241e-316 4.298426e-316 95.000000 29
1118739962450963963009674903743670895670433847127364084495101018959849788770663047453535159134908930398793174630645962917259029347287905047112967751403739246628535558733824.000000 0.000000e+00 0.000000e+00 0.000000 3
