0.000000 7.587955e-05 7.354147e-05 25.000000 4
0.000010 6.331889e-04 3.506292e-04 15.000000 3
0.000110 5.788066e-05 4.091787e-05 125.000000 4
0.001110 1.698857e-05 1.597831e-05 125.000000 4
0.011110 5.049683e-06 2.421079e-06 15.000000 7
0.111110 1.049601e-06 4.840350e-07 65.000000 7
1.111110 1.729488e-04 8.631512e-05 35.000000 3
11.111110 3.460238e-05 6.222352e-06 35.000000 3
61.111110 1.149646e-06 2.821324e-07 35.000000 60
311.111110 1.129522e-07 8.215622e-08 35.000000 34
2811.111110 4.302167e-09 2.304060e-09 35.000000 34
27811.111110 2.158391e-11 1.725399e-11 15.000000 35
277811.111110 2.029163e-12 1.848179e-12 15.000000 35
2777811.111110 1.736977e-13 1.314747e-13 55.000000 34
27777811.111110 5.324841e-15 5.290604e-15 65.000000 60
277777811.111110 3.079902e-16 3.059827e-16 65.000000 60
2777777811.111110 2.700970e-17 1.096707e-17 15.000000 35
27777777811.111111 1.204970e-18 9.856055e-19 55.000000 34
277777777811.111084 9.043750e-20 7.055697e-20 55.000000 34
2777777777811.111328 3.382201e-21 3.137099e-21 65.000000 60
27777777777811.109375 6.394366e-22 5.706316e-22 325.000000 45
277777777777811.125000 4.930070e-23 4.673401e-23 325.000000 45
2777777777777811.000000 2.603451e-24 1.995918e-24 15.000000 35
27777777777777812.000000 1.227735e-24 1.218781e-24 15.000000 111
277777777777777824.000000 5.006314e-26 4.969803e-26 15.000000 111
2777777777777777664.000000 2.345902e-26 2.328793e-26 15.000000 111
27777777777777778688.000000 1.690525e-28 1.678196e-28 15.000000 111
277777777777777770496.000000 6.559002e-29 6.511167e-29 15.000000 111
2777777777777777836032.000000 8.414425e-30 8.353058e-30 15.000000 111
27777777777777777311744.000000 2.289834e-30 2.273134e-30 15.000000 111
277777777777777773117440.000000 1.670978e-31 1.658791e-31 15.000000 111
2777777777777777194303488.000000 1.588028e-32 1.576447e-32 15.000000 111
27777777777777776238002176.000000 2.949616e-33 2.928104e-33 15.000000 111
277777777777777728020283392.000000 7.736327e-35 7.679906e-35 15.000000 111
2777777777777777417641787392.000000 2.899470e-35 2.878324e-35 15.000000 111
27777777777777776375441129472.000000 7.152818e-38 7.100654e-38 15.000000 111
277777777777777728570039205888.000000 1.615199e-37 1.603419e-37 15.000000 111
2777777777777777426437880414208.000000 1.700744e-38 1.688340e-38 15.000000 111
27777777777777774264378804142080.000000 1.959345e-39 1.945056e-39 15.000000 111
277777777777777778672585060384768.000000 9.387014e-41 9.318554e-41 15.000000 111
2777777777777777498495474452135936.000000 1.389796e-42 1.379660e-42 15.000000 111
27777777777777778443719258341900288.000000 8.433830e-43 8.372322e-43 15.000000 111
277777777777777756767076472854675456.000000 2.763009e-44 2.742859e-44 15.000000 111
2777777777777777124948906959517515776.000000 1.624245e-44 1.612400e-44 15.000000 111
27777777777777772430080690312586461184.000000 6.139766e-46 6.094989e-46 15.000000 111
277777777777777714856073937386574184448.000000 2.379350e-47 2.361997e-47 15.000000 111
2777777777777776921887148196122771587072.000000 8.397457e-48 8.336214e-48 15.000000 111
27777777777777770427797301575856890576896.000000 1.206974e-48 1.198171e-48 15.000000 111
277777777777777742963599243426702496366592.000000 3.220266e-51 2.993942e-51 65.000000 60
2777777777777777507007244889603292144861184.000000 2.537652e-50 2.519145e-50 15.000000 111
27777777777777776926982507824103333797298176.000000 3.622973e-51 3.596551e-51 15.000000 111
277777777777777749462784449674948939586994176.000000 5.059262e-53 5.022364e-53 15.000000 111
2777777777777777653084169525278164582957842432.000000 4.151884e-54 4.121605e-54 15.000000 111
27777777777777778432317595595125748074633232384.000000 1.870365e-55 1.856725e-55 15.000000 111
277777777777777794464380757777092692719957966848.000000 1.038831e-55 1.031255e-55 15.000000 111
2777777777777778025773445992377608622988584812544.000000 1.234136e-56 1.225136e-56 15.000000 111
27777777777777782204845781874336446928821971582976.000000 1.851344e-57 1.837842e-57 15.000000 111
277777777777777780510082950464743441044249082068992.000000 2.454933e-58 2.437029e-58 15.000000 111
2777777777777777722024079768090192353954549553168384.000000 3.514997e-59 3.489362e-59 15.000000 111
27777777777777775226398804003528114183834905111166976.000000 2.176625e-61 2.160750e-61 15.000000 111
277777777777777794799283905152589074760174980082696192.000000 4.990112e-62 4.953719e-62 15.000000 111
2777777777777778033063430781760506613445401658769014784.000000 7.930529e-64 6.105834e-64 15.000000 35
27777777777777780330634307817605066134454016587690147840.000000 7.538943e-65 7.483961e-65 15.000000 111
277777777777777781528271595235988999688565290243735945216.000000 5.460467e-65 5.420644e-65 15.000000 111
2777777777777778163731859679400876583381250912568007983104.000000 1.932219e-65 1.918127e-65 15.000000 111
27777777777777778849725446977680873141847725044634891583488.000000 6.393007e-67 6.346382e-67 15.000000 111
277777777777777833098744866838055014489913795743071927795712.000000 1.240535e-68 1.154082e-68 85.000000 27
2777777777777778152581487080135565012613391776243827230113792.000000 2.349167e-68 2.332034e-68 15.000000 111
27777777777777779384943331742415828538704963588195567727017984.000000 2.132204e-69 2.116653e-69 15.000000 111
277777777777777839521359484014874479252200658265800041518071808.000000 1.667233e-70 1.655074e-70 15.000000 111
2777777777777778121182037840604447629331100448354934229693366272.000000 2.631970e-71 2.612775e-71 15.000000 111
27777777777777783404072834402398853598838253557973871780832477184.000000 6.473842e-73 6.426628e-73 15.000000 111
277777777777777798964689048082318499099946550388946246065943740416.000000 2.092002e-73 2.076745e-73 15.000000 111
2777777777777778270255204848356545286106953385415802234598485655552.000000 2.279453e-74 2.262829e-74 15.000000 111
27777777777777780457685533543298570500209630801947304154472470544384.000000 4.248728e-76 4.217742e-76 15.000000 111
277777777777777792604233922418228999077510158407682544523325313384448.000000 3.181539e-76 3.158335e-76 15.000000 111
2777777777777778021823310528300343638171790780971149421404448270319616.000000 1.926930e-77 1.912877e-77 15.000000 111
27777777777777780984480875715947865560891421384866086023414043794997248.000000 4.518148e-79 4.485197e-79 15.000000 111
277777777777777822104773084086589522475690431051134329184053415418789888.000000 1.423307e-79 1.412927e-79 15.000000 111
2777777777777778122968016225449008289822694572891555540241230334437359616.000000 4.216011e-81 4.185264e-81 15.000000 111
27777777777777778875767011484484796459805912026040649364029011670360653824.000000 8.362579e-82 8.301591e-82 15.000000 111
277777777777777807588975321004890256105427389883405741947356450095710076928.000000 6.920077e-83 6.869609e-83 15.000000 111
2777777777777777774588869911488225896936381584866069446560503166683444150272.000000 7.549177e-85 6.629210e-85 85.000000 27
27777777777777780156295765503367672282306954360404598248909522341023694454784.000000 4.230896e-85 4.200040e-85 15.000000 111
277777777777777814418462009105598927158766282333346802666719173672579626958848.000000 1.472573e-86 7.932722e-87 15.000000 35
2777777777777778144184620091055989271587662823333468026667191736725796269588480.000000 3.780798e-87 3.753224e-87 15.000000 111
27777777777777781441846200910559892715876628233334680266671917367257962695884800.000000 6.210449e-88 6.165156e-88 15.000000 111
277777777777777814418462009105598927158766282333346802666719173672579626958848000.000000 9.789700e-89 9.718303e-89 15.000000 111
2777777777777778144184620091055989271587662823333468026667191736725796269588480000.000000 1.753237e-89 1.740450e-89 15.000000 111
27777777777777783126842867607474879882565071172061597368993443776043742764860440576.000000 1.284718e-90 1.275349e-90 15.000000 111
277777777777777871708348676800708490826173342250061984145651071571296149304019779584.000000 4.792269e-92 4.757319e-92 15.000000 111
2777777777777778824923273436609644086929793770579142536005088405875251417454638792704.000000 2.759426e-92 2.739302e-92 15.000000 111
27777777777777787386514441017275967439953454921163243803662262537454194779230859952128.000000 1.982522e-93 1.968063e-93 15.000000 111
277777777777777901472129797335014824138557998319734247841058514056088168442405494718464.000000 1.499079e-94 1.488146e-94 15.000000 111
2777777777777779235577181070648189439297767576062156956846072250013251449624830108762112.000000 1.705195e-95 1.692759e-95 15.000000 111
27777777777777790588924745928097564809680175017703053740976825624513556374642099795001344.000000 6.808828e-97 6.759171e-97 15.000000 111
277777777777777912956635718394512966429991753148704600719703843747611396232845803120492544.000000 1.494358e-97 1.483460e-97 15.000000 111
2777777777777778903409932892311935477637837436393475981279099637396887322762864265749594112.000000 2.395991e-98 2.378517e-98 15.000000 111
27777777777777792652602117589250461762971655885431880227478017175236499460678142904781242368.000000 1.824777e-99 1.811469e-99 15.000000 111
277777777777777912052010021227980189683343432768330320616032088547294489674583428058671218688.000000 1.297214e-100 1.287754e-100 15.000000 111
2777777777777779583688457161544583591117374362434934619240259548035201054576170312239230746624.000000 1.204467e-101 1.195683e-101 15.000000 111
27777777777777793984211143818386709134037983485342820540082840830102985914440358995782233227264.000000 1.365847e-103 1.274581e-103 325.000000 45
277777777777777969484886282936813119774551997077532615837944482705014253245545095983583520096256.000000 4.238967e-104 4.208052e-104 15.000000 111
2777777777777779457706664071344562970272142672982490874882516231818267379646318911629745698373632.000000 1.183109e-104 1.174480e-104 15.000000 111
27777777777777794577066640713445629702721426729824908748825162318182673796463189116297456983736320.000000 1.618008e-106 1.606208e-106 15.000000 111
277777777777777930593565686620947930468918120239507629344448193086986728184847440077784841671671808.000000 7.876725e-107 7.819280e-107 15.000000 111
2777777777777779548769268394425613169621919555334939623745336812387307438325025618140884067367780352.000000 6.435090e-108 6.388159e-108 15.000000 111
27777777777777793545023791718527060776757288729830489595046529071733553131437846442504555468469305344.000000 8.096660e-109 8.037611e-109 15.000000 111
277777777777777950991589054991103175123268141886456149089720003134451701328877742336279836326361038848.000000 1.297139e-109 1.287679e-109 15.000000 111
2777777777777779385585081447464371212387119382159351465783162332007587653172783200072924110130266505216.000000 7.261076e-111 7.208121e-111 15.000000 111
27777777777777796839790232933363565056164682702518555260568528104162181174511693359686223176502918250496.000000 1.178462e-111 1.169868e-111 15.000000 111
277777777777777976355074111890221925047762797374318994212983693799185290792540563887414183965563191033856.000000 7.580261e-113 7.524978e-113 15.000000 111
2777777777777779954522863900260289838144411262122392540704998844173376405063572765847388692468448115032064.000000 3.370827e-113 3.346243e-113 15.000000 111
27777777777777795471156686333630725844552735802467603304113201109861262778354828949711287398011068783525888.000000 1.394222e-114 1.384054e-114 15.000000 111
277777777777777946563422957998362913371744604387163388835258436434867625238986492079587674926763863101669376.000000 1.744448e-116 1.730667e-116 325.000000 45
2777777777777779465634229579983629133717446043871633888352584364348676252389864920795876749267638631016693760.000000 4.012504e-117 3.983240e-117 15.000000 111
27777777777777798828191975332863796014951230301122812716933113871324203826714289485731669407989960573764763648.000000 1.753287e-118 1.740500e-118 15.000000 111
277777777777777954907122317064417922727298144111976336502072976890542507844617772635133478757391011628865028096.000000 1.024454e-118 1.016982e-118 15.000000 111
2777777777777779482321628298115739152428553123321259783686213445260026017601127481906968356928892928071085064192.000000 2.596961e-119 2.578021e-119 15.000000 111
27777777777777790551242211139337226734242118894108368631453089739294720281928059174630232008007829234786676768768.000000 2.600661e-120 2.581694e-120 15.000000 111
277777777777777922600318398760652926502594838297500603136167076246169362395613454324060126325202692531563463180288.000000 1.583877e-121 1.572326e-121 15.000000 111
2777777777777779157651598838137406628385253785549338364075126047048804985650803092929570038271529324580847849832448.000000 2.461547e-122 2.443595e-122 15.000000 111
27777777777777793763766713164385990656354764973114748993920691363700486282278637339248699582091216469321655521378304.000000 1.829229e-123 1.815889e-123 15.000000 111
277777777777777920139661333379764511583529832790176567113851466491305371416621522112863002225904778905111139029352448.000000 4.292910e-125 4.261602e-125 15.000000 111
2777777777777778991420543754628500376075084524610114597234249299164659817292237005773142099118959159593846396080357376.000000 1.064488e-125 1.056725e-125 15.000000 111
27777777777777792153950179724089214318193125814545424093987990226296133072911471021523292171350536976815957232410689536.000000 8.896538e-127 8.831655e-127 15.000000 111
277777777777777939457459734663325827641469502693008465913043880140157609929027517925567891154792932815179518496963821568.000000 1.363372e-128 1.353429e-128 15.000000 111
2777777777777779537918260846012727752091000983310518458915750624419146332889577640938358667078229832527954754352493625344.000000 2.189534e-129 2.023071e-129 325.000000 45
27777777777777791938934684475020010104678666879974773394310022491769777722512517328999272538055086220251717878336406421504.000000 1.222598e-129 1.213681e-129 15.000000 111
277777777777777946911330236631058240376637412424791023501880094937071262076191245933067238442368559042739816104872302870528.000000 7.000509e-131 6.949454e-131 15.000000 111
2777777777777779395721346654628294032220105474581128129528721295985716661159069598949140349592171732186804461524701058957312.000000 9.457014e-132 9.388044e-132 15.000000 111
27777777777777789260128300998616484543239861167137226543922115143217425197008752925073353266704830394470047845709604525703168.000000 1.933544e-132 1.919443e-132 15.000000 111
277777777777777911389623672176830668548243385986068484444681542698733217628415301508405733583915851654292465535245669512511488.000000 2.161116e-133 2.145355e-133 15.000000 111
2777777777777779189049599370530969977945812957119469720468656992053568038917464104114746139506628707381292603665055192147034112.000000 3.198805e-134 3.175476e-134 15.000000 111
27777777777777789485588388944904474420629998458913581171987639838416132784908686192165419677707240966985151690647400016768925696.000000 7.409299e-136 7.355263e-136 15.000000 111
277777777777777914095144727532286547076925033487384739981467839041117708683214500713510530515944778524473711674499215405300580352.000000 2.451017e-136 2.433141e-136 15.000000 111
2777777777777778833123273865990996624839249552501864547629215339899874993486102786465403965337489883570782000456588710251224629248.000000 2.309656e-138 2.292812e-138 15.000000 111
27777777777777789562545432297237441632112498654506576885034005601043958308245196747332845012662730442403640469719500877719370989568.000000 6.524173e-139 6.476592e-139 15.000000 111
277777777777777915326457421169614022460645036616872671390209691243162917056598669596189335875232610131169532139652829180507705049088.000000 6.931007e-140 6.880458e-140 15.000000 111
2777777777777779310872598997274057073722610766743181934221053994293415842359160312944780444741168546968760340936190855031589011718144.000000 1.693343e-140 1.680993e-140 15.000000 111
27777777777777791847861791688117235944296824462836177579658883288039865049246214193584707759500945904431083253044608044503794427363328.000000 1.085203e-141 1.077288e-141 15.000000 111
277777777777777888217877158050212324412665447718066373495349073162935609508172807475132757085151709478154348778830868305547647717998592.000000 9.501304e-143 9.432010e-143 15.000000 111
2777777777777779124264697651149803524369076852463026953363408809369060422956042750437042134930379091310795357801230380171398849625063424.000000 1.355639e-143 1.345752e-143 15.000000 111
27777777777777791888209446033225182657670561525383238116060536300996482437225266639532326853514089570519291898046761660689781489437507584.000000 5.351889e-145 5.312857e-145 15.000000 111
277777777777777887895095923289348750705675551217689889204135849059282670404340387907551804333046560149448679618813639376059751221405155328.000000 3.140664e-146 3.117759e-146 15.000000 111
2777777777777779044214951430455637245035582520369658849142529231663131525205602697676965852408302057791789406116957605658400518469891129344.000000 3.653162e-147 3.626519e-147 15.000000 111
27777777777777791764261451885053570354186441269238668148234658245193753821353617525581240996705712228296314940600145751766429234745627901952.000000 8.065429e-148 8.006607e-148 15.000000 111
277777777777777928219510019494513286772509341216723318736821509880437046767916899646305069748038655485990516441446015079123684747830011887616.000000 7.106476e-149 7.054648e-149 15.000000 111
2777777777777779197579936189793312201879933983972540089332415679376374399244123201339109419232534289235686228130903690299561708275310255931392.000000 8.060357e-151 6.986013e-151 15.000000 35
27777777777777789268114113733074860711754238137495221756178575372067869802519766569424973288394070392381856320235230167262012628257426945081344.000000 3.856100e-151 3.827978e-151 15.000000 111
277777777777777914342623122649614697573903194992793650658950405094245691544569389245978700115390883923618610890942755558488961918539674364674048.000000 9.698635e-152 9.627903e-152 15.000000 111
2777777777777779403364015050322540061215361713342033703755479867425260837678154575080534607931310999233786681172513002215315646816981602613067776.000000 9.437770e-153 9.368940e-153 15.000000 111
27777777777777791954137879912614255928342979026107559460226992142390176998921860289839365225093892712357062233620446449109748247117137154400059392.000000 5.746492e-154 5.704583e-154 15.000000 111
277777777777777963904093905059180312538056736550414849585263127436966972716891892732334577140948895763161120002437714049356857853628520807587119104.000000 2.115065e-154 2.099640e-154 15.000000 111
2777777777777779372864648414993576605852805687768112965954672038291278510802879188319700222069429145794068214026977643144012326241542312494352039936.000000 3.715468e-155 3.688371e-155 15.000000 111
27777777777777793018843042455007162006454025737051701579818829086703741864386019245853947422454131959707234177610044438507973256296108736726135996416.000000 1.009656e-156 1.002293e-156 15.000000 111
277777777777777918831575357431213955231355759120446166522542030127692726745575830261050597452698767625337174373544732498165332465052057155783209517056.000000 1.605772e-157 1.594061e-157 15.000000 111
2777777777777778915751231963459555596317129633202761282609910043532654661896933609870772932002766428931727726074110239695707722300703846482356484440064.000000 1.026186e-158 1.018702e-158 15.000000 111
27777777777777791338028492521416227611142719996041215887023182497280727463439933640625593660221434267890429402031799079244642041805572265427369730244608.000000 1.245810e-159 1.236724e-159 15.000000 111
277777777777777948268543691403293022478969978584629807845017137964074168145928897076941766045314662336074728280969137709047457518832263463934575475949568.000000 7.114971e-161 7.063081e-161 15.000000 111
2777777777777779203579366784519884253849357556852556886651888875710606533367052485403931024908344066103383808724482201757666278382110308162058729371467776.000000 5.722710e-162 5.680974e-162 15.000000 111
27777777777777790547227960487795930693478417013892282510261382069478677877178596932090048192844493688994566225457039749135018534187970673741723158311862272.000000 2.122357e-162 2.106879e-162 15.000000 111
277777777777777953106382240314852485975269243887187988502854034698863177379527662823276867728091239995202361831779430081482801330139943789540883916008718336.000000 1.568779e-163 1.557338e-163 15.000000 111
2777777777777779340527411861400952143590752143878819231427579490972326179364309854223263134082327187530996820008958170454297549348358489686914229828526800896.000000 2.090121e-164 2.074878e-164 15.000000 111
27777777777777793405274118614009521435907521438788192314275794909723261793643098542232631340823271875309968200089581704542975493483584896869142298285268008960.000000 2.378657e-165 2.361309e-165 15.000000 111
277777777777777909664080636796405906690346856628770159481834959527145501849267238349109603878813811563208251817364792359281855548846607598004112988412951134208.000000 1.842056e-167 1.828621e-167 15.000000 111
2777777777777779096640806367964059066903468566287701594818349595271455018492672383491096038788138115632082518173647923592818555488466075980041129884129511342080.000000 7.370365e-168 7.316613e-168 15.000000 111
27777777777777794088156613995632822050631915456043321696781638617685701044083683460282699207647001276626928245228450395755116676291283655248386978129580419710976.000000 4.828396e-169 4.793183e-169 15.000000 111
277777777777777915907577737428390369453541316215102770979031244857087803567581157599853081518345051803820457944348734678935717791659853388900064346989521746788352.000000 2.213390e-170 2.197248e-170 15.000000 111
2777777777777779558659591814730909311379858575676314845610874709687185345647902408046113384113449893437385771570459655247204361456646264506341530418795736673026048.000000 1.297327e-170 1.287865e-170 15.000000 111
27777777777777792389925402623733048179043022448560851369544249007941394976702297424080473289694503931180408178688818084809266146246080800124688208596753213089120256.000000 6.484287e-172 6.436997e-172 15.000000 111
277777777777777943079277119378786751398963604334822296214829478612996700645683334179088696205585009330964779008982851654069326272383099070879244659514757052738043904.000000 7.361135e-173 7.307450e-173 15.000000 111
2777777777777779021618945206770133762340923939898328935068039030746868321045412329774162411471530732900886249351808872679857746778822114556635378359473438861314490368.000000 2.981907e-173 2.960160e-173 15.000000 111
27777777777777789397841800093665870120111815192083501296519878796702485839631281273708175013546668608191339412042049439076906435898203393262039647123386125281013006336.000000 9.149352e-175 9.082626e-175 15.000000 111
277777777777777887431636785144374961174738758265636708531914695880895279429730076544814157326117576315373209468612180088995696103861891914185883379463075146153074884608.000000 9.669592e-177 9.599071e-177 15.000000 111
2777777777777779083813366756796829292591528179622712827184237905565099321227948323600704543160347275683018003543987858546704745202463463731763252731295906874556514566144.000000 2.174772e-176 2.158911e-176 15.000000 111
27777777777777789162157676325143655479162157020496362336921651481601820996834302770786541672410100656595892764576950124213065178713878280598397175819637825441359019900928.000000 6.700694e-178 6.651825e-178 15.000000 111
277777777777777878213768833308839455217596571999117495889850694223624832244781583986101386650554029764084629478866073552098793600652731952230088946249808307979941192925184.000000 9.729013e-179 9.658059e-179 15.000000 111
2777777777777779103925078651710724941952565676931482018403286636453689387813290489183350588270667740885829450794343000081752532482192540012394076949215761794206988075270144.000000 2.861217e-179 2.840350e-179 15.000000 111
27777777777777788464951663968128606301312857113792363707994628810797365355209107697254812108585657862898429259897971884331408553016603636203195269598416188226809271584555008.000000 2.743734e-180 2.723723e-180 15.000000 111
277777777777777918973504940334334637922632566544889723427122788824500700524408372900264038074136839241782495906252493729795642487570326547641892694567380945138234171420835840.000000 1.617759e-181 1.605961e-181 15.000000 111
2777777777777778970061524279163835499805500094844314281649298283659233904621253035065258512016374724495916457895979178024474460348315808288515310954741207449013436398526529536.000000 9.011473e-183 8.945751e-183 15.000000 111
27777777777777789700615242791638354998055000948443142816492982836592339046212530350652585120163747244959164578959791780244744603483158082885153109547412074490134363985265295360.000000 1.130243e-184 8.261090e-185 15.000000 35
277777777777777911065258035863872246263482846003124737132733323059412868901986467918518290800037067196593789864256846395950291764584378088877362518893807273052953580056290000896.000000 4.654483e-185 4.620537e-185 15.000000 111
2777777777777778773234045767898993751844440383582607956100049357950381206463196733297364357638780398037886440850754177715434620131776646648153671026865596054890897235675610873856.000000 1.025533e-185 1.018054e-185 15.000000 111
27777777777777790431688734404907767204767508447415194882818764560653791925085310900076191979280526171803276070842056067106892581430303540406496343565235773954018080875854421819392.000000 2.064642e-187 8.637402e-188 15.000000 35
277777777777777882722101130241735034557090247581439026253641477757338080367226360463941532569663484186637467409744446351448554773402738812665286369279719232299307940605757713547264.000000 4.092560e-188 4.062713e-188 15.000000 111
2777777777777779287909783863640659945370045662858932610793399691689644033189634240091583586456992762536140931135868235666386796606567048743179307775413480477465033926650355901267968.000000 5.712214e-189 5.670555e-189 15.000000 111
27777777777777791036342748391513361054503883880411156714906057260431387413826859859107162821528495942682344283204987268056262970575511844965687301423669652156762521184132443949498368.000000 1.320375e-189 1.310745e-189 15.000000 111
277777777777777939847508927833425424932184002774962277437507607107754720827380319260010396903947866349688483282508994098284309633597656729114565435524138963453830301159262280505884672.000000 1.944018e-191 1.640215e-191 15.000000 35
2777777777777779398475089278334254249321840027749622774375076071077547208273803192600103969039478663496884832825089940982843096335976567291145654355241389634538303011592622805058846720.000000 3.759126e-192 3.731711e-192 15.000000 111
27777777777777793984750892783342542493218400277496227743750760710775472082738031926001039690394786634968848328250899409828430963359765672911456543552413896345383030115926228050588467200.000000 5.200365e-193 5.162438e-193 15.000000 111
277777777777777939847508927833425424932184002774962277437507607107754720827380319260010396903947866349688483282508994098284309633597656729114565435524138963453830301159262280505884672000.000000 1.508313e-193 1.497312e-193 15.000000 111
2777777777777778915407898901176961162402853661251204737009159857773172376119396761160211182844425596472664010084767695674891092398204420120510821724867932666674718828207529217936244867072.000000 4.586497e-195 4.553048e-195 15.000000 111
27777777777777793018616512029027956319380427544499391669018928284166722418429219063121254118004680500920406682770254919212526955484221378570186878291666982409655861749156040876343263494144.000000 1.952136e-196 1.937899e-196 15.000000 111
277777777777777914728015028221246184412396711717044539494479964015927229555351184825135972021805106864429000500012237342270805428833505076241554138744719201124923923623237413975509375647744.000000 4.781783e-197 4.746910e-197 15.000000 111
2777777777777779023614949545660194813872706607346850377379125089553352338521983801802747166952117483486089474378599878623872341280265381086733024234071587027476161685285790181451707682127872.000000 1.567938e-197 1.556503e-197 15.000000 111
27777777777777791225471101349020084380737150152057263914316647300380883041472062389616372095648643516126498988758178744629409116867211168272790379567720710144946237260430573480944165416075264.000000 3.010794e-198 2.988836e-198 15.000000 111
277777777777777943913002402047581203551694192035412963639979157958924339414791803787008534592565432961764325726691546114796033698737947119702628186941361977295370225646631228135108489194242048.000000 1.132714e-200 1.128481e-200 325.000000 45
2777777777777779312496858466246290596539651158294768338412540839768781358147633318306706091381338338415645913910476426473952566867116129449127384304357000269570070844297010308048417551808462848.000000 3.676473e-201 3.649660e-201 15.000000 111
27777777777777791098837935794790562941759859389997902616329396560560421005471777670052992841104327524924501645401739709955401346746947826524891482002664090641562605848261271507641498075941306368.000000 5.986331e-202 5.942673e-202 15.000000 111
277777777777777886674811571535837513133958767584581656949741823560075499142663110544361111538534604938461526529581102442144521604378916649652326487535769961765968827346106736202302851453693198336.000000 1.123487e-202 1.115293e-202 15.000000 111
2777777777777778737075754187827345177826841935497030600358473478024601866562339552610710758731966474393769985698817452915261259440639504546674793768739721246194849707399702141361097158239759368192.000000 2.481859e-204 2.463759e-204 15.000000 111
27777777777777784258620865217528732893962521586599442744250060598418343668880398258117499027638554944157413146660328813004197635930803158670384631128565731546792371488524256117724619031265450917888.000000 2.121042e-204 2.105573e-204 15.000000 111
277777777777777867483302065461245080014072398012961333517177999438804836662747960725091858753834427839816425149226053859229296027112766681074752763756309162789172719569024683544337010721711651291136.000000 5.119040e-206 5.081707e-206 15.000000 111
2777777777777778874009767960900112808736301437305348583769199142025019566419031432402253535357935305584102600953242664425791517613565547565714779257328306406461719233160503814380096670489573649809408.000000 2.618558e-206 2.599461e-206 15.000000 111
27777777777777784490993737074864338570657361953304467200947049603994810068637208720794056466761411142541007887698141293143279286163647352884513091351625148788457362198906222593150800021749984244269056.000000 2.972855e-208 2.704237e-208 325.000000 45
127777777777777781464305958325900504518107689498806829849188800554341658504191284254990394871467663010568520303672023701325415020531925837523898132398865026659480953265696204404332613327917113099157504.000000 7.177653e-208 7.125306e-208 15.000000 111
227777777777777761441202409440389512398735407365313117950450784239666964557532937376272817728902147225395960232308764705049007195012171831072744368559473243425865223801690924012913759901501232938745856.000000 4.245148e-208 4.214188e-208 15.000000 111
327777777777777724421683090418331362212540515552823331504733000659970728228662168084641325039064863787023327673608364304314055809604385333531051799833449799087610173806890381418894239742502343763034112.000000 1.559674e-207 1.548299e-207 15.000000 111
427777777777777687402163771396273212026345623740333545059015217080274491899791398793009832349227580348650695114907963903579104424196598835989359231107426354749355123812089838824874719583503454587322368.000000 1.030573e-207 1.023057e-207 15.000000 111
527777777777777650382644452374215061840150731927843758613297433500578255570920629501378339659390296910278062556207563502844153038788812338447666662381402910411100073817289296230855199424504565411610624.000000 2.470923e-207 2.452903e-207 15.000000 111
627777777777777613363125133352156911653955840115353972167579649920882019242049860209746846969553013471905429997507163102109201653381025840905974093655379466072845023822488753636835679265505676235898880.000000 3.103636e-207 3.081001e-207 15.000000 111
727777777777777576343605814330098761467760948302864185721861866341185782913179090918115354279715730033532797438806762701374250267973239343364281524929356021734589973827688211042816159106506787060187136.000000 7.482925e-208 7.428352e-208 15.000000 111
827777777777777539324086495308040611281566056490374399276144082761489546584308321626483861589878446595160164880106362300639298882565452845822588956203332577396334923832887668448796638947507897884475392.000000 1.454679e-207 1.444070e-207 15.000000 111
927777777777777502304567176285982461095371164677884612830426299181793310255437552334852368900041163156787532321405961899904347497157666348280896387477309133058079873838087125854777118788509008708763648.000000 4.736975e-207 4.702428e-207 15.000000 111
1027777777777777465285047857263924310909176272865394826384708515602097073926566783043220876210203879718414899762705561499169396111749879850739203818751285688719824823843286583260757598629510119533051904.000000 5.246397e-207 5.208135e-207 15.000000 111
1127777777777777428265528538241866160722981381052905039938990732022400837597696013751589383520366596280042267204005161098434444726342093353197511250025262244381569773848486040666738078470511230357340160.000000 1.214306e-207 1.205450e-207 15.000000 111
1227777777777777391246009219219808010536786489240415253493272948442704601268825244459957890830529312841669634645304760697699493340934306855655818681299238800043314723853685498072718558311512341181628416.000000 1.562415e-207 1.551020e-207 15.000000 111
1327777777777777490197816061290127124885172474859894063423393302983180703997653854471637722518866170628897581985301491532632890434630780286838436551666268644542174238105247053099504372013177524128317440.000000 7.025148e-207 6.973913e-207 15.000000 111
1427777777777777589149622903360446239233558460479372873353513657523656806726482464483317554207203028416125529325298222367566287528327253718021054422033298489041033752356808608126290185714842707075006464.000000 8.346926e-207 8.286052e-207 15.000000 111
1527777777777777688101429745430765353581944446098851683283634012064132909455311074494997385895539886203353476665294953202499684622023727149203672292400328333539893266608370163153075999416507890021695488.000000 6.012599e-207 5.968749e-207 15.000000 111
1627777777777777787053236587501084467930330431718330493213754366604609012184139684506677217583876743990581424005291684037433081715720200580386290162767358178038752780859931718179861813118173072968384512.000000 3.462257e-207 3.437007e-207 15.000000 111
1727777777777777886005043429571403582278716417337809303143874721145085114912968294518357049272213601777809371345288414872366478809416674011568908033134388022537612295111493273206647626819838255915073536.000000 4.896560e-207 4.860849e-207 15.000000 111
1827777777777777984956850271641722696627102402957288113073995075685561217641796904530036880960550459565037318685285145707299875903113147442751525903501417867036471809363054828233433440521503438861762560.000000 2.213175e-208 2.116676e-208 15.000000 35
1927777777777778083908657113712041810975488388576766923004115430226037320370625514541716712648887317352265266025281876542233272996809620873934143773868447711535331323614616383260219254223168621808451584.000000 4.918151e-208 4.882283e-208 15.000000 111
2027777777777778182860463955782360925323874374196245732934235784766513423099454124553396544337224175139493213365278607377166670090506094305116761644235477556034190837866177938287005067924833804755140608.000000 3.625278e-208 3.598839e-208 15.000000 111
2127777777777778281812270797852680039672260359815724542864356139306989525828282734565076376025561032926721160705275338212100067184202567736299379514602507400533050352117739493313790881626498987701829632.000000 3.117817e-207 3.095079e-207 15.000000 111
2227777777777778380764077639922999154020646345435203352794476493847465628557111344576756207713897890713949108045272069047033464277899041167481997384969537245031909866369301048340576695328164170648518656.000000 5.243429e-207 5.205189e-207 15.000000 111
2327777777777778479715884481993318268369032331054682162724596848387941731285939954588436039402234748501177055385268799881966861371595514598664615255336567089530769380620862603367362509029829353595207680.000000 8.761113e-208 8.697218e-208 15.000000 111
2427777777777778578667691324063637382717418316674160972654717202928417834014768564600115871090571606288405002725265530716900258465291988029847233125703596934029628894872424158394148322731494536541896704.000000 3.698528e-208 3.273313e-208 325.000000 45
2527777777777778677619498166133956497065804302293639782584837557468893936743597174611795702778908464075632950065262261551833655558988461461029850996070626778528488409123985713420934136433159719488585728.000000 6.269627e-208 6.223903e-208 15.000000 111
2627777777777778776571305008204275611414190287913118592514957912009370039472425784623475534467245321862860897405258992386767052652684934892212468866437656623027347923375547268447719950134824902435274752.000000 1.137926e-207 1.129627e-207 15.000000 111
2727777777777778875523111850274594725762576273532597402445078266549846142201254394635155366155582179650088844745255723221700449746381408323395086736804686467526207437627108823474505763836490085381963776.000000 8.966771e-208 8.901376e-208 15.000000 111
2827777777777778974474918692344913840110962259152076212375198621090322244930083004646835197843919037437316792085252454056633846840077881754577704607171716312025066951878670378501291577538155268328652800.000000 4.046971e-207 4.017457e-207 15.000000 111
2927777777777779073426725534415232954459348244771555022305318975630798347658911614658515029532255895224544739425249184891567243933774355185760322477538746156523926466130231933528077391239820451275341824.000000 4.836600e-208 4.801326e-208 15.000000 111
3027777777777779172378532376485552068807734230391033832235439330171274450387740224670194861220592753011772686765245915726500641027470828616942940347905776001022785980381793488554863204941485634222030848.000000 4.935044e-207 4.899052e-207 15.000000 111
3127777777777779271330339218555871183156120216010512642165559684711750553116568834681874692908929610799000634105242646561434038121167302048125558218272805845521645494633355043581649018643150817168719872.000000 3.219569e-207 3.196089e-207 15.000000 111
3227777777777779370282146060626190297504506201629991452095680039252226655845397444693554524597266468586228581445239377396367435214863775479308176088639835690020505008884916598608434832344816000115408896.000000 5.195793e-207 5.157900e-207 15.000000 111
3327777777777779469233952902696509411852892187249470262025800393792702758574226054705234356285603326373456528785236108231300832308560248910490793959006865534519364523136478153635220646046481183062097920.000000 3.044256e-207 3.022054e-207 15.000000 111
3427777777777779568185759744766828526201278172868949071955920748333178861303054664716914187973940184160684476125232839066234229402256722341673411829373895379018224037388039708662006459748146366008786944.000000 3.439890e-207 3.414803e-207 15.000000 111
3527777777777779667137566586837147640549664158488427881886041102873654964031883274728594019662277041947912423465229569901167626495953195772856029699740925223517083551639601263688792273449811548955475968.000000 2.057232e-208 2.042228e-208 15.000000 111
3627777777777779766089373428907466754898050144107906691816161457414131066760711884740273851350613899735140370805226300736101023589649669204038647570107955068015943065891162818715578087151476731902164992.000000 5.812275e-208 5.769886e-208 15.000000 111
3727777777777779865041180270977785869246436129727385501746281811954607169489540494751953683038950757522368318145223031571034420683346142635221265440474984912514802580142724373742363900853141914848854016.000000 2.183295e-208 2.070209e-208 85.000000 27
3827777777777779963992987113048104983594822115346864311676402166495083272218369104763633514727287615309596265485219762405967817777042616066403883310842014757013662094394285928769149714554807097795543040.000000 1.931619e-207 1.917532e-207 15.000000 111
3927777777777780062944793955118424097943208100966343121606522521035559374947197714775313346415624473096824212825216493240901214870739089497586501181209044601512521608645847483795935528256472280742232064.000000 1.929220e-207 1.915150e-207 15.000000 111
4027777777777780161896600797188743212291594086585821931536642875576035477676026324786993178103961330884052160165213224075834611964435562928769119051576074446011381122897409038822721341958137463688921088.000000 6.088456e-207 6.044053e-207 15.000000 111
4127777777777780260848407639259062326639980072205300741466763230116511580404854934798673009792298188671280107505209954910768009058132036359951736921943104290510240637148970593849507155659802646635610112.000000 7.313529e-207 7.260191e-207 15.000000 111
4227777777777780359800214481329381440988366057824779551396883584656987683133683544810352841480635046458508054845206685745701406151828509791134354792310134135009100151400532148876292969361467829582299136.000000 3.580752e-207 3.554637e-207 15.000000 111
4327777777777780458752021323399700555336752043444258361327003939197463785862512154822032673168971904245736002185203416580634803245524983222316972662677163979507959665652093703903078783063133012528988160.000000 8.652964e-208 8.589857e-208 15.000000 111
4427777777777780557703828165470019669685138029063737171257124293737939888591340764833712504857308762032963949525200147415568200339221456653499590533044193824006819179903655258929864596764798195475677184.000000 2.009261e-208 1.849776e-208 325.000000 54
4527777777777780656655635007540338784033524014683215981187244648278415991320169374845392336545645619820191896865196878250501597432917930084682208403411223668505678694155216813956650410466463378422366208.000000 2.642215e-207 2.622945e-207 15.000000 111
4627777777777780755607441849610657898381910000302694791117365002818892094048997984857072168233982477607419844205193609085434994526614403515864826273778253513004538208406778368983436224168128561369055232.000000 3.676474e-207 3.649662e-207 15.000000 111
4727777777777780854559248691680977012730295985922173601047485357359368196777826594868751999922319335394647791545190339920368391620310876947047444144145283357503397722658339924010222037869793744315744256.000000 6.966116e-208 6.915312e-208 15.000000 111
4827777777777780953511055533751296127078681971541652410977605711899844299506655204880431831610656193181875738885187070755301788714007350378230062014512313202002257236909901479037007851571458927262433280.000000 4.443541e-207 4.411134e-207 15.000000 111
4927777777777781052462862375821615241427067957161131220907726066440320402235483814892111663298993050969103686225183801590235185807703823809412679884879343046501116751161463034063793665273124110209122304.000000 2.957375e-207 2.935807e-207 15.000000 111
5027777777777780607529364573522425297637130433052735645334493868500107148733514907690546197474633343853929313970392007482495188984983257525698055998874159735651518008427576198607358143532133004666208256.000000 5.482386e-207 5.442403e-207 15.000000 111
5127777777777780162595866771223235353847192908944340069761261670559893895231546000488980731650273636738754941715600213374755192162262691241983432112868976424801919265693689363150922621791141899123294208.000000 8.793216e-208 8.729086e-208 15.000000 111
5227777777777779717662368968924045410057255384835944494188029472619680641729577093287415265825913929623580569460808419267015195339542124958268808226863793113952320522959802527694487100050150793580380160.000000 6.114090e-207 6.069500e-207 15.000000 111
5327777777777779272728871166624855466267317860727548918614797274679467388227608186085849800001554222508406197206016625159275198516821558674554184340858609803102721780225915692238051578309159688037466112.000000 4.382514e-207 4.350552e-207 15.000000 111
5427777777777778827795373364325665522477380336619153343041565076739254134725639278884284334177194515393231824951224831051535201694100992390839560454853426492253123037492028856781616056568168582494552064.000000 2.912244e-207 2.891005e-207 15.000000 111
5527777777777778382861875562026475578687442812510757767468332878799040881223670371682718868352834808278057452696433036943795204871380426107124936568848243181403524294758142021325180534827177476951638016.000000 3.523033e-207 3.497339e-207 15.000000 111
5627777777777777937928377759727285634897505288402362191895100680858827627721701464481153402528475101162883080441641242836055208048659859823410312682843059870553925552024255185868745013086186371408723968.000000 4.122202e-208 4.092139e-208 15.000000 111
5727777777777777492994879957428095691107567764293966616321868482918614374219732557279587936704115394047708708186849448728315211225939293539695688796837876559704326809290368350412309491345195265865809920.000000 2.524827e-208 2.415952e-208 325.000000 45
5827777777777777048061382155128905747317630240185571040748636284978401120717763650078022470879755686932534335932057654620575214403218727255981064910832693248854728066556481514955873969604204160322895872.000000 3.691601e-207 3.664678e-207 15.000000 111
5927777777777776603127884352829715803527692716077175465175404087038187867215794742876457005055395979817359963677265860512835217580498160972266441024827509938005129323822594679499438447863213054779981824.000000 5.432265e-207 5.392647e-207 15.000000 111
6027777777777776158194386550530525859737755191968779889602171889097974613713825835674891539231036272702185591422474066405095220757777594688551817138822326627155530581088707844043002926122221949237067776.000000 3.146326e-207 3.123379e-207 15.000000 111
6127777777777775713260888748231335915947817667860384314028939691157761360211856928473326073406676565587011219167682272297355223935057028404837193252817143316305931838354821008586567404381230843694153728.000000 1.190278e-207 1.181597e-207 15.000000 111
6227777777777775268327390945932145972157880143751988738455707493217548106709888021271760607582316858471836846912890478189615227112336462121122569366811960005456333095620934173130131882640239738151239680.000000 2.463755e-207 2.445786e-207 15.000000 111
6327777777777774823393893143632956028367942619643593162882475295277334853207919114070195141757957151356662474658098684081875230289615895837407945480806776694606734352887047337673696360899248632608325632.000000 6.375552e-207 6.329055e-207 15.000000 111
6427777777777774378460395341333766084578005095535197587309243097337121599705950206868629675933597444241488102403306889974135233466895329553693321594801593383757135610153160502217260839158257527065411584.000000 6.239076e-208 6.193574e-208 15.000000 111
6527777777777773933526897539034576140788067571426802011736010899396908346203981299667064210109237737126313730148515095866395236644174763269978697708796410072907536867419273666760825317417266421522497536.000000 3.011933e-207 2.989967e-207 15.000000 111
6627777777777773488593399736735386196998130047318406436162778701456695092702012392465498744284878030011139357893723301758655239821454196986264073822791226762057938124685386831304389795676275315979583488.000000 2.811086e-207 2.790585e-207 15.000000 111
6727777777777773043659901934436196253208192523210010860589546503516481839200043485263933278460518322895964985638931507650915242998733630702549449936786043451208339381951499995847954273935284210436669440.000000 8.516009e-207 8.453901e-207 15.000000 111
6827777777777772598726404132137006309418254999101615285016314305576268585698074578062367812636158615780790613384139713543175246176013064418834826050780860140358740639217613160391518752194293104893755392.000000 5.292867e-207 5.254266e-207 15.000000 111
6927777777777772153792906329837816365628317474993219709443082107636055332196105670860802346811798908665616241129347919435435249353292498135120202164775676829509141896483726324935083230453301999350841344.000000 3.806101e-207 3.778343e-207 15.000000 111
7027777777777771708859408527538626421838379950884824133869849909695842078694136763659236880987439201550441868874556125327695252530571931851405578278770493518659543153749839489478647708712310893807927296.000000 5.135418e-208 4.732797e-208 325.000000 45
7127777777777771263925910725239436478048442426776428558296617711755628825192167856457671415163079494435267496619764331219955255707851365567690954392765310207809944411015952654022212186971319788265013248.000000 5.242145e-208 5.203914e-208 15.000000 111
7227777777777770818992412922940246534258504902668032982723385513815415571690198949256105949338719787320093124364972537112215258885130799283976330506760126896960345668282065818565776665230328682722099200.000000 3.657028e-207 3.630357e-207 15.000000 111
7327777777777770374058915120641056590468567378559637407150153315875202318188230042054540483514360080204918752110180743004475262062410233000261706620754943586110746925548178983109341143489337577179185152.000000 1.141745e-207 1.133418e-207 15.000000 111
7427777777777769929125417318341866646678629854451241831576921117934989064686261134852975017690000373089744379855388948896735265239689666716547082734749760275261148182814292147652905621748346471636271104.000000 6.073620e-208 6.029325e-208 15.000000 111
7527777777777769484191919516042676702888692330342846256003688919994775811184292227651409551865640665974570007600597154788995268416969100432832458848744576964411549440080405312196470100007355366093357056.000000 4.843919e-208 4.808592e-208 15.000000 111
7627777777777769039258421713743486759098754806234450680430456722054562557682323320449844086041280958859395635345805360681255271594248534149117834962739393653561950697346518476740034578266364260550443008.000000 3.430145e-207 3.405129e-207 15.000000 111
7727777777777768594324923911444296815308817282126055104857224524114349304180354413248278620216921251744221263091013566573515274771527967865403211076734210342712351954612631641283599056525373155007528960.000000 2.295335e-208 2.278595e-208 15.000000 111
7827777777777768149391426109145106871518879758017659529283992326174136050678385506046713154392561544629046890836221772465775277948807401581688587190729027031862753211878744805827163534784382049464614912.000000 3.015765e-207 2.993771e-207 15.000000 111
7927777777777767704457928306845916927728942233909263953710760128233922797176416598845147688568201837513872518581429978358035281126086835297973963304723843721013154469144857970370728013043390943921700864.000000 6.698320e-208 6.649468e-208 15.000000 111
8027777777777767259524430504546726983939004709800868378137527930293709543674447691643582222743842130398698146326638184250295284303366269014259339418718660410163555726410971134914292491302399838378786816.000000 3.445221e-208 3.420095e-208 15.000000 111
8127777777777766814590932702247537040149067185692472802564295732353496290172478784442016756919482423283523774071846390142555287480645702730544715532713477099313956983677084299457856969561408732835872768.000000 1.762356e-207 1.749503e-207 15.000000 111
8227777777777766369657434899948347096359129661584077226991063534413283036670509877240451291095122716168349401817054596034815290657925136446830091646708293788464358240943197464001421447820417627292958720.000000 2.125695e-207 2.110192e-207 15.000000 111
8327777777777765924723937097649157152569192137475681651417831336473069783168540970038885825270763009053175029562262801927075293835204570163115467760703110477614759498209310628544985926079426521750044672.000000 1.917942e-207 1.903954e-207 15.000000 111
8427777777777765479790439295349967208779254613367286075844599138532856529666572062837320359446403301938000657307471007819335297012484003879400843874697927166765160755475423793088550404338435416207130624.000000 1.344452e-207 1.334647e-207 15.000000 111
8527777777777765034856941493050777264989317089258890500271366940592643276164603155635754893622043594822826285052679213711595300189763437595686219988692743855915562012741536957632114882597444310664216576.000000 1.257447e-208 1.248277e-208 15.000000 111
8627777777777764589923443690751587321199379565150494924698134742652430022662634248434189427797683887707651912797887419603855303367042871311971596102687560545065963270007650122175679360856453205121302528.000000 9.459406e-208 9.390418e-208 15.000000 111
8727777777777764144989945888452397377409442041042099349124902544712216769160665341232623961973324180592477540543095625496115306544322305028256972216682377234216364527273763286719243839115462099578388480.000000 5.119909e-207 5.082569e-207 15.000000 111
8827777777777763700056448086153207433619504516933703773551670346772003515658696434031058496148964473477303168288303831388375309721601738744542348330677193923366765784539876451262808317374470994035474432.000000 3.314349e-207 3.290177e-207 15.000000 111
8927777777777763255122950283854017489829566992825308197978438148831790262156727526829493030324604766362128796033512037280635312898881172460827724444672010612517167041805989615806372795633479888492560384.000000 4.750731e-207 4.716084e-207 15.000000 111
9027777777777762810189452481554827546039629468716912622405205950891577008654758619627927564500245059246954423778720243172895316076160606177113100558666827301667568299072102780349937273892488782949646336.000000 4.149671e-207 4.119407e-207 15.000000 111
9127777777777762365255954679255637602249691944608517046831973752951363755152789712426362098675885352131780051523928449065155319253440039893398476672661643990817969556338215944893501752151497677406732288.000000 3.986423e-208 3.747455e-208 325.000000 45
9227777777777761920322456876956447658459754420500121471258741555011150501650820805224796632851525645016