Std No.	Outgassing	ChemProd	ChemLoss	DryDepo		WetDepo		Escape		Condensation	Net Flux	Global Change
3	0.000000e+00	3.365085e+12	-3.304937e+12	-6.455501e+02	-9.006255e-06	-6.014721e+10	0.000000e+00	2.464294e-03	1.193484e-19
53	3.000000e+10	5.876333e+10	-6.825397e+09	-0.000000e+00	0.000000e+00	-8.193793e+10	0.000000e+00	1.050400e+00	3.741508e-23
1	0.000000e+00	2.114189e+12	-2.114189e+12	-2.646275e+02	-9.452205e-03	-0.000000e+00	0.000000e+00	1.203864e-03	2.068764e-20
56	0.000000e+00	2.391848e+11	-2.391848e+11	-0.000000e+00	-2.865394e-20	-0.000000e+00	0.000000e+00	-1.831055e-04	-5.175573e-12
54	0.000000e+00	1.383394e+12	-1.383394e+12	-0.000000e+00	0.000000e+00	-0.000000e+00	0.000000e+00	-4.882812e-04	-3.478565e-22
2	0.000000e+00	2.441567e+11	-2.441567e+11	-7.264456e-14	-8.481351e-03	-0.000000e+00	0.000000e+00	2.536127e-06	5.208950e-20
4	0.000000e+00	1.394224e+12	-1.394224e+12	-1.170791e+00	-1.538510e-03	-0.000000e+00	0.000000e+00	1.498385e-03	1.365024e-14
5	0.000000e+00	1.118972e+12	-1.118972e+12	-1.214862e-05	-9.866845e+01	-0.000000e+00	0.000000e+00	-2.470874e-04	-8.747643e-18
7	1.000000e-02	1.835856e+09	-4.651345e+10	-0.000000e+00	0.000000e+00	-0.000000e+00	-3.688523e+26	-3.688523e+26	-1.410184e+04
6	0.000000e+00	4.242706e+09	-4.242705e+09	-4.441223e-07	-4.140434e+02	-0.000000e+00	0.000000e+00	9.101195e-07	8.472279e-21
52	9.000000e-01	2.054660e+12	-2.075267e+12	-0.000000e+00	-4.771566e+13	-0.000000e+00	0.000000e+00	-4.773627e+13	-3.669496e-12
20	1.000000e+08	4.500432e+12	-4.492255e+12	-8.277239e+09	0.000000e+00	-0.000000e+00	0.000000e+00	1.321168e+02	2.605811e-22
22	0.000000e+00	7.808530e+10	-6.185146e+10	-1.011491e+09	-1.522234e+10	-0.000000e+00	0.000000e+00	1.335144e-05	5.778534e-21
61	0.000000e+00	2.691606e+12	-2.691596e+12	-9.209306e+06	-3.201389e-05	-0.000000e+00	0.000000e+00	-1.539371e-03	-4.617575e-17
19	0.000000e+00	7.336176e+08	-7.336176e+08	-0.000000e+00	-8.939909e-20	-0.000000e+00	0.000000e+00	-8.939909e-20	-6.866468e-28
58	0.000000e+00	2.997465e+09	-2.997465e+09	-0.000000e+00	-2.959226e-19	-0.000000e+00	0.000000e+00	9.536743e-07	2.449070e-15
59	0.000000e+00	2.129327e+09	-2.129327e+09	-0.000000e+00	-3.651983e-20	-0.000000e+00	0.000000e+00	-3.099442e-06	-6.598022e-14
80	0.000000e+00	1.314769e+10	-1.314769e+10	-0.000000e+00	-7.589274e-19	-0.000000e+00	0.000000e+00	5.722046e-06	4.963945e-15
60	0.000000e+00	4.634261e+10	-4.634261e+10	-0.000000e+00	-2.333707e-09	-0.000000e+00	0.000000e+00	7.627061e-06	4.446011e-16
21	6.000000e+10	1.490387e+09	-3.584527e+10	-2.564512e+10	0.000000e+00	-0.000000e+00	0.000000e+00	2.990649e+01	1.903945e-22
62	0.000000e+00	9.755762e+08	-9.755762e+08	-1.865093e-02	-6.479607e-14	-0.000000e+00	0.000000e+00	8.071241e-08	3.751560e-16
24	0.000000e+00	2.123951e+08	-2.123079e+08	-6.627653e+04	-2.094115e+04	-0.000000e+00	0.000000e+00	6.398841e-08	6.356900e-22
63	0.000000e+00	7.580029e+10	-4.528264e+10	-1.903230e+09	-2.861442e+10	-0.000000e+00	0.000000e+00	3.433228e-05	2.433176e-21
23	0.000000e+00	3.454711e-01	-3.454710e-01	-7.814251e-12	-9.867017e-08	-0.000000e+00	0.000000e+00	9.386979e-17	2.370180e-21
71	0.000000e+00	7.079051e+08	-7.079051e+08	-1.874403e-19	-3.473015e-08	-0.000000e+00	0.000000e+00	2.036884e-07	1.438672e-11
25	0.000000e+00	4.929403e+01	-4.929402e+01	-3.312725e-11	-7.075447e-06	-0.000000e+00	0.000000e+00	-1.226254e-14	-5.638738e-21
26	0.000000e+00	8.410555e-34	-6.471317e-11	-0.000000e+00	-2.809735e-36	-0.000000e+00	0.000000e+00	-6.471317e-11	-2.666130e+04
64	0.000000e+00	8.492768e+02	-8.492768e+02	-0.000000e+00	-9.743511e-26	-0.000000e+00	0.000000e+00	6.723440e-10	5.322881e-12
27	0.000000e+00	1.923760e+05	-1.923760e+05	-0.000000e+00	0.000000e+00	-0.000000e+00	0.000000e+00	2.910383e-11	1.077743e-19
28	0.000000e+00	3.537432e+04	-3.537432e+04	-0.000000e+00	-6.048630e-19	-0.000000e+00	0.000000e+00	7.275957e-12	6.528710e-15
29	0.000000e+00	7.137218e+08	-7.137218e+08	-0.000000e+00	0.000000e+00	-0.000000e+00	0.000000e+00	6.675720e-06	1.936061e-16
30	0.000000e+00	1.747625e+06	-1.747625e+06	-0.000000e+00	-7.024803e-12	-0.000000e+00	0.000000e+00	4.586365e-10	7.007666e-18
31	0.000000e+00	1.395227e+07	-1.854773e+06	-1.209749e+07	0.000000e+00	-0.000000e+00	0.000000e+00	7.934868e-05	1.070609e-22
32	0.000000e+00	3.680822e+05	-3.680822e+05	-4.062037e-19	-2.271254e-17	-0.000000e+00	0.000000e+00	3.508932e-06	1.413936e-16
33	0.000000e+00	8.989751e+07	-8.986623e+07	-1.599451e+03	-2.967891e+04	-0.000000e+00	0.000000e+00	1.600711e-09	1.676343e-22
34	0.000000e+00	1.593252e+10	-1.593250e+10	-1.486403e+04	-5.431988e-08	-0.000000e+00	0.000000e+00	-9.738419e-06	-5.427467e-17
35	0.000000e+00	9.333142e+07	-9.321048e+07	-1.161118e+05	-4.823072e+03	-0.000000e+00	0.000000e+00	1.480657e-09	9.149606e-22
36	0.000000e+00	8.041124e+05	-8.041124e+05	-2.384974e-06	-6.720106e-17	-0.000000e+00	0.000000e+00	1.435003e-10	1.022785e-18
40	0.000000e+00	1.765426e+11	-1.765426e+11	-0.000000e+00	-8.280006e-08	-0.000000e+00	0.000000e+00	6.095236e-05	2.252331e-17
41	0.000000e+00	2.146729e+09	-2.146729e+09	-0.000000e+00	-3.676282e-08	-0.000000e+00	0.000000e+00	-5.136000e-07	-7.238091e-19
76	0.000000e+00	8.092486e+07	-8.092486e+07	-0.000000e+00	-3.341340e-12	-0.000000e+00	0.000000e+00	1.489782e-08	6.682533e-17
77	0.000000e+00	4.721932e+08	-4.721932e+08	-0.000000e+00	-6.735035e-11	-0.000000e+00	0.000000e+00	1.191419e-07	1.726587e-17
42	0.000000e+00	6.102056e+11	-6.102056e+11	-0.000000e+00	-6.947109e-04	-0.000000e+00	0.000000e+00	-3.285000e-04	-1.492855e-19
43	3.000000e+09	5.820434e+11	-5.818365e+11	-2.871347e+09	-3.355745e+08	-0.000000e+00	0.000000e+00	-1.919866e-04	-8.986511e-20
74	0.000000e+00	5.469996e+11	-5.469996e+11	-0.000000e+00	-3.419380e-16	-0.000000e+00	0.000000e+00	1.831055e-04	1.215813e-08
75	0.000000e+00	5.138032e+10	-5.138032e+10	-0.000000e+00	-2.380382e-15	-0.000000e+00	0.000000e+00	-2.380382e-15	-2.473531e-20
44	0.000000e+00	6.537973e+06	-6.537973e+06	-8.682584e-05	-3.038619e-01	-0.000000e+00	0.000000e+00	-1.559459e-10	-4.319511e-21
45	3.000000e+08	2.353977e+10	-2.375321e+10	-8.652784e+07	-3.511898e+04	-0.000000e+00	0.000000e+00	-2.533205e-06	-1.449503e-21
46	0.000000e+00	2.593302e+10	-2.593302e+10	-0.000000e+00	-1.126629e-06	-0.000000e+00	0.000000e+00	-4.941326e-06	-5.606005e-19
47	0.000000e+00	4.040871e+11	-4.040871e+11	-0.000000e+00	-1.488496e-05	-0.000000e+00	0.000000e+00	1.071853e-04	1.024468e-17
48	0.000000e+00	3.542772e+06	-3.542772e+06	-0.000000e+00	-1.251333e-09	-0.000000e+00	0.000000e+00	1.542635e-09	1.696782e-22
68	0.000000e+00	1.170573e+04	-1.147048e+04	-1.028537e+02	-1.324018e+02	-0.000000e+00	0.000000e+00	2.955858e-12	2.312475e-21
73	0.000000e+00	6.038669e+06	-2.447328e+04	-1.886692e+06	-3.078931e+06	-0.000000e+00	-1.048573e+06	2.211891e-09	1.870800e-22
78	0.000000e+00	0.000000e+00	0.000000e+00	-1.048573e+06	-2.164028e-06	-0.000000e+00	1.048573e+06	-5.122274e-09	-2.270428e-23
79	0.000000e+00	6.268667e+04	0.000000e+00	-0.000000e+00	-1.945121e-04	-0.000000e+00	-6.268667e+04	8.968345e-08	7.199416e-22
111	0.000000e+00	0.000000e+00	0.000000e+00	-6.268667e+04	-3.620162e-06	-0.000000e+00	6.268667e+04	-2.641900e-08	-1.263335e-22
8	0.000000e+00	4.330537e+05	-4.330537e+05	-0.000000e+00	-1.021560e-09	-0.000000e+00	0.000000e+00	-3.202970e-11	-3.869533e-21
9	0.000000e+00	2.739874e+02	-2.739874e+02	-0.000000e+00	0.000000e+00	-0.000000e+00	0.000000e+00	0.000000e+00	0.000000e+00
10	0.000000e+00	9.150702e+03	-9.150702e+03	-0.000000e+00	-6.024312e-05	-0.000000e+00	0.000000e+00	-2.559864e-12	-1.039944e-17
57	0.000000e+00	3.025841e+03	-3.025841e+03	-0.000000e+00	-9.621227e-21	-0.000000e+00	0.000000e+00	-1.364242e-12	-6.745460e-17
11	0.000000e+00	5.593490e+03	-5.593468e+03	-0.000000e+00	-2.223148e-02	-0.000000e+00	0.000000e+00	3.715084e-13	5.854207e-24
12	1.000000e+08	1.960752e+12	-1.960852e+12	-7.661740e+05	-2.983699e+02	-0.000000e+00	0.000000e+00	3.064023e-04	5.510628e-20
13	0.000000e+00	5.777939e+10	-5.777939e+10	-2.485026e-01	-3.295095e-03	-0.000000e+00	0.000000e+00	4.101433e-05	4.316150e-18
14	0.000000e+00	5.376299e+08	-5.376299e+08	-1.549175e-06	-2.896834e-02	-0.000000e+00	0.000000e+00	3.564155e-07	5.894659e-17
15	0.000000e+00	2.442592e+05	-2.442592e+05	-1.445833e-15	-6.970617e-03	-0.000000e+00	0.000000e+00	4.043766e-11	2.779605e-20
16	0.000000e+00	1.903709e+12	-1.903611e+12	-0.000000e+00	-9.842588e+07	-0.000000e+00	0.000000e+00	1.468047e-03	2.427521e-19
17	0.000000e+00	1.887189e+05	-1.885404e+05	-1.244107e+02	-5.412273e+01	-0.000000e+00	0.000000e+00	2.955858e-11	9.099553e-20
18	0.000000e+00	2.109839e+04	-2.109839e+04	-1.271939e-03	-6.199697e-03	-0.000000e+00	0.000000e+00	1.016047e-11	1.382943e-20
70	0.000000e+00	2.038550e+08	-2.038550e+08	-1.436591e-13	-4.891380e+00	-0.000000e+00	0.000000e+00	8.791409e-09	8.063853e-21
37	0.000000e+00	2.926478e+02	-3.207609e+00	-2.348195e+02	-5.462067e+01	-0.000000e+00	0.000000e+00	1.122778e-09	1.933799e-20
38	0.000000e+00	2.074590e+01	-2.074590e+01	-3.317467e-22	-6.243887e-18	-0.000000e+00	0.000000e+00	-6.395509e-14	-2.091524e-15
39	0.000000e+00	1.628456e+00	-1.628456e+00	-0.000000e+00	-5.004362e-23	-0.000000e+00	0.000000e+00	3.508305e-14	7.840893e-14
72	0.000000e+00	3.326268e+02	-3.326268e+02	-0.000000e+00	-1.417739e-07	-0.000000e+00	0.000000e+00	3.548374e-09	1.453610e-20
65	0.000000e+00	8.575847e+06	-8.575846e+06	-1.101867e+00	-3.962816e-01	-0.000000e+00	0.000000e+00	8.238458e-10	1.161629e-19
66	0.000000e+00	5.353472e+04	-5.353472e+04	-2.693913e-06	-2.754809e-03	-0.000000e+00	0.000000e+00	1.923340e-11	2.843461e-20
109	0.000000e+00	7.572169e+00	-7.572045e+00	-0.000000e+00	-1.241967e-04	-0.000000e+00	0.000000e+00	-2.737610e-16	-3.687510e-22
67	0.000000e+00	1.491558e-05	-1.491558e-05	-0.000000e+00	-1.109956e-30	-0.000000e+00	0.000000e+00	-4.065758e-20	-5.302618e-15
110	0.000000e+00	1.828903e-08	-1.828895e-08	-0.000000e+00	-7.960549e-14	-0.000000e+00	0.000000e+00	-6.956046e-21	-1.812203e-18
106	0.000000e+00	1.117026e-15	-1.117026e-15	-0.000000e+00	-9.330453e-29	-0.000000e+00	0.000000e+00	4.908652e-30	7.240536e-20
107	0.000000e+00	5.156920e-06	-5.156920e-06	-0.000000e+00	-4.160207e-18	-0.000000e+00	0.000000e+00	2.112876e-21	2.219677e-22
108	0.000000e+00	5.156920e-06	-5.156920e-06	-0.000000e+00	-1.039180e-25	-0.000000e+00	0.000000e+00	-1.694170e-21	-3.294575e-20
49	0.000000e+00	5.048847e-07	-5.048845e-07	-1.704485e-13	-1.946449e-16	-0.000000e+00	0.000000e+00	-8.670106e-18	-2.982351e-16
50	0.000000e+00	8.342909e-09	-8.342909e-09	-0.000000e+00	-2.763954e-35	-0.000000e+00	0.000000e+00	-2.763954e-35	-7.460907e-28
51	0.000000e+00	0.000000e+00	0.000000e+00	-0.000000e+00	0.000000e+00	-0.000000e+00	0.000000e+00	0.000000e+00	nan
69	0.000000e+00	0.000000e+00	0.000000e+00	-0.000000e+00	0.000000e+00	-0.000000e+00	0.000000e+00	0.000000e+00	nan
