0.000000 8.086507e-03 2.936971e-03 67.000000 56
0.000010 1.941748e-03 8.383078e-04 67.000000 56
0.000110 2.501521e-04 2.162834e-04 85.000000 56
0.001110 3.728750e-05 2.601316e-05 3.000000 1
0.011110 1.644911e-04 1.606164e-05 3.000000 1
0.111110 4.831476e-06 3.426651e-07 3.000000 1
1.111110 1.007504e-06 1.693085e-07 3.000000 1
11.111110 1.835169e-08 5.051564e-09 3.000000 1
111.111110 6.720646e-10 4.307672e-10 7.000000 77
1111.111110 4.275844e-11 4.113833e-11 19.000000 54
11111.111110 4.326784e-12 4.198832e-12 23.000000 54
111111.111110 4.176358e-13 4.154519e-13 65.000000 35
1111111.111110 4.979334e-14 4.314222e-14 23.000000 54
11111111.111110 4.032979e-15 3.402013e-15 65.000000 35
111111111.111110 3.822956e-16 3.528812e-16 35.000000 45
1111111111.111110 2.215724e-17 2.215446e-17 1.000000 72
11111111111.111111 1.407521e-18 1.364101e-18 35.000000 45
111111111111.111115 2.855541e-19 2.851461e-19 35.000000 6
1111111111111.111084 5.938953e-21 5.864223e-21 37.000000 6
11111111111111.111328 1.267722e-22 1.208651e-22 35.000000 45
111111111111111.109375 1.753082e-24 1.751950e-24 41.000000 70
1111111111111111.125000 3.288123e-24 3.287659e-24 3.000000 111
11111111111111112.000000 4.230537e-25 4.229940e-25 3.000000 111
111111111111111104.000000 2.115710e-26 2.115412e-26 3.000000 111
1111111111111111168.000000 3.147144e-28 3.146700e-28 3.000000 111
11111111111111110656.000000 3.329035e-28 3.328565e-28 3.000000 111
111111111111111114752.000000 1.936091e-29 1.935818e-29 3.000000 111
1111111111111111081984.000000 1.872107e-30 1.871842e-30 3.000000 111
11111111111111111344128.000000 2.996101e-31 2.995678e-31 3.000000 111
111111111111111109246976.000000 7.746118e-34 7.745024e-34 3.000000 111
1111111111111111092469760.000000 1.501065e-33 1.500853e-33 3.000000 111
11111111111111108777213952.000000 1.905513e-34 1.905244e-34 3.000000 111
111111111111111104952008704.000000 2.605718e-35 2.605350e-35 3.000000 111
1111111111111110912081133568.000000 4.704016e-36 4.703352e-36 3.000000 111
11111111111111109670567149568.000000 4.592415e-37 4.591766e-37 3.000000 111
111111111111111105501764517888.000000 2.718167e-38 2.717783e-38 3.000000 111
1111111111111110914280156823552.000000 4.280578e-40 4.279974e-40 3.000000 111
11111111111111109705751521656832.000000 1.271774e-40 1.271595e-40 3.000000 111
111111111111111097057515216568320.000000 7.877874e-42 7.876762e-42 3.000000 111
1111111111111111114690340241539072.000000 3.425330e-42 3.424846e-42 3.000000 111
11111111111111109993981897808543744.000000 1.732902e-43 1.732658e-43 3.000000 111
111111111111111113774877033367601152.000000 3.016012e-45 3.015587e-45 3.000000 111
1111111111111111027068305891418701824.000000 1.280361e-45 1.280180e-45 3.000000 111
11111111111111108499795627838070063104.000000 8.345336e-47 8.344158e-47 3.000000 111
111111111111111089720322761250345844736.000000 6.490072e-48 6.489155e-48 3.000000 111
1111111111111110859424295749546296737792.000000 1.429943e-48 1.429741e-48 3.000000 111
11111111111111107687548592784491086348288.000000 1.575886e-49 1.575663e-49 3.000000 111
111111111111111081711189206303427562307584.000000 2.271392e-50 2.271072e-50 3.000000 111
1111111111111110971854396973706809985466368.000000 1.616650e-52 1.527141e-52 33.000000 45
11111111111111110028028979558413168579444736.000000 9.304872e-54 9.089963e-54 33.000000 45
111111111111111107707930031296413335189192704.000000 1.904019e-53 1.903750e-53 3.000000 111
1111111111111110997851137798699795758347976704.000000 5.760875e-55 5.760061e-55 3.000000 111
11111111111111110612336678101112658331831369728.000000 5.437449e-56 5.436681e-56 3.000000 111
111111111111111113729270382380502992298532929536.000000 2.904224e-56 2.903814e-56 3.000000 111
1111111111111111177857523031108370770879831867392.000000 5.298264e-57 5.297516e-57 3.000000 111
11111111111111112103093783969510434491954339250176.000000 4.305995e-58 4.305387e-58 3.000000 111
111111111111111128819383127497345787715287886331904.000000 2.441597e-59 2.441253e-59 3.000000 111
1111111111111111122040331801858973764176996328275968.000000 3.353604e-60 3.353130e-60 3.000000 111
11111111111111110888096319072360769415818198212673536.000000 2.110290e-62 2.109992e-62 3.000000 111
111111111111111100905595216014112456735339620444667904.000000 3.238051e-63 3.237594e-63 3.000000 111
1111111111111111179197135620610356299040699920330784768.000000 8.660603e-64 8.659381e-64 3.000000 111
11111111111111112132253723127042026453781606635076059136.000000 4.784944e-65 4.784269e-65 3.000000 111
111111111111111121322537231270420264537816066350760591360.000000 8.390761e-66 8.389576e-66 3.000000 111
1111111111111111126113086380943955998754261160974943780864.000000 1.917693e-66 1.917422e-66 3.000000 111
11111111111111112654927438717603506333525003650272031932416.000000 2.871604e-68 2.871198e-68 3.000000 111
111111111111111115398901787910723492567390900178539566333952.000000 4.186510e-68 4.185919e-68 3.000000 111
1111111111111111332394979467352220057959655182972287711182848.000000 2.959079e-69 2.958661e-69 3.000000 111
11111111111111112610325948320542260050453567104975308920455168.000000 1.069138e-70 1.068987e-70 3.000000 111
111111111111111117539773326969663314154819854352782270908071936.000000 1.053388e-71 1.053240e-71 3.000000 111
1111111111111111358085437936059497917008802633063200166072287232.000000 2.736433e-72 2.736047e-72 3.000000 111
11111111111111112484728151362417790517324401793419736918773465088.000000 1.520253e-73 1.520039e-73 3.000000 111
111111111111111133616291337609595414395353014231895487123329908736.000000 3.345023e-76 3.344550e-76 3.000000 111
1111111111111111195858756192329273996399786201555784984263774961664.000000 2.466302e-76 2.465954e-76 3.000000 111
11111111111111113081020819393426181144427813541663208938393942622208.000000 1.028295e-76 1.028149e-76 3.000000 111
111111111111111121830742134173194282000838523207789216617889882177536.000000 7.202993e-78 7.201976e-78 3.000000 111
1111111111111111170416935689672915996310040633630730178093301253537792.000000 3.273841e-78 3.273379e-78 3.000000 111
11111111111111112087293242113201374552687163123884597685617793081278464.000000 4.310788e-79 4.310180e-79 3.000000 111
111111111111111123937923502863791462243565685539464344093656175179988992.000000 3.219474e-81 3.219020e-81 3.000000 111
1111111111111111288419092336346358089902761724204537316736213661675159552.000000 2.831844e-82 2.831444e-82 3.000000 111
11111111111111112491872064901796033159290778291566222160964921337749438464.000000 2.938214e-82 2.937800e-82 3.000000 111
111111111111111115503068045937939185839223648104162597456116046681442615296.000000 1.498383e-83 1.498171e-83 3.000000 111
1111111111111111230355901284019561024421709559533622967789425800382840307712.000000 2.686092e-84 2.685713e-84 3.000000 111
11111111111111111098355479645952903587745526339464277786242012666733776601088.000000 1.187272e-85 1.187105e-85 3.000000 111
111111111111111120625183062013470689129227817441618392995638089364094777819136.000000 2.285784e-86 2.285461e-86 3.000000 111
1111111111111111257673848036422395708635065129333387210666876694690318507835392.000000 4.134306e-87 4.133722e-87 3.000000 111
11111111111111112576738480364223957086350651293333872106668766946903185078353920.000000 3.715803e-88 3.715279e-88 3.000000 111
111111111111111125767384803642239570863506512933338721066687669469031850783539200.000000 2.397659e-90 2.397320e-90 3.000000 111
1111111111111111257673848036422395708635065129333387210666876694690318507835392000.000000 1.945142e-90 1.944867e-90 3.000000 111
11111111111111112576738480364223957086350651293333872106668766946903185078353920000.000000 5.762035e-92 5.761222e-92 3.000000 111
111111111111111132507371470429899519530260284688246389475973775104174971059441762304.000000 2.757462e-92 2.757073e-92 3.000000 111
1111111111111111486833394707202833963304693369000247936582604286285184597216079118336.000000 2.740837e-93 2.740450e-93 3.000000 111
11111111111111115299693093746438576347719175082316570144020353623501005669818555170816.000000 1.356697e-94 1.356506e-94 3.000000 111
111111111111111149546057764069103869759813819684652975214649050149816779116923439808512.000000 2.311880e-96 2.311554e-96 3.000000 111
1111111111111111605888519189340059296554231993278936991364234056224352673769621978873856.000000 1.700240e-96 1.700000e-96 3.000000 111
11111111111111116942308724282592757757191070304248627827384289000053005798499320435048448.000000 2.819592e-97 2.819194e-97 3.000000 111
111111111111111162355698983712390259238720700070812214963907302498054225498568399180005376.000000 3.868904e-99 3.868358e-99 3.000000 111
1111111111111111651826542873578051865719967012594818402878815374990445584931383212481970176.000000 2.223327e-99 2.223013e-99 3.000000 111
11111111111111115613639731569247741910551349745573903925116398549587549291051457062998376448.000000 1.822549e-101 1.665333e-101 33.000000 45
111111111111111170610408470357001847051886623541727520909912068700945997842712571619124969472.000000 2.269055e-101 2.268735e-101 3.000000 111
1111111111111111648208040084911920758733373731073321282464128354189177958698333712234684874752.000000 8.211769e-103 8.210610e-103 3.000000 111
11111111111111118334753828646178334364469497449739738476961038192140804218304681248956922986496.000000 3.960525e-103 3.959966e-103 3.000000 111
111111111111111175936844575273546836536151933941371282160331363320411943657761435983128932909056.000000 1.410810e-104 1.410610e-104 3.000000 111
1111111111111111877939545131747252479098207988310130463351777930820057012982180383934334080385024.000000 3.120022e-105 3.119582e-105 3.000000 111
11111111111111117830826656285378251881088570691929963499530064927273069518585275646518982793494528.000000 1.413984e-106 1.413785e-106 3.000000 111
111111111111111178308266562853782518810885706919299634995300649272730695185852756465189827934945280.000000 1.663819e-107 1.663584e-107 3.000000 111
1111111111111111722374262746483791721875672480958030517377792772347946912739389760311139366686687232.000000 2.229823e-108 2.229508e-108 3.000000 111
11111111111111118195077073577702452678487678221339758494981347249549229753300102472563536269471121408.000000 2.933476e-110 2.933062e-110 3.000000 111
111111111111111174180095166874108243107029154919321958380186116286934212525751385770018221873877221376.000000 1.064784e-110 1.064634e-110 3.000000 111
1111111111111111803966356219964412700493072567545824596358880012537806805315510969345119345305444155392.000000 1.719016e-112 1.718773e-112 3.000000 111
11111111111111117542340325789857484849548477528637405863132649328030350612691132800291696440521066020864.000000 1.292307e-112 1.292125e-112 3.000000 111
111111111111111187359160931733454260224658730810074221042274112416648724698046773438744892706011673001984.000000 2.201570e-113 2.201259e-113 3.000000 111
1111111111111111905420296447560887700191051189497275976851934775196741163170162255549656735862252764135424.000000 1.677070e-115 1.525620e-115 33.000000 45
11111111111111119818091455601041159352577645048489570162819995376693505620254291063389554769873792460128256.000000 2.858429e-115 2.858025e-115 3.000000 111
111111111111111181884626745334522903378210943209870413216452804439445051113419315798845149592044275134103552.000000 1.528254e-116 1.528038e-116 3.000000 111
1111111111111111786253691831993451653486978417548653555341033745739470500955945968318350699707055452406677504.000000 3.175867e-118 3.175419e-118 3.000000 111
11111111111111117862536918319934516534869784175486535553410337457394705009559459683183506997070554524066775040.000000 1.556500e-118 1.556280e-118 3.000000 111
111111111111111195312767901331455184059804921204491250867732455485296815306857157942926677631959842295059054592.000000 1.582099e-119 1.581876e-119 3.000000 111
1111111111111111819628489268257671690909192576447905346008291907562170031378471090540533915029564046515460112384.000000 1.613829e-120 1.613601e-120 3.000000 111
11111111111111117929286513192462956609714212493285039134744853781040104070404509927627873427715571712284340256768.000000 3.644500e-122 3.643986e-122 3.000000 111
111111111111111162204968844557348906936968475576433474525812358957178881127712236698520928032031316939146707075072.000000 9.942185e-123 9.940782e-123 3.000000 111
1111111111111111690401273595042611706010379353190002412544668304984677449582453817296240505300810770126253852721152.000000 1.313472e-123 1.313286e-123 3.000000 111
11111111111111116630606395352549626513541015142197353456300504188195219942603212371718280153086117298323391399329792.000000 3.400350e-125 3.399870e-125 3.000000 111
111111111111111175055066852657543962625419059892458995975682765454801945129114549356994798328364865877286622085513216.000000 5.598611e-126 5.597820e-126 3.000000 111
1111111111111111680558645333519058046334119331160706268455405865965221485666486088451452008903619115620444556117409792.000000 9.434501e-127 9.433169e-127 3.000000 111
11111111111111115965682175018514001504300338098440458388936997196658639269168948023092568396475836638375385584321429504.000000 1.580586e-127 1.580363e-127 3.000000 111
111111111111111168615800718896356857272772503258181696375951960905184532291645884086093168685402147907263828929642758144.000000 3.719832e-128 3.719307e-128 3.000000 111
1111111111111111757829838938653303310565878010772033863652175520560630439716110071702271564619171731260718073987855286272.000000 1.395166e-129 1.394969e-129 3.000000 111
11111111111111118151673043384050911008364003933242073835663002497676585331558310563753434668312919330111819017409974501376.000000 1.436898e-130 1.436695e-130 3.000000 111
111111111111111167755738737900080040418714667519899093577240089967079110890050069315997090152220344881006871513345625686016.000000 4.143690e-131 4.143105e-131 3.000000 111
1111111111111111787645320946524232961506549649699164094007520379748285048304764983732268953769474236170959264419489211482112.000000 1.579641e-132 1.579418e-132 3.000000 111
11111111111111117582885386618513176128880421898324512518114885183942866644636278395796561398368686928747217846098804235829248.000000 2.329648e-133 2.329319e-133 3.000000 111
111111111111111157040513203994465938172959444668548906175688460572869700788035011700293413066819321577880191382838418102812672.000000 3.057354e-134 3.056922e-134 3.000000 111
1111111111111111645558494688707322674192973543944273937778726170794932870513661206033622934335663406617169862140982678050045952.000000 4.368557e-135 4.367940e-135 3.000000 111
11111111111111116756198397482123879911783251828477878881874627968214272155669856416458984558026514829525170414660220768588136448.000000 5.431639e-136 5.430872e-136 3.000000 111
111111111111111157942353555779617897682519993835654324687950559353664531139634744768661678710828963867940606762589600067075702784.000000 1.454733e-137 1.454528e-137 3.000000 111
1111111111111111656380578910129146188307700133949538959925871356164470834732858002854042122063779114097894846697996861621202321408.000000 7.172766e-139 7.171753e-139 3.000000 111
11111111111111115332493095463963986499356998210007458190516861359599499973944411145861615861349959534283128001826354841004898516992.000000 2.240477e-139 2.240161e-139 3.000000 111
111111111111111158250181729188949766528449994618026307540136022404175833232980786989331380050650921769614561878878003510877483958272.000000 2.405646e-140 2.405306e-140 3.000000 111
1111111111111111661305829684678456089842580146467490685560838764972651668226394678384757343500930440524678128558611316722030820196352.000000 1.106931e-141 1.106775e-141 3.000000 111
11111111111111117243490395989096228294890443066972727736884215977173663369436641251779121778964674187875041363744763420126356046872576.000000 3.214539e-142 3.214085e-142 3.000000 111
111111111111111167391447166752468943777187297851344710318635533152159460196984856774338831038003783617724333012178432178015177709453312.000000 1.160399e-143 1.160235e-143 3.000000 111
1111111111111111552871508632200849297650661790872265493981396292651742438032691229900531028340606837912617395115323473222190590871994368.000000 4.015086e-145 4.014519e-145 3.000000 111
11111111111111116497058790604599214097476307409852107813453635237476241691824171001748168539721516365243181431204921520685595398500253696.000000 1.190377e-146 1.110573e-146 33.000000 45
111111111111111167552837784132900730630682246101532952464242145203985929748901066558129307414056358282077167592187046642759125957750030336.000000 9.864939e-147 9.863546e-147 3.000000 111
1111111111111111551580383693157395002822702204870759556816543396237130681617361551630207217332186240597794718475254557504239004885620621312.000000 1.479598e-147 1.479389e-147 3.000000 111
11111111111111116176859805721822548980142330081478635396570116926652526100822410790707863409633208231167157624467830422633602073879564517376.000000 1.022653e-148 1.022508e-148 3.000000 111
111111111111111167057045807540214281416745765076954672592938632980775015285414470102324963986822848913185259762400583007065716938982511607808.000000 1.607045e-149 1.606818e-149 3.000000 111
1111111111111111712878040077978053147090037364866893274947286039521748187071667598585220278992154621943962065765784060316494738991320047550464.000000 3.026599e-150 3.026172e-150 3.000000 111
11111111111111116790319744759173248807519735935890160357329662717505497596976492805356437676930137156942744912523614761198246833101241023725568.000000 7.210708e-152 7.209690e-152 3.000000 111
111111111111111157072456454932299442847016952549980887024714301488271479210079066277699893153576281569527425280940920669048050513029707780325376.000000 2.156865e-152 2.156560e-152 3.000000 111
1111111111111111657370492490598458790295612779971174602635801620376982766178277556983914800461563535694474443563771022233955847674158697458696192.000000 3.806883e-154 3.806346e-154 3.000000 111
11111111111111117613456060201290160244861446853368134815021919469701043350712618300322138431725243996935146724690052008861262587267926410452271104.000000 2.600327e-154 2.599960e-154 3.000000 111
111111111111111167816551519650457023713371916104430237840907968569560707995687441159357460900375570849428248934481785796438992988468548617600237568.000000 3.628761e-155 3.628249e-155 3.000000 111
1111111111111111855616375620236721250152226946201659398341052509747867890867567570929338308563795583052644480009750856197427431414514083230348476416.000000 3.286520e-158 3.286172e-158 35.000000 6
11111111111111117491458593659974306423411222751072451863818688153165114043211516753278800888277716583176272856107910572576049304966169249977408159744.000000 1.329808e-157 1.329621e-157 3.000000 111
111111111111111172075372169820028648025816102948206806319275316346814967457544076983415789689816527838828936710440177754031893025184434946904543985664.000000 1.015591e-158 1.015448e-158 3.000000 111
1111111111111111675326301429724855820925423036481784666090168120510770906982303321044202389810795070501348697494178929992661329860208228623132838068224.000000 1.668214e-159 1.667979e-159 3.000000 111
11111111111111115663004927853838222385268518532811045130439640174130618647587734439483091728011065715726910904296440958782830889202815385929425937760256.000000 1.066646e-161 1.066496e-161 3.000000 111
111111111111111165352113970085664910444570879984164863548092729989122909853759734562502374640885737071561717608127196316978568167222289061709478920978432.000000 2.065311e-162 2.065019e-162 3.000000 111
1111111111111111793074174765613172089915879914338519231380068551856296672583715588307767064181258649344298913123876550836189830075329053855738301903798272.000000 2.687618e-162 2.687238e-162 3.000000 111
11111111111111116814317467138079537015397430227410227546607555502842426133468209941615724099633376264413535234897928807030665113528441232648234917485871104.000000 4.651696e-163 4.651039e-163 3.000000 111
111111111111111162188911841951183722773913668055569130041045528277914711508714387728360192771377974755978264901828158996540074136751882694966892633247449088.000000 3.177626e-164 3.177177e-164 3.000000 111
1111111111111111812425528961259409943901076975548751954011416138795452709518110651293107470912364959980809447327117720325931205320559775158163535664034873344.000000 2.472552e-165 2.472203e-165 3.000000 111
11111111111111117362109647445603808574363008575515276925710317963889304717457239416893052536329308750123987280035832681817190197393433958747656919314107203584.000000 9.976477e-167 9.975068e-167 3.000000 111
111111111111111173621096474456038085743630085755152769257103179638893047174572394168930525363293087501239872800358326818171901973934339587476569193141072035840.000000 8.331791e-168 8.330615e-168 3.000000 111
1111111111111111638656322547185623626761387426515080637927339838108582007397068953396438415515255246252833007269459169437127422195386430392016451953651804536832.000000 7.543783e-169 7.542717e-169 3.000000 111
11111111111111116386563225471856236267613874265150806379273398381085820073970689533964384155152552462528330072694591694371274221953864303920164519536518045368320.000000 9.221787e-170 9.220486e-170 3.000000 111
111111111111111176352626455982531288202527661824173286787126554470742804176334733841130796830588005106507712980913801583020466705165134620993547912518321678843904.000000 3.094103e-170 3.093666e-170 3.000000 111
1111111111111111663630310949713561477814165264860411083916124979428351214270324630399412326073380207215281831777394938715742871166639413555600257387958086987153408.000000 1.410345e-171 1.410146e-171 3.000000 111
11111111111111118234638367258923637245519434302705259382443498838748741382591609632184453536453799573749543086281838620988817445826585058025366121675182946692104192.000000 3.341003e-172 3.340532e-172 3.000000 111
111111111111111169559701610494932192716172089794243405478176996031765579906809189696321893158778015724721632714755272339237064584984323200498752834387012852356481024.000000 1.976721e-173 1.976442e-173 3.000000 111
1111111111111111772317108477515147005595854417339289184859317914451986802582733336716354784822340037323859116035931406616277305089532396283516978638059028210952175616.000000 8.324462e-175 8.323287e-175 3.000000 111
11111111111111116086475780827080535049363695759593315740272156122987473284181649319096649645886122931603544997407235490719430987115288458226541513437893755445257961472.000000 4.459772e-176 4.459142e-176 3.000000 111
111111111111111157591367200374663480480447260768334005186079515186809943358525125094832700054186674432765357648168197756307625743592813573048158588493544501124052025344.000000 1.972043e-176 1.971765e-176 3.000000 111
1111111111111111549726547140577499844698955033062546834127658783523581117718920306179256629304470305261492837874448720355982784415447567656743533517852300584612299538432.000000 1.135317e-178 1.135156e-178 3.000000 111
11111111111111116335253467027187317170366112718490851308736951622260397284911793294402818172641389102732072014175951434186818980809853854927053010925183627498226058264576.000000 2.941062e-178 2.940647e-178 3.000000 111
111111111111111156648630705300574621916648628081985449347686605926407283987337211083146166689640402626383571058307800496852260714855513122393588703278551301765436079603712.000000 1.661306e-179 1.661072e-179 3.000000 111
1111111111111111512855075333235357820870386287996469983559402776894499328979126335944405546602216119056338517915464294208395174402610927808920355784999233231919764771700736.000000 4.491634e-181 4.491000e-181 3.000000 111
11111111111111116415700314606842899767810262707725928073613146545814757551253161956733402353082670963543317803177372000327010129928770160049576307796863047176827952301080576.000000 1.562505e-181 1.562285e-181 3.000000 111
111111111111111153859806655872514425205251428455169454831978515243189461420836430789019248434342631451593717039591887537325634212066414544812781078393664752907237086338220032.000000 4.357728e-183 4.357113e-183 3.000000 111
1111111111111111675894019761337338551690530266179558893708491155298002802097633491601056152296547356967129983625009974919182569950281306190567570778269523780552936685683343360.000000 4.837032e-184 4.836349e-184 3.000000 111
11111111111111115880246097116655341999222000379377257126597193134636935618485012140261034048065498897983665831583916712097897841393263233154061243818964829796053745594106118144.000000 8.569835e-185 8.568625e-185 3.000000 111
111111111111111158802460971166553419992220003793772571265971931346369356184850121402610340480654988979836658315839167120978978413932632331540612438189648297960537455941061181440.000000 4.108723e-187 4.101414e-187 41.000000 70
1111111111111111644261032143455488985053931384012498948530933292237651475607945871674073163200148268786375159457027385583801167058337512355509450075575229092211814320225160003584.000000 1.982050e-186 1.981770e-186 3.000000 111
11111111111111115092936183071595975007377761534330431824400197431801524825852786933189457430555121592151545763403016710861738480527106586592614684107462384219563588942702443495424.000000 3.453100e-187 3.452612e-187 3.000000 111
111111111111111161726754937619631068819070033789660779531275058242615167700341243600304767917122104687213104283368224268427570325721214161625985374260943095816072323503417687277568.000000 3.729428e-188 3.728901e-188 3.000000 111
1111111111111111530888404520966940138228360990325756105014565911029352321468905441855766130278653936746549869638977785405794219093610955250661145477118876929197231762423030854189056.000000 1.082369e-189 1.082216e-189 3.000000 111
11111111111111117151639135454562639781480182651435730443173598766758576132758536960366334345827971050144563724543472942665547186426268194972717231101653921909860135706601423605071872.000000 1.657375e-190 1.657141e-190 3.000000 111
111111111111111164145370993566053444218015535521644626859624229041725549655307439436428651286113983770729377132819949072225051882302047379862749205694678608627050084736529775797993472.000000 6.044665e-192 6.043811e-192 3.000000 111
1111111111111111759390035711333701699728736011099849109750030428431018883309521277040041587615791465398753933130035976393137238534390626916458261742096555853815321204637049122023538688.000000 6.121934e-193 6.121070e-193 3.000000 111
11111111111111117593900357113337016997287360110998491097500304284310188833095212770400415876157914653987539331300359763931372385343906269164582617420965558538153212046370491220235386880.000000 1.368625e-193 1.368432e-193 3.000000 111
111111111111111175939003571133370169972873601109984910975003042843101888330952127704004158761579146539875393313003597639313723853439062691645826174209655585381532120463704912202353868800.000000 4.708618e-194 4.707953e-194 3.000000 111
1111111111111111759390035711333701699728736011099849109750030428431018883309521277040041587615791465398753933130035976393137238534390626916458261742096555853815321204637049122023538688000.000000 3.827803e-195 3.827263e-195 3.000000 111
11111111111111115661631595604707844649611414645004818948036639431092689504477587044640844731377702385890656040339070782699564369592817680482043286899471730666698875312830116871744979468288.000000 4.010414e-197 4.009848e-197 3.000000 111
111111111111111172074466048116111825277521710177997566676075713136666889673716876252485016472018722003681626731081019676850107821936885514280747513166667929638623446996624163505373053976576.000000 1.312941e-197 1.312756e-197 3.000000 111
1111111111111111658912060112884984737649586846868178157977919856063708918221404739300543888087220427457716002000048949369083221715334020304966216554978876804499695694492949655902037502590976.000000 3.290815e-198 3.290351e-198 3.000000 111
11111111111111116094459798182640779255490826429387401509516500358213409354087935207210988667808469933944357897514399514495489365121061524346932096936286348109904646741143160725806830728511488.000000 5.055764e-200 5.055051e-200 3.000000 111
111111111111111164901884405396080337522948600608229055657266589201523532165888249558465488382594574064505995955032714978517636467468844673091161518270882840579784949041722293923776661664301056.000000 1.819134e-201 1.818877e-201 3.000000 111
1111111111111111775652009608190324814206776768141651854559916631835697357659167215148034138370261731847057302906766184459184134794951788478810512747765447909181480902586524912540433956776968192.000000 7.781377e-202 7.780278e-202 3.000000 111
11111111111111117249987433864985162386158604633179073353650163359075125432590533273226824365525353353662583655641905705895810267468464517796509537217428001078280283377188041232193670207233851392.000000 8.305691e-203 8.304519e-203 3.000000 111
111111111111111164395351743179162251767039437559991610465317586242241684021887110680211971364417310099698006581606958839821605386987791306099565928010656362566250423393045086030565992303765225472.000000 4.054937e-204 4.054365e-204 3.000000 111
1111111111111111546699246286143350052535835070338326627798967294240301996570652442177444446154138419753846106118324409768578086417515666598609305950143079847063875309384426944809211405814772793344.000000 1.982244e-204 1.981964e-204 3.000000 111
11111111111111114948303016751309380711307367741988122401433893912098407466249358210442843034927865897575079942795269811661045037762558018186699175074958884984779398829598808565444388632959037472768.000000 3.341309e-205 3.340838e-205 3.000000 111
111111111111111137034483460870114931575850086346397770977000242393673374675521593032469996110554219776629652586641315252016790543723212634681538524514262926187169485954097024470898476125061803671552.000000 2.906844e-206 2.906433e-206 3.000000 111
1111111111111111469933208261844980320056289592051845334068711997755219346650991842900367435015337711359265700596904215436917184108451066724299011055025236651156690878276098734177348042886846605164544.000000 3.828542e-207 3.828001e-207 3.000000 111
11111111111111115496039071843600451234945205749221394335076796568100078265676125729609014141431741222336410403812970657703166070454262190262859117029313225625846876932642015257520386681958294599237632.000000 1.149826e-208 1.149664e-208 3.000000 111
111111111111111103971143408026363038148984228455225719709828663885936155510123990057348394772502109263763886576118282363656030024878524429356974755633237272944550807734034365967401866621833918946476032.000000 3.266944e-209 3.266483e-209 3.000000 111
211111111111111100944455629277399204096434556000728082358070414836283003945678065591544733177208361131791398992092164771838165759246802913996359796680477150815574398800824347778583679928001047801364480.000000 3.605452e-208 3.604943e-208 3.000000 111
311111111111111131910599390801529686177530102904222594100271700316672937145656985951568902676458148306219056382740329988937388613391146380816822447500980350895876630929204853994966826699334194686853120.000000 4.831858e-208 4.831176e-208 3.000000 111
411111111111111094891080071779471535991335211091732807654553916736976700816786216659937409986620864867846423824039929588202437227983359883275129878774956906557621580934404311400947306540335305511141376.000000 4.674817e-208 4.674157e-208 3.000000 111
511111111111111057871560752757413385805140319279243021208836133157280464487915447368305917296783581429473791265339529187467485842575573385733437310048933462219366530939603768806927786381336416335429632.000000 1.669029e-208 1.668794e-208 3.000000 111
611111111111111020852041433735355235618945427466753234763118349577584228159044678076674424606946297991101158706639128786732534457167786888191744741322910017881111480944803226212908266222337527159717888.000000 8.578395e-209 8.577184e-209 3.000000 111
711111111111110983832522114713297085432750535654263448317400565997887991830173908785042931917109014552728526147938728385997583071760000390650052172596886573542856430950002683618888746063338637984006144.000000 1.357938e-208 1.357747e-208 3.000000 111
811111111111110946813002795691238935246555643841773661871682782418191755501303139493411439227271731114355893589238327985262631686352213893108359603870863129204601380955202141024869225904339748808294400.000000 2.152653e-209 2.152349e-209 3.000000 111
911111111111110909793483476669180785060360752029283875425964998838495519172432370201779946537434447675983261030537927584527680300944427395566667035144839684866346330960401598430849705745340859632582656.000000 4.134300e-209 4.133716e-209 3.000000 111
1011111111111110872773964157647122634874165860216794088980247215258799282843561600910148453847597164237610628471837527183792728915536640898024974466418816240528091280965601055836830185586341970456870912.000000 3.399657e-209 3.399177e-209 3.000000 111
1111111111111110835754444838625064484687970968404304302534529431679103046514690831618516961157759880799237995913137126783057777530128854400483281897692792796189836230970800513242810665427343081281159168.000000 1.241115e-208 1.240940e-208 3.000000 111
1211111111111110798734925519603006334501776076591814516088811648099406810185820062326885468467922597360865363354436726382322826144721067902941589328966769351851581180975999970648791145268344192105447424.000000 4.690459e-208 4.689797e-208 3.000000 111
1311111111111110897686732361673325448850162062211293326018932002639882912914648672338565300156259455148093310694433457217256223238417541334124207199333799196350440695227561525675576958970009375052136448.000000 6.104273e-208 6.103412e-208 3.000000 111
1411111111111110996638539203743644563198548047830772135949052357180359015643477282350245131844596312935321258034430188052189620332114014765306825069700829040849300209479123080702362772671674557998825472.000000 5.963527e-208 5.962686e-208 3.000000 111
1511111111111111095590346045813963677546934033450250945879172711720835118372305892361924963532933170722549205374426918887123017425810488196489442940067858885348159723730684635729148586373339740945514496.000000 1.119876e-208 1.119718e-208 3.000000 111
1611111111111111194542152887884282791895320019069729755809293066261311221101134502373604795221270028509777152714423649722056414519506961627672060810434888729847019237982246190755934400075004923892203520.000000 5.782395e-209 5.781579e-209 3.000000 111
1711111111111111293493959729954601906243706004689208565739413420801787323829963112385284626909606886297005100054420380556989811613203435058854678680801918574345878752233807745782720213776670106838892544.000000 6.268189e-209 6.267305e-209 3.000000 111
1811111111111111392445766572024921020592091990308687375669533775342263426558791722396964458597943744084233047394417111391923208706899908490037296551168948418844738266485369300809506027478335289785581568.000000 2.098852e-208 2.098556e-208 3.000000 111
1911111111111111491397573414095240134940477975928166185599654129882739529287620332408644290286280601871460994734413842226856605800596381921219914421535978263343597780736930855836291841180000472732270592.000000 1.551545e-209 1.551326e-209 3.000000 111
2011111111111111590349380256165559249288863961547644995529774484423215632016448942420324121974617459658688942074410573061790002894292855352402532291903008107842457294988492410863077654881665655678959616.000000 7.782418e-209 7.781320e-209 3.000000 111
2111111111111111689301187098235878363637249947167123805459894838963691734745277552432003953662954317445916889414407303896723399987989328783585150162270037952341316809240053965889863468583330838625648640.000000 1.300598e-208 1.300414e-208 3.000000 111
2211111111111111788252993940306197477985635932786602615390015193504167837474106162443683785351291175233144836754404034731656797081685802214767768032637067796840176323491615520916649282284996021572337664.000000 2.268516e-208 2.268196e-208 3.000000 111
2311111111111111887204800782376516592334021918406081425320135548044643940202934772455363617039628033020372784094400765566590194175382275645950385903004097641339035837743177075943435095986661204519026688.000000 7.793223e-209 7.792122e-209 3.000000 111
2411111111111111986156607624446835706682407904025560235250255902585120042931763382467043448727964890807600731434397496401523591269078749077133003773371127485837895351994738630970220909688326387465715712.000000 3.415144e-208 3.414662e-208 3.000000 111
2511111111111112085108414466517154821030793889645039045180376257125596145660591992478723280416301748594828678774394227236456988362775222508315621643738157330336754866246300185997006723389991570412404736.000000 7.662733e-209 7.661651e-209 3.000000 111
2611111111111112184060221308587473935379179875264517855110496611666072248389420602490403112104638606382056626114390958071390385456471695939498239514105187174835614380497861741023792537091656753359093760.000000 4.066569e-209 4.065994e-209 3.000000 111
2711111111111112283012028150657793049727565860883996665040616966206548351118249212502082943792975464169284573454387688906323782550168169370680857384472217019334473894749423296050578350793321936305782784.000000 9.363906e-209 9.362584e-209 3.000000 111
2811111111111112381963834992728112164075951846503475474970737320747024453847077822513762775481312321956512520794384419741257179643864642801863475254839246863833333409000984851077364164494987119252471808.000000 8.814957e-209 8.813713e-209 3.000000 111
2911111111111112480915641834798431278424337832122954284900857675287500556575906432525442607169649179743740468134381150576190576737561116233046093125206276708332192923252546406104149978196652302199160832.000000 3.243891e-208 3.243433e-208 3.000000 111
3011111111111112579867448676868750392772723817742433094830978029827976659304735042537122438857986037530968415474377881411123973831257589664228710995573306552831052437504107961130935791898317485145849856.000000 2.504332e-208 2.503978e-208 3.000000 111
3111111111111112678819255518939069507121109803361911904761098384368452762033563652548802270546322895318196362814374612246057370924954063095411328865940336397329911951755669516157721605599982668092538880.000000 2.668967e-208 2.668590e-208 3.000000 111
3211111111111112777771062361009388621469495788981390714691218738908928864762392262560482102234659753105424310154371343080990768018650536526593946736307366241828771466007231071184507419301647851039227904.000000 3.973842e-208 3.973281e-208 3.000000 111
3311111111111112876722869203079707735817881774600869524621339093449404967491220872572161933922996610892652257494368073915924165112347009957776564606674396086327630980258792626211293233003313033985916928.000000 4.147498e-209 4.146913e-209 3.000000 111
3411111111111112975674676045150026850166267760220348334551459447989881070220049482583841765611333468679880204834364804750857562206043483388959182477041425930826490494510354181238079046704978216932605952.000000 2.120238e-208 2.119938e-208 3.000000 111
3511111111111113074626482887220345964514653745839827144481579802530357172948878092595521597299670326467108152174361535585790959299739956820141800347408455775325350008761915736264864860406643399879294976.000000 4.969396e-209 4.968695e-209 3.000000 111
3611111111111113173578289729290665078863039731459305954411700157070833275677706702607201428988007184254336099514358266420724356393436430251324418217775485619824209523013477291291650674108308582825984000.000000 2.139511e-208 2.139209e-208 3.000000 111
3711111111111113272530096571360984193211425717078784764341820511611309378406535312618881260676344042041564046854354997255657753487132903682507036088142515464323069037265038846318436487809973765772673024.000000 6.733249e-209 6.732298e-209 3.000000 111
3811111111111113371481903413431303307559811702698263574271940866151785481135363922630561092364680899828791994194351728090591150580829377113689653958509545308821928551516600401345222301511638948719362048.000000 1.586475e-209 1.586250e-209 3.000000 111
3911111111111113470433710255501622421908197688317742384202061220692261583864192532642240924053017757616019941534348458925524547674525850544872271828876575153320788065768161956372008115213304131666051072.000000 4.486951e-208 4.486318e-208 3.000000 111
4011111111111113569385517097571941536256583673937221194132181575232737686593021142653920755741354615403247888874345189760457944768222323976054889699243604997819647580019723511398793928914969314612740096.000000 3.170869e-208 3.170421e-208 3.000000 111
4111111111111113668337323939642260650604969659556700004062301929773213789321849752665600587429691473190475836214341920595391341861918797407237507569610634842318507094271285066425579742616634497559429120.000000 1.325057e-208 1.324870e-208 3.000000 111
4211111111111113767289130781712579764953355645176178813992422284313689892050678362677280419118028330977703783554338651430324738955615270838420125439977664686817366608522846621452365556318299680506118144.000000 2.774058e-208 2.773666e-208 3.000000 111
4311111111111113866240937623782898879301741630795657623922542638854165994779506972688960250806365188764931730894335382265258136049311744269602743310344694531316226122774408176479151370019964863452807168.000000 4.023199e-208 4.022631e-208 3.000000 111
4411111111111113965192744465853217993650127616415136433852662993394642097508335582700640082494702046552159678234332113100191533143008217700785361180711724375815085637025969731505937183721630046399496192.000000 5.352093e-208 5.351337e-208 3.000000 111
4511111111111114064144551307923537107998513602034615243782783347935118200237164192712319914183038904339387625574328843935124930236704691131967979051078754220313945151277531286532722997423295229346185216.000000 5.609148e-208 5.608356e-208 3.000000 111
4611111111111114163096358149993856222346899587654094053712903702475594302965992802723999745871375762126615572914325574770058327330401164563150596921445784064812804665529092841559508811124960412292874240.000000 5.030489e-208 5.029778e-208 3.000000 111
4711111111111114262048164992064175336695285573273572863643024057016070405694821412735679577559712619913843520254322305604991724424097637994333214791812813909311664179780654396586294624826625595239563264.000000 1.913710e-208 1.913440e-208 3.000000 111
4811111111111114360999971834134494451043671558893051673573144411556546508423650022747359409248049477701071467594319036439925121517794111425515832662179843753810523694032215951613080438528290778186252288.000000 5.661711e-209 5.660911e-209 3.000000 111
4911111111111113916066474031835304507253734034784656097999912213616333254921681115545793943423689770585897095339527242332185124695073545141801208776174660442960924951298329116156644916787299672643338240.000000 1.418662e-209 1.418462e-209 3.000000 111
5011111111111113471132976229536114563463796510676260522426680015676120001419712208344228477599330063470722723084735448224445127872352978858086584890169477132111326208564442280700209395046308567100424192.000000 2.164692e-208 2.164386e-208 3.000000 111
5111111111111113026199478427236924619673858986567864946853447817735906747917743301142663011774970356355548350829943654116705131049632412574371961004164293821261727465830555445243773873305317461557510144.000000 2.211370e-208 2.211057e-208 3.000000 111
5211111111111112581265980624937734675883921462459469371280215619795693494415774393941097545950610649240373978575151860008965134226911846290657337118159110510412128723096668609787338351564326356014596096.000000 4.607323e-209 4.606673e-209 3.000000 111
5311111111111112136332482822638544732093983938351073795706983421855480240913805486739532080126250942125199606320360065901225137404191280006942713232153927199562529980362781774330902829823335250471682048.000000 3.326526e-208 3.326057e-208 3.000000 111
5411111111111111691398985020339354788304046414242678220133751223915266987411836579537966614301891235010025234065568271793485140581470713723228089346148743888712931237628894938874467308082344144928768000.000000 1.812539e-208 1.812284e-208 3.000000 111
5511111111111111246465487218040164844514108890134282644560519025975053733909867672336401148477531527894850861810776477685745143758750147439513465460143560577863332494895008103418031786341353039385853952.000000 1.419723e-208 1.419523e-208 3.000000 111
5611111111111110801531989415740974900724171366025887068987286828034840480407898765134835682653171820779676489555984683578005146936029581155798841574138377267013733752161121267961596264600361933842939904.000000 1.095059e-209 1.094904e-209 3.000000 111
5711111111111110356598491613441784956934233841917491493414054630094627226905929857933270216828812113664502117301192889470265150113309014872084217688133193956164135009427234432505160742859370828300025856.000000 3.930323e-208 3.929768e-208 3.000000 111
5811111111111109911664993811142595013144296317809095917840822432154413973403960950731704751004452406549327745046401095362525153290588448588369593802128010645314536266693347597048725221118379722757111808.000000 2.694116e-208 2.693736e-208 3.000000 111
5911111111111109466731496008843405069354358793700700342267590234214200719901992043530139285180092699434153372791609301254785156467867882304654969916122827334464937523959460761592289699377388617214197760.000000 3.115447e-208 3.115007e-208 3.000000 111
6011111111111109021797998206544215125564421269592304766694358036273987466400023136328573819355732992318979000536817507147045159645147316020940346030117644023615338781225573926135854177636397511671283712.000000 1.135723e-208 1.135563e-208 3.000000 111
6111111111111108576864500404245025181774483745483909191121125838333774212898054229127008353531373285203804628282025713039305162822426749737225722144112460712765740038491687090679418655895406406128369664.000000 3.942519e-208 3.941963e-208 3.000000 111
6211111111111108131931002601945835237984546221375513615547893640393560959396085321925442887707013578088630256027233918931565165999706183453511098258107277401916141295757800255222983134154415300585455616.000000 2.069707e-208 2.069414e-208 3.000000 111
6311111111111107686997504799646645294194608697267118039974661442453347705894116414723877421882653870973455883772442124823825169176985617169796474372102094091066542553023913419766547612413424195042541568.000000 7.839046e-209 7.837939e-209 3.000000 111
6411111111111107242064006997347455350404671173158722464401429244513134452392147507522311956058294163858281511517650330716085172354265050886081850486096910780216943810290026584310112090672433089499627520.000000 6.872507e-209 6.871536e-209 3.000000 111
6511111111111106797130509195048265406614733649050326888828197046572921198890178600320746490233934456743107139262858536608345175531544484602367226600091727469367345067556139748853676568931441983956713472.000000 2.263977e-208 2.263658e-208 3.000000 111
6611111111111106352197011392749075462824796124941931313254964848632707945388209693119181024409574749627932767008066742500605178708823918318652602714086544158517746324822252913397241047190450878413799424.000000 1.105193e-208 1.105037e-208 3.000000 111
6711111111111105907263513590449885519034858600833535737681732650692494691886240785917615558585215042512758394753274948392865181886103352034937978828081360847668147582088366077940805525449459772870885376.000000 2.376559e-208 2.376224e-208 3.000000 111
6811111111111105462330015788150695575244921076725140162108500452752281438384271878716050092760855335397584022498483154285125185063382785751223354942076177536818548839354479242484370003708468667327971328.000000 4.323161e-208 4.322551e-208 3.000000 111
6911111111111105017396517985851505631454983552616744586535268254812068184882302971514484626936495628282409650243691360177385188240662219467508731056070994225968950096620592407027934481967477561785057280.000000 2.391364e-208 2.391026e-208 3.000000 111
7011111111111104572463020183552315687665046028508349010962036056871854931380334064312919161112135921167235277988899566069645191417941653183794107170065810915119351353886705571571498960226486456242143232.000000 8.255563e-209 8.254397e-209 3.000000 111
7111111111111104127529522381253125743875108504399953435388803858931641677878365157111353695287776214052060905734107771961905194595221086900079483284060627604269752611152818736115063438485495350699229184.000000 8.432163e-209 8.430972e-209 3.000000 111
7211111111111103682596024578953935800085170980291557859815571660991428424376396249909788229463416506936886533479315977854165197772500520616364859398055444293420153868418931900658627916744504245156315136.000000 3.354854e-208 3.354381e-208 3.000000 111
7311111111111103237662526776654745856295233456183162284242339463051215170874427342708222763639056799821712161224524183746425200949779954332650235512050260982570555125685045065202192395003513139613401088.000000 2.506400e-208 2.506047e-208 3.000000 111
7411111111111102792729028974355555912505295932074766708669107265111001917372458435506657297814697092706537788969732389638685204127059388048935611626045077671720956382951158229745756873262522034070487040.000000 8.415020e-209 8.413832e-209 3.000000 111
7511111111111102347795531172056365968715358407966371133095875067170788663870489528305091831990337385591363416714940595530945207304338821765220987740039894360871357640217271394289321351521530928527572992.000000 1.869758e-208 1.869494e-208 3.000000 111
7611111111111101902862033369757176024925420883857975557522642869230575410368520621103526366165977678476189044460148801423205210481618255481506363854034711050021758897483384558832885829780539822984658944.000000 2.976239e-209 2.975818e-209 3.000000 111
7711111111111101457928535567457986081135483359749579981949410671290362156866551713901960900341617971361014672205357007315465213658897689197791739968029527739172160154749497723376450308039548717441744896.000000 2.856031e-208 2.855628e-208 3.000000 111
7811111111111101012995037765158796137345545835641184406376178473350148903364582806700395434517258264245840299950565213207725216836177122914077116082024344428322561412015610887920014786298557611898830848.000000 1.751784e-208 1.751537e-208 3.000000 111
7911111111111100568061539962859606193555608311532788830802946275409935649862613899498829968692898557130665927695773419099985220013456556630362492196019161117472962669281724052463579264557566506355916800.000000 2.176806e-209 2.176498e-209 3.000000 111
8011111111111100123128042160560416249765670787424393255229714077469722396360644992297264502868538850015491555440981624992245223190735990346647868310013977806623363926547837217007143742816575400813002752.000000 2.164083e-208 2.163777e-208 3.000000 111
8111111111111099678194544358261226305975733263315997679656481879529509142858676085095699037044179142900317183186189830884505226368015424062933244424008794495773765183813950381550708221075584295270088704.000000 1.145353e-208 1.145191e-208 3.000000 111
8211111111111099233261046555962036362185795739207602104083249681589295889356707177894133571219819435785142810931398036776765229545294857779218620538003611184924166441080063546094272699334593189727174656.000000 7.649083e-209 7.648003e-209 3.000000 111
8311111111111098788327548753662846418395858215099206528510017483649082635854738270692568105395459728669968438676606242669025232722574291495503996651998427874074567698346176710637837177593602084184260608.000000 3.871091e-208 3.870544e-208 3.000000 111
8411111111111098343394050951363656474605920690990810952936785285708869382352769363491002639571100021554794066421814448561285235899853725211789372765993244563224968955612289875181401655852610978641346560.000000 3.511611e-209 3.511115e-209 3.000000 111
8511111111111097898460553149064466530815983166882415377363553087768656128850800456289437173746740314439619694167022654453545239077133158928074748879988061252375370212878403039724966134111619873098432512.000000 3.633436e-208 3.632923e-208 3.000000 111
8611111111111097453527055346765276587026045642774019801790320889828442875348831549087871707922380607324445321912230860345805242254412592644360124993982877941525771470144516204268530612370628767555518464.000000 4.854683e-209 4.853997e-209 3.000000 111
8711111111111097008593557544466086643236108118665624226217088691888229621846862641886306242098020900209270949657439066238065245431692026360645501107977694630676172727410629368812095090629637662012604416.000000 3.882810e-208 3.882262e-208 3.000000 111
8811111111111096563660059742166896699446170594557228650643856493948016368344893734684740776273661193094096577402647272130325248608971460076930877221972511319826573984676742533355659568888646556469690368.000000 2.005240e-209 2.004957e-209 3.000000 111
8911111111111096118726561939867706755656233070448833075070624296007803114842924827483175310449301485978922205147855478022585251786250893793216253335967328008976975241942855697899224047147655450926776320.000000 2.710929e-208 2.710547e-208 3.000000 111
9011111111111095673793064137568516811866295546340437499497392098067589861340955920281609844624941778863747832893063683914845254963530327509501629449962144698127376499208968862442788525406664345383862272.000000 2.385452e-208 2.385116e-208 3.000000 111
9111111111111095228859566335269326868076358022232041923924159900127376607838987013080044378800582071748573460638271889807105258140809761225787005563956961387277777756475082026986353003665673239840948224.000000 2.615525e-208 2.615155e-208 3.000000 111
9211111111111094783926068532970136924286420498123646348350927702187163354337018105878478912976222364633399088383480095699365261318089194942072381677951778076428179013741195191529917481924682134298034176.000000 1.320288e-208 1.320102e-208 3.000000 111
9311111111111094338992570730670946980496482974015250772777695504246950100835049198676913447151862657518224716128688301591625264495368628658357757791946594765578580271007308356073481960183691028755120128.000000 3.770749e-208 3.770217e-208 3.000000 111
9411111111111093894059072928371757036706545449906855197204463306306736847333080291475347981327502950403050343873896507483885267672648062374643133905941411454728981528273421520617046438442699923212206080.000000 2.822314e-209 2.821915e-209 3.000000 111
9511111111111093449125575126072567092916607925798459621631231108366523593831111384273782515503143243287875971619104713376145270849927496090928510019936228143879382785539534685160610916701708817669292032.000000 2.914341e-208 2.913929e-208 3.000000 111
9611111111111093004192077323773377149126670401690064046057998910426310340329142477072217049678783536172701599364312919268405274027206929807213886133931044833029784042805647849704175394960717712126377984.000000 5.764655e-208 5.763841e-208 3.000000 111
9711111111111092559258579521474187205336732877581668470484766712486097086827173569870651583854423829057527227109521125160665277204486363523499262247925861522180185300071761014247739873219726606583463936.000000 2.433514e-208 2.433170e-208 3.000000 111
9811111111111093202095691007914015377823442372929021665918239619507262545786799697095576713055457251747157494044306380938272068214599876669579121874665104522027503071308770959757747022364048078019756032.000000 8.280042e-208 8.278873e-208 3.000000 111
9911111111111093844932802494353843550310151868276374861351712526528428004746425824320501842256490674436787760979091636715878859224713389815658981501404347521874820842545780905267754171508369549456048128.000000 3.614130e-208 3.613620e-208 3.000000 111
10011111111111094487769913980793671722796861363623728056785185433549593463706051951545426971457524097126418027913876892493485650234826902961738841128143590521722138613782790850777761320652691020892340224.000000 4.159547e-209 4.158960e-209 3.000000 111
10111111111111095130607025467233499895283570858971081252218658340570758922665678078770352100658557519816048294848662148271092441244940416107818700754882833521569456385019800796287768469797012492328632320.000000 2.078553e-208 2.078260e-208 3.000000 111
10211111111111095773444136953673328067770280354318434447652131247591924381625304205995277229859590942505678561783447404048699232255053929253898560381622076521416774156256810741797775618941333963764924416.000000 2.781011e-208 2.780618e-208 3.000000 111
10311111111111096416281248440113156240256989849665787643085604154613089840584930333220202359060624365195308828718232659826306023265167442399978420008361319521264091927493820687307782768085655435201216512.000000 2.943712e-208 2.943297e-208 3.000000 111
10411111111111097059118359926552984412743699345013140838519077061634255299544556460445127488261657787884939095653017915603912814275280955546058279635100562521111409698730830632817789917229976906637508608.000000 1.241881e-208 1.241706e-208 3.000000 111
10511111111111097701955471412992812585230408840360494033952549968655420758504182587670052617462691210574569362587803171381519605285394468692138139261839805520958727469967840578327797066374298378073800704.000000 1.423879e-209 1.423678e-209 3.000000 111
10611111111111098344792582899432640757717118335707847229386022875676586217463808714894977746663724633264199629522588427159126396295507981838217998888579048520806045241204850523837804215518619849510092800.000000 2.228909e-208 2.228595e-208 3.000000 111
10711111111111098987629694385872468930203827831055200424819495782697751676423434842119902875864758055953829896457373682936733187305621494984297858515318291520653363012441860469347811364662941320946384896.000000 6.051414e-210 5.667923e-210 33.000000 45
10811111111111099630466805872312297102690537326402553620252968689718917135383060969344828005065791478643460163392158938714339978315735008130377718142057534520500680783678870414857818513807262792382676992.000000 5.300193e-208 5.299445e-208 3.000000 111
10911111111111100273303917358752125275177246821749906815686441596740082594342687096569753134266824901333090430326944194491946769325848521276457577768796777520347998554915880360367825662951584263818969088.000000 3.479792e-208 3.479300e-208 3.000000 111
11011111111111100916141028845191953447663956317097260011119914503761248053302313223794678263467858324022720697261729450269553560335962034422537437395536020520195316326152890305877832812095905735255261184.000000 2.008844e-208 2.008561e-208 3.000000 111
11111111111111101558978140331631781620150665812444613206553387410782413512261939351019603392668891746712350964196514706047160351346075547568617297022275263520042634097389900251387839961240227206691553280.000000 3.437844e-208 3.437358e-208 3.000000 111
11211111111111102201815251818071609792637375307791966401986860317803578971221565478244528521869925169401981231131299961824767142356189060714697156649014506519889951868626910196897847110384548678127845376.000000 8.717603e-209 8.716372e-209 3.000000 111
11311111111111102844652363304511437965124084803139319597420333224824744430181191605469453651070958592091611498066085217602373933366302573860777016275753749519737269639863920142407854259528870149564137472.000000 2.773171e-209 2.772779e-209 3.000000 111
11411111111111103487489474790951266137610794298486672792853806131845909889140817732694378780271992014781241765000870473379980724376416087006856875902492992519584587411100930087917861408673191621000429568.000000 6.121018e-210 6.120152e-210 3.000000 111
11511111111111104130326586277391094310097503793834025988287279038867075348100443859919303909473025437470872031935655729157587515386529600152936735529232235519431905182337940033427868557817513092436721664.000000 1.315057e-208 1.314871e-208 3.000000 111
11611111111111104773163697763830922482584213289181379183720751945888240807060069987144229038674058860160502298870440984935194306396643113299016595155971478519279222953574949978937875706961834563873013760.000000 3.926397e-208 3.925843e-208 3.000000 111
11711111111111105416000809250270750655070922784528732379154224852909406266019696114369154167875092282850132565805226240712801097406756626445096454782710721519126540724811959924447882856106156035309305856.000000 5.699690e-208 5.698885e-208 3.000000 111
11811111111111106058837920736710578827557632279876085574587697759930571724979322241594079297076125705539762832740011496490407888416870139591176314409449964518973858496048969869957890005250477506745597952.000000 2.350438e-208 2.350106e-208 3.000000 111
11911111111111106701675032223150407000044341775223438770021170666951737183938948368819004426277159128229393099674796752268014679426983652737256174036189207518821176267285979815467897154394798978181890048.000000 2.162520e-208 2.162214e-208 3.000000 111
12011111111111107344512143709590235172531051270570791965454643573972902642898574496043929555478192550919023366609582008045621470437097165883336033662928450518668494038522989760977904303539120449618182144.000000 5.377613e-208 5.376854e-208 3.000000 111
12111111111111107987349255196030063345017760765918145160888116480994068101858200623268854684679225973608653633544367263823228261447210679029415893289667693518515811809759999706487911452683441921054474240.000000 1.665563e-208 1.665327e-208 3.000000 111
12211111111111108630186366682469891517504470261265498356321589388015233560817826750493779813880259396298283900479152519600835052457324192175495752916406936518363129580997009651997918601827763392490766336.000000 1.006614e-208 1.006472e-208 3.000000 111
12311111111111109273023478168909719689991179756612851551755062295036399019777452877718704943081292818987914167413937775378441843467437705321575612543146179518210447352234019597507925750972084863927058432.000000 2.811982e-208 2.811585e-208 3.000000 111
12411111111111109915860589655349547862477889251960204747188535202057564478737079004943630072282326241677544434348723031156048634477551218467655472169885422518057765123471029543017932900116406335363350528.000000 4.920069e-208 4.919374e-208 3.000000 111
12511111111111110558697701141789376034964598747307557942622008109078729937696705132168555201483359664367174701283508286933655425487664731613735331796624665517905082894708039488527940049260727806799642624.000000 3.413825e-208 3.413343e-208 3.000000 111
12611111111111111201534812628229204207451308242654911138055481016099895396656331259393480330684393087056804968218293542711262216497778244759815191423363908517752400665945049434037947198405049278235934720.000000 5.850842e-209 5.850016e-209 3.000000 111
12711111111111111844371924114669032379938017738002264333488953923121060855615957386618405459885426509746435235153078798488869007507891757905895051050103151517599718437182059379547954347549370749672226816.000000 3.045505e-208 3.045075e-208 3.000000 111
12811111111111112487209035601108860552424727233349617528922426830142226314575583513843330589086459932436065502087864054266475798518005271051974910676842394517447036208419069325057961496693692221108518912.000000 3.670222e-208 3.669704e-208 3.000000 111
12911111111111113130046147087548688724911436728696970724355899737163391773535209641068255718287493355125695769022649310044082589528118784198054770303581637517294353979656079270567968645838013692544811008.000000 9.960444e-209 9.959038e-209 3.000000 111
13011111111111113772883258573988516897398146224044323919789372644184557232494835768293180847488526777815326035957434565821689380538232297344134629930320880517141671750893089216077975794982335163981103104.000000 8.056704e-209 8.055566e-209 3.000000 111
13111111111111114415720370060428345069884855719391677115222845551205722691454461895518105976689560200504956302892219821599296171548345810490214489557060123516988989522130099161587982944126656635417395200.000000 1.711967e-209 1.711725e-209 3.000000 111
13211111111111115058557481546868173242371565214739030310656318458226888150414088022743031105890593623194586569827005077376902962558459323636294349183799366516836307293367109107097990093270978106853687296.000000 2.784452e-209 2.784059e-209 3.000000 111
13311111111111115701394593033308001414858274710086383506089791365248053609373714149967956235091627045884216836761790333154509753568572836782374208810538609516683625064604119052607997242415299578289979392.000000 1.580465e-208 1.580242e-208 3.000000 111
13411111111111116344231704519747829587344984205433736701523264272269219068333340277192881364292660468573847103696575588932116544578686349928454068437277852516530942835841128998118004391559621049726271488.000000 2.091574e-209 2.091278e-209 3.000000 111
13511111111111116987068816006187657759831693700781089896956737179290384527292966404417806493493693891263477370631360844709723335588799863074533928064017095516378260607078138943628011540703942521162563584.000000 3.371148e-208 3.370672e-208 3.000000 111
13611111111111117629905927492627485932318403196128443092390210086311549986252592531642731622694727313953107637566146100487330126598913376220613787690756338516225578378315148889138018689848263992598855680.000000 9.610324e-209 9.608968e-209 3.000000 111
13711111111111118272743038979067314104805112691475796287823682993332715445212218658867656751895760736642737904500931356264936917609026889366693647317495581516072896149552158834648025838992585464035147776.000000 6.569429e-209 6.568502e-209 3.000000 111
13811111111111118915580150465507142277291822186823149483257155900353880904171844786092581881096794159332368171435716612042543708619140402512773506944234824515920213920789168780158032988136906935471439872.000000 4.674147e-209 4.673487e-209 3.000000 111
13911111111111119558417261951946970449778531682170502678690628807375046363131470913317507010297827582021998438370501867820150499629253915658853366570974067515767531692026178725668040137281228406907731968.000000 6.748733e-209 6.747780e-209 3.000000 111
14011111111111120201254373438386798622265241177517855874124101714396211822091097040542432139498861004711628705305287123597757290639367428804933226197713310515614849463263188671178047286425549878344024064.000000 1.655449e-209 1.655215e-209 3.000000 111
14111111111111120844091484924826626794751950672865209069557574621417377281050723167767357268699894427401258972240072379375364081649480941951013085824452553515462167234500198616688054435569871349780316160.000000 1.601455e-208 1.601229e-208 3.000000 111
14211111111111121486928596411266454967238660168212562264991047528438542740010349294992282397900927850090889239174857635152970872659594455097092945451191796515309485005737208562198061584714192821216608256.000000 5.250471e-208 5.249730e-208 3.000000 111
14311111111111122129765707897706283139725369663559915460424520435459708198969975422217207527101961272780519506109642890930577663669707968243172805077931039515156802776974218507708068733858514292652900352.000000 3.160213e-208 3.159767e-208 3.000000 111
14411111111111122772602819384146111312212079158907268655857993342480873657929601549442132656302994695470149773044428146708184454679821481389252664704670282515004120548211228453218075883002835764089192448.000000 7.581523e-210 7.580455e-210 3.000000 111
14511111111111123415439930870585939484698788654254621851291466249502039116889227676667057785504028118159780039979213402485791245689934994535332524331409525514851438319448238398728083032147157235525484544.000000 5.950357e-209 5.949517e-209 3.000000 111
14611111111111124058277042357025767657185498149601975046724939156523204575848853803891982914705061540849410306913998658263398036700048507681412383958148768514698756090685248344238090181291478706961776640.000000 1.137596e-208 1.137435e-208 3.000000 111
14711111111111124701114153843465595829672207644949328242158412063544370034808479931116908043906094963539040573848783914041004827710162020827492243584888011514546073861922258289748097330435800178398068736.000000 4.892833e-208 4.892143e-208 3.000000 111
14811111111111125343951265329905424002158917140296681437591884970565535493768106058341833173107128386228670840783569169818611618720275533973572103211627254514393391633159268235258104479580121649834360832.000000 2.481888e-208 2.481538e-208 3.000000 111
14911111111111125986788376816345252174645626635644034633025357877586700952727732185566758302308161808918301107718354425596218409730389047119651962838366497514240709404396278180768111628724443121270652928.000000 8.487278e-209 8.486080e-209 3.000000 111
15011111111111126629625488302785080347132336130991387828458830784607866411687358312791683431509195231607931374653139681373825200740502560265731822465105740514088027175633288126278118777868764592706945024.000000 9.545957e-209 9.544610e-209 3.000000 111
15111111111111127272462599789224908519619045626338741023892303691629031870646984440016608560710228654297561641587924937151431991750616073411811682091844983513935344946870298071788125927013086064143237120.000000 1.047629e-208 1.047481e-208 3.000000 111
15211111111111127915299711275664736692105755121686094219325776598650197329606610567241533689911262076987191908522710192929038782760729586557891541718584226513782662718107308017298133076157407535579529216.000000 1.008194e-208 1.008052e-208 3.000000 111
15311111111111128558136822762104564864592464617033447414759249505671362788566236694466458819112295499676822175457495448706645573770843099703971401345323469513629980489344317962808140225301729007015821312.000000 5.508092e-209 5.507314e-209 3.000000 111
15411111111111129200973934248544393037079174112380800610192722412692528247525862821691383948313328922366452442392280704484252364780956612850051260972062712513477298260581327908318147374446050478452113408.000000 4.792852e-209 4.792175e-209 3.000000 111
15511111111111129843811045734984221209565883607728153805626195319713693706485488948916309077514362345056082709327065960261859155791070125996131120598801955513324616031818337853828154523590371949888405504.000000 3.327683e-208 3.327213e-208 3.000000 111
15611111111111130486648157221424049382052593103075507001059668226734859165445115076141234206715395767745712976261851216039465946801183639142210980225541198513171933803055347799338161672734693421324697600.000000 7.698747e-209 7.697660e-209 3.000000 111
15711111111111131129485268707863877554539302598422860196493141133756024624404741203366159335916429190435343243196636471817072737811297152288290839852280441513019251574292357744848168821879014892760989696.000000 6.289339e-208 6.288451e-208 3.000000 111
15811111111111131772322380194303705727026012093770213391926614040777190083364367330591084465117462613124973510131421727594679528821410665434370699479019684512866569345529367690358175971023336364197281792.000000 5.395378e-208 5.394617e-208 3.000000 111
15911111111111132415159491680743533899512721589117566587360086947798355542323993457816009594318496035814603777066206983372286319831524178580450559105758927512713887116766377635868183120167657835633573888.000000 2.318408e-209 2.318081e-209 3.000000 111
16011111111111133057996603167183362071999431084464919782793559854819521001283619585040934723519529458504234044000992239149893110841637691726530418732498170512561204888003387581378190269311979307069865984.000000 2.309215e-208 2.308889e-208 3.000000 111
16111111111111133700833714653623190244486140579812272978227032761840686460243245712265859852720562881193864310935777494927499901851751204872610278359237413512408522659240397526888197418456300778506158080.000000 2.070968e-208 2.070676e-208 3.000000 111
16211111111111134343670826140063018416972850075159626173660505668861851919202871839490784981921596303883494577870562750705106692861864718018690137985976656512255840430477407472398204567600622249942450176.000000 2.223060e-208 2.222746e-208 3.000000 111
16311111111111134986507937626502846589459559570506979369093978575883017378162497966715710111122629726573124844805348006482713483871978231164769997612715899512103158201714417417908211716744943721378742272.000000 1.533523e-208 1.533306e-208 3.000000 111
16411111111111135629345049112942674761946269065854332564527451482904182837122124093940635240323663149262755111740133262260320274882091744310849857239455142511950475972951427363418218865889265192815034368.000000 3.456612e-208 3.456124e-208 3.000000 111
16511111111111136272182160599382502934432978561201685759960924389925348296081750221165560369524696571952385378674918518037927065892205257456929716866194385511797793744188437308928226015033586664251326464.000000 4.756074e-209 4.755403e-209 3.000000 111
16611111111111136915019272085822331106919688056549038955394397296946513755041376348390485498725729994642015645609703773815533856902318770603009576492933628511645111515425447254438233164177908135687618560.000000 1.341263e-208 1.341073e-208 3.000000 111
16711111111111137557856383572262159279406397551896392150827870203967679214001002475615410627926763417331645912544489029593140647912432283749089436119672871511492429286662457199948240313322229607123910656.000000 3.009676e-208 3.009251e-208 3.000000 111
16811111111111138200693495058701987451893107047243745346261343110988844672960628602840335757127796840021276179479274285370747438922545796895169295746412114511339747057899467145458247462466551078560202752.000000 2.646200e-208 2.645827e-208 3.000000 111
16911111111111138843530606545141815624379816542591098541694816018010010131920254730065260886328830262710906446414059541148354229932659310041249155373151357511187064829136477090968254611610872549996494848.000000 4.231318e-208 4.230721e-208 3.000000 111
17011111111111139486367718031581643796866526037938451737128288925031175590879880857290186015529863685400536713348844796925961020942772823187329014999890600511034382600373487036478261760755194021432786944.000000 4.489622e-209 4.488988e-209 3.000000 111
17111111111111140129204829518021471969353235533285804932561761832052341049839506984515111144730897108090166980283630052703567811952886336333408874626629843510881700371610496981988268909899515492869079040.000000 2.034235e-208 2.033948e-208 3.000000 111
17211111111111140772041941004461300141839945028633158127995234739073506508799133111740036273931930530779797247218415308481174602962999849479488734253369086510729018142847506927498276059043836964305371136.000000 5.737891e-209 5.737081e-209 3.000000 111
17311111111111141414879052490901128314326654523980511323428707646094671967758759238964961403132963953469427514153200564258781393973113362625568593880108329510576335914084516873008283208188158435741663232.000000 1.453149e-208 1.452944e-208 3.000000 111
17411111111111142057716163977340956486813364019327864518862180553115837426718385366189886532333997376159057781087985820036388184983226875771648453506847572510423653685321526818518290357332479907177955328.000000 2.940323e-208 2.939908e-208 3.000000 111
17511111111111142700553275463780784659300073514675217714295653460137002885678011493414811661535030798848688048022771075813994975993340388917728313133586815510270971456558536764028297506476801378614247424.000000 4.598035e-208 4.597386e-208 3.000000 111
17611111111111143343390386950220612831786783010022570909729126367158168344637637620639736790736064221538318314957556331591601767003453902063808172760326058510118289227795546709538304655621122850050539520.000000 6.252304e-209 6.251421e-209 3.000000 111
17711111111111143986227498436660441004273492505369924105162599274179333803597263747864661919937097644227948581892341587369208558013567415209888032387065301509965606999032556655048311804765444321486831616.000000 2.621926e-209 2.621556e-209 3.000000 111
17811111111111144629064609923100269176760202000717277300596072181200499262556889875089587049138131066917578848827126843146815349023680928355967892013804544509812924770269566600558318953909765792923123712.000000 2.300361e-208 2.300037e-208 3.000000 111
17911111111111145271901721409540097349246911496064630496029545088221664721516516002314512178339164489607209115761912098924422140033794441502047751640543787509660242541506576546068326103054087264359415808.000000 4.257575e-209 4.256974e-209 3.000000 111
18011111111111145914738832895979925521733620991411983691463017995242830180476142129539437307540197912296839382696697354702028931043907954648127611267283030509507560312743586491578333252198408735795707904.000000 2.776575e-208 2.776183e-208 3.000000 111
18111111111111146557575944382419753694220330486759336886896490902263995639435768256764362436741231334986469649631482610479635722054021467794207470894022273509354878083980596437088340401342730207232000000.000000 1.147412e-208 1.147250e-208 3.000000 111
18211111111111147200413055868859581866707039982106690082329963809285161098395394383989287565942264757676099916566267866257242513064134980940287330520761516509202195855217606382598347550487051678668292096.000000 2.625002e-208 2.624632e-208 3.000000 111
18311111111111147843250167355299410039193749477454043277763436716306326557355020511214212695143298180365730183501053122034849304074248494086367190147500759509049513626454616328108354699631373150104584192.000000 5.067374e-208 5.066658e-208 3.000000 111
18411111111111148486087278841739238211680458972801396473196909623327492016314646638439137824344331603055360450435838377812456095084362007232447049774240002508896831397691626273618361848775694621540876288.000000 3.507387e-208 3.506891e-208 3.000000 111
18511111111111149128924390328179066384167168468148749668630382530348657475274272765664062953545365025744990717370623633590062886094475520378526909400979245508744149168928636219128368997920016092977168384.000000 5.611345e-209 5.610553e-209 3.000000 111
18611111111111149771761501814618894556653877963496102864063855437369822934233898892888988082746398448434620984305408889367669677104589033524606769027718488508591466940165646164638376147064337564413460480.000000 2.411425e-208 2.411085e-208 3.000000 111
18711111111111150414598613301058722729140587458843456059497328344390988393193525020113913211947431871124251251240194145145276468114702546670686628654457731508438784711402656110148383296208659035849752576.000000 4.080868e-208 4.080292e-208 3.000000 111
18811111111111151057435724787498550901627296954190809254930801251412153852153151147338838341148465293813881518174979400922883259124816059816766488281196974508286102482639666055658390445352980507286044672.000000 1.476694e-208 1.476486e-208 3.000000 111
18911111111111151700272836273938379074114006449538162450364274158433319311112777274563763470349498716503511785109764656700490050134929572962846347907936217508133420253876676001168397594497301978722336768.000000 3.458537e-208 3.458049e-208 3.000000 111
19011111111111152343109947760378207246600715944885515645797747065454484770072403401788688599550532139193142052044549912478096841145043086108926207534675460507980738025113685946678404743641623450158628864.000000 2.992242e-208 2.991820e-208 3.000000 111
19111111111111152985947059246818035419087425440232868841231219972475650229032029529013613728751565561882772318979335168255703632155156599255006067161414703507828055796350695892188411892785944921594920960.000000 5.826564e-209 5.825741e-209 3.000000 111
19211111111111153628784170733257863591574134935580222036664692879496815687991655656238538857952598984572402585914120424033310423165270112401085926788153946507675373567587705837698419041930266393031213056.000000 3.631825e-208 3.631313e-208 3.000000 111
19311111111111154271621282219697691764060844430927575232098165786517981146951281783463463987153632407262032852848905679810917214175383625547165786414893189507522691338824715783208426191074587864467505152.000000 3.648227e-209 3.647712e-209 3.000000 111
19411111111111154914458393706137519936547553926274928427531638693539146605910907910688389116354665829951663119783690935588524005185497138693245646041632432507370009110061725728718433340218909335903797248.000000 7.723666e-209 7.722576e-209 3.000000 111
19511111111111155557295505192577348109034263421622281622965111600560312064870534037913314245555699252641293386718476191366130796195610651839325505668371675507217326881298735674228440489363230807340089344.000000 1.687391e-208 1.687153e-208 3.000000 111
19611111111111156200132616679017176281520972916969634818398584507581477523830160165138239374756732675330923653653261447143737587205724164985405365295110918507064644652535745619738447638507552278776381440.000000 1.386775e-208 1.386579e-208 3.000000 111
19711111111111154667428509587978968221454388373405490471818647204679885557866596223510183313906979838410944642208892603150650802550169519271896257896361308885518129395830962003315569445881248596254261248.000000 1.461471e-208 1.461265e-208 3.000000 111
19811111111111153134724402496940760161387803829841346125238709901778293591903032281882127253057227001490965630764523759157564017894614873558387150497611699263971614139126178386892691253254944913732141056.000000 5.559338e-209 5.558553e-209 3.000000 111
19911111111111151602020295405902552101321219286277201778658772598876701625939468340254071192207474164570986619320154915164477233239060227844878043098862089642425098882421394770469813060628641231210020864.000000 3.564915e-208 3.564412e-208 3.000000 111
20011111111111150069316188314864344041254634742713057432078835295975109659975904398626015131357721327651007607875786071171390448583505582131368935700112480020878583625716611154046934868002337548687900672.000000 1.325159e-208 1.324972e-208 3.000000 111
20111111111111148536612081223826135981188050199148913085498897993073517694012340456997959070507968490731028596431417227178303663927950936417859828301362870399332068369011827537624056675376033866165780480.000000 2.197881e-208 2.197571e-208 3.000000 111
20211111111111147003907974132787927921121465655584768738918960690171925728048776515369903009658215653811049584987048383185216879272396290704350720902613260777785553112307043921201178482749730183643660288.000000 4.768983e-210 4.747250e-210 33.000000 45
20311111111111145471203867041749719861054881112020624392339023387270333762085212573741846948808462816891070573542679539192130094616841644990841613503863651156239037855602260304778300290123426501121540096.000000 1.623406e-209 1.623177e-209 3.000000 111
20411111111111143938499759950711511800988296568456480045759086084368741796121648632113790887958709979971091562098310695199043309961286999277332506105114041534692522598897476688355422097497122818599419904.000000 7.872069e-209 7.870957e-209 3.000000 111
20511111111111142405795652859673303740921712024892335699179148781467149830158084690485734827108957143051112550653941851205956525305732353563823398706364431913146007342192693071932543904870819136077299712.000000 1.251788e-208 1.251611e-208 3.000000 111
20611111111111140873091545768635095680855127481328191352599211478565557864194520748857678766259204306131133539209573007212869740650177707850314291307614822291599492085487909455509665712244515453555179520.000000 6.875437e-209 6.874466e-209 3.000000 111
20711111111111139340387438677596887620788542937764047006019274175663965898230956807229622705409451469211154527765204163219782955994623062136805183908865212670052976828783125839086787519618211771033059328.000000 8.056209e-209 8.055072e-209 3.000000 111
20811111111111137807683331586558679560721958394199902659439336872762373932267392865601566644559698632291175516320835319226696171339068416423296076510115603048506461572078342222663909326991908088510939136.000000 1.170339e-208 1.170174e-208 3.000000 111
20911111111111136274979224495520471500655373850635758312859399569860781966303828923973510583709945795371196504876466475233609386683513770709786969111365993426959946315373558606241031134365604405988818944.000000 7.964543e-209 7.963418e-209 3.000000 111
21011111111111134742275117404482263440588789307071613966279462266959190000340264982345454522860192958451217493432097631240522602027959124996277861712616383805413431058668774989818152941739300723466698752.000000 2.373610e-208 2.373275e-208 3.000000 111
21111111111111133209571010313444055380522204763507469619699524964057598034376701040717398462010440121531238481987728787247435817372404479282768754313866774183866915801963991373395274749112997040944578560.000000 5.625024e-208 5.624230e-208 3.000000 111
21211111111111131676866903222405847320455620219943325273119587661156006068413137099089342401160687284611259470543359943254349032716849833569259646915117164562320400545259207756972396556486693358422458368.000000 3.134960e-208 3.134517e-208 3.000000 111
21311111111111130144162796131367639260389035676379180926539650358254414102449573157461286340310934447691280459098991099261262248061295187855750539516367554940773885288554424140549518363860389675900338176.000000 1.718969e-208 1.718727e-208 3.000000 111
21411111111111128611458689040329431200322451132815036579959713055352822136486009215833230279461181610771301447654622255268175463405740542142241432117617945319227370031849640524126640171234085993378217984.000000 3.435507e-209 3.435022e-209 3.000000 111
21511111111111127078754581949291223140255866589250892233379775752451230170522445274205174218611428773851322436210253411275088678750185896428732324718868335697680854775144856907703761978607782310856097792.000000 3.936391e-208 3.935835e-208 3.000000 111
21611111111111125546050474858253015080189282045686747886799838449549638204558881332577118157761675936931343424765884567282001894094631250715223217320118726076134339518440073291280883785981478628333977600.000000 1.882641e-209 1.882375e-209 3.000000 111
21711111111111124013346367767214807020122697502122603540219901146648046238595317390949062096911923100011364413321515723288915109439076605001714109921369116454587824261735289674858005593355174945811857408.000000 4.803062e-208 4.802384e-208 3.000000 111
21811111111111122480642260676176598960056112958558459193639963843746454272631753449321006036062170263091385401877146879295828324783521959288205002522619506833041309005030506058435127400728871263289737216.000000 6.053947e-209 6.053092e-209 3.000000 111
21911111111111120947938153585138390899989528414994314847060026540844862306668189507692949975212417426171406390432778035302741540127967313574695895123869897211494793748325722442012249208102567580767617024.000000 4.889212e-208 4.888522e-208 3.000000 111
22011111111111119415234046494100182839922943871430170500480089237943270340704625566064893914362664589251427378988409191309654755472412667861186787725120287589948278491620938825589371015476263898245496832.000000 3.462803e-209 3.462314e-209 3.000000 111
22111111111111117882529939403061974779856359327866026153900151935041678374741061624436837853512911752331448367544040347316567970816858022147677680326370677968401763234916155209166492822849960215723376640.000000 3.284300e-208 3.283836e-208 3.000000 111
22211111111111116349825832312023766719789774784301881807320214632140086408777497682808781792663158915411469356099671503323481186161303376434168572927621068346855247978211371592743614630223656533201256448.000000 8.026837e-210 8.025707e-210 3.000000 111
22311111111111114817121725220985558659723190240737737460740277329238494442813933741180725731813406078491490344655302659330394401505748730720659465528871458725308732721506587976320736437597352850679136256.000000 1.298886e-208 1.298703e-208 3.000000 111
22411111111111113284417618129947350599656605697173593114160340026336902476850369799552669670963653241571511333210933815337307616850194085007150358130121849103762217464801804359897858244971049168157016064.000000 7.887691e-209 7.886578e-209 3.000000 111
22511111111111111751713511038909142539590021153609448767580402723435310510886805857924613610113900404651532321766564971344220832194639439293641250731372239482215702208097020743474980052344745485634895872.000000 5.061511e-208 5.060796e-208 3.000000 111
22611111111111110219009403947870934479523436610045304421000465420533718544923241916296557549264147567731553310322196127351134047539084793580132143332622629860669186951392237127052101859718441803112775680.000000 2.718337e-208 2.717953e-208 3.000000 111
22711111111111108686305296856832726419456852066481160074420528117632126578959677974668501488414394730811574298877827283358047262883530147866623035933873020239122671694687453510629223667092138120590655488.000000 1.511778e-208 1.511565e-208 3.000000 111
22811111111111107153601189765794518359390267522917015727840590814730534612996114033040445427564641893891595287433458439364960478227975502153113928535123410617576156437982669894206345474465834438068535296.000000 4.294558e-209 4.293952e-209 3.000000 111
22911111111111105620897082674756310299323682979352871381260653511828942647032550091412389366714889056971616275989089595371873693572420856439604821136373800996029641181277886277783467281839530755546415104.000000 1.563464e-208 1.563243e-208 3.000000 111
23011111111111104088192975583718102239257098435788727034680716208927350681068986149784333305865136220051637264544720751378786908916866210726095713737624191374483125924573102661360589089213227073024294912.000000 4.180435e-208 4.179845e-208 3.000000 111
23111111111111102555488868492679894179190513892224582688100778906025758715105422208156277245015383383131658253100351907385700124261311565012586606338874581752936610667868319044937710896586923390502174720.000000 5.454861e-208 5.454091e-208 3.000000 111
23211111111111101022784761401641686119123929348660438341520841603124166749141858266528221184165630546211679241655983063392613339605756919299077498940124972131390095411163535428514832703960619707980054528.000000 2.176992e-208 2.176685e-208 3.000000 111
23311111111111099490080654310603478059057344805096293994940904300222574783178294324900165123315877709291700230211614219399526554950202273585568391541375362509843580154458751812091954511334316025457934336.000000 1.596009e-208 1.595783e-208 3.000000 111
23411111111111097957376547219565269998990760261532149648360966997320982817214730383272109062466124872371721218767245375406439770294647627872059284142625752888297064897753968195669076318708012342935814144.000000 2.058750e-208 2.058459e-208 3.000000 111
23511111111111096424672440128527061938924175717968005301781029694419390851251166441644053001616372035451742207322876531413352985639092982158550176743876143266750549641049184579246198126081708660413693952.000000 2.654361e-208 2.653986e-208 3.000000 111
23611111111111094891968333037488853878857591174403860955201092391517798885287602500015996940766619198531763195878507687420266200983538336445041069345126533645204034384344400962823319933455404977891573760.000000 3.307753e-208 3.307286e-208 3.000000 111
23711111111111093359264225946450645818791006630839716608621155088616206919324038558387940879916866361611784184434138843427179416327983690731531961946376924023657519127639617346400441740829101295369453568.000000 7.600613e-209 7.599540e-209 3.000000 111
23811111111111091826560118855412437758724422087275572262041217785714614953360474616759884819067113524691805172989769999434092631672429045018022854547627314402111003870934833729977563548202797612847333376.000000 4.721070e-209 4.720404e-209 3.000000 111
23911111111111090293856011764374229698657837543711427915461280482813022987396910675131828758217360687771826161545401155441005847016874399304513747148877704780564488614230050113554685355576493930325213184.000000 1.574217e-209 1.573994e-209 3.000000 111
24011111111111088761151904673336021638591253000147283568881343179911431021433346733503772697367607850851847150101032311447919062361319753591004639750128095159017973357525266497131807162950190247803092992.000000 3.039206e-209 3.038777e-209 3.000000 111
24111111111111087228447797582297813578524668456583139222301405877009839055469782791875716636517855013931868138656663467454832277705765107877495532351378485537471458100820482880708928970323886565280972800.000000 1.719491e-208 1.719248e-208 3.000000 111
24211111111111085695743690491259605518458083913018994875721468574108247089506218850247660575668102177011889127212294623461745493050210462163986424952628875915924942844115699264286050777697582882758852608.000000 2.090708e-209 2.090414e-209 3.000000 111
24311111111111084163039583400221397458391499369454850529141531271206655123542654908619604514818349340091910115767925779468658708394655816450477317553879266294378427587410915647863172585071279200236732416.000000 1.550886e-208 1.550667e-208 3.000000 111
24411111111111082630335476309183189398324914825890706182561593968305063157579090966991548453968596503171931104323556935475571923739101170736968210155129656672831912330706132031440294392444975517714612224.000000 5.058385e-208 5.057671e-208 3.000000 111
24511111111111081097631369218144981338258330282326561835981656665403471191615527025363492393118843666251952092879188091482485139083546525023459102756380047051285397074001348415017416199818671835192492032.000000 2.405507e-208 2.405167e-208 3.000000 111
24611111111111079564927262127106773278191745738762417489401719362501879225651963083735436332269090829331973081434819247489398354427991879309949995357630437429738881817296564798594538007192368152670371840.000000 1.765420e-208 1.765171e-208 3.000000 111
24711111111111078032223155036068565218125161195198273142821782059600287259688399142107380271419337992411994069990450403496311569772437233596440887958880827808192366560591781182171659814566064470148251648.000000 1.910356e-208 1.910087e-208 3.000000 111
24811111111111076499519047945030357158058576651634128796241844756698695293724835200479324210569585155492015058546081559503224785116882587882931780560131218186645851303886997565748781621939760787626131456.000000 1.097603e-208 1.097448e-208 3.000000 111
24911111111111074966814940853992149097991992108069984449661907453797103327761271258851268149719832318572036047101712715510138000461327942169422673161381608565099336047182213949325903429313457105104011264.000000 4.393005e-209 4.392385e-209 3.000000 111
25011111111111073434110833762953941037925407564505840103081970150895511361797707317223212088870079481652057035657343871517051215805773296455913565762631998943552820790477430332903025236687153422581891072.000000 2.926555e-209 2.926141e-209 3.000000 111
25111111111111071901406726671915732977858823020941695756502032847993919395834143375595156028020326644732078024212975027523964431150218650742404458363882389322006305533772646716480147044060849740059770880.000000 3.315975e-209 3.315507e-209 3.000000 111
25211111111111070368702619580877524917792238477377551409922095545092327429870579433967099967170573807812099012768606183530877646494664005028895350965132779700459790277067863100057268851434546057537650688.000000 2.838008e-208 2.837607e-208 3.000000 111
25311111111111068835998512489839316857725653933813407063342158242190735463907015492339043906320820970892120001324237339537790861839109359315386243566383170078913275020363079483634390658808242375015530496.000000 6.734168e-208 6.733217e-208 3.000000 111
25411111111111067303294405398801108797659069390249262716762220939289143497943451550710987845471068133972140989879868495544704077183554713601877136167633560457366759763658295867211512466181938692493410304.000000 8.206492e-208 8.205334e-208 3.000000 111
25511111111111065770590298307762900737592484846685118370182283636387551531979887609082931784621315297052161978435499651551617292528000067888368028768883950835820244506953512250788634273555635009971290112.000000 5.690026e-208 5.689222e-208 3.000000 111
25611111111111064237886191216724692677525900303120974023602346333