Std No.	Outgassing	ChemProd	ChemLoss	DryDepo		WetDepo		Escape		Condensation	Net Flux	Global Change
3	0.000000e+00	9.650462e+11	-9.628258e+11	-1.690979e+03	-1.897183e-04	-2.220789e+09	0.000000e+00	-4.710384e+05	-5.476529e-12
1	0.000000e+00	1.048509e+11	-1.048509e+11	-6.712238e+00	-4.466700e-04	-0.000000e+00	0.000000e+00	-1.256046e+04	-7.486694e-12
54	0.000000e+00	9.191596e+07	-9.191597e+07	-0.000000e+00	0.000000e+00	-0.000000e+00	0.000000e+00	-4.221796e+00	-4.683368e-14
4	0.000000e+00	1.461747e+11	-1.461747e+11	-8.391576e-02	-1.445058e-03	-0.000000e+00	0.000000e+00	-5.857500e+04	-3.292774e-07
5	0.000000e+00	3.334972e+07	-3.334972e+07	-2.294659e-06	-1.948862e-03	-0.000000e+00	0.000000e+00	1.516712e-01	3.763221e-11
7	1.000000e-02	1.058738e+11	-9.598875e+10	-0.000000e+00	0.000000e+00	-0.000000e+00	-3.607231e+27	-3.607231e+27	-1.327542e+04
6	0.000000e+00	1.084822e+01	-1.084822e+01	-1.587864e-09	-4.137374e-07	-0.000000e+00	0.000000e+00	1.311197e-06	2.928794e-12
52	3.000000e+11	6.978399e+10	-7.865595e+10	-2.363890e+11	-5.473907e+10	-0.000000e+00	0.000000e+00	7.642811e+03	5.683177e-19
20	0.000000e+00	9.839758e+11	-9.838437e+11	-1.321057e+08	0.000000e+00	-0.000000e+00	0.000000e+00	-7.898248e+03	-1.050242e-19
22	0.000000e+00	3.055901e+11	-2.965714e+11	-4.549645e+07	-8.973273e+09	-0.000000e+00	0.000000e+00	3.863866e+02	3.732759e-14
61	0.000000e+00	1.144516e+12	-1.144514e+12	-2.221871e+06	-8.721536e-05	-0.000000e+00	0.000000e+00	-4.544980e+01	-1.219817e-13
60	0.000000e+00	1.115867e+09	-1.115864e+09	-0.000000e+00	-1.333253e-10	-0.000000e+00	0.000000e+00	2.570793e+03	5.609611e-11
21	3.000000e+08	7.464049e+08	-1.046402e+09	-0.000000e+00	0.000000e+00	-0.000000e+00	0.000000e+00	2.469167e+03	1.896344e-19
62	0.000000e+00	1.343314e+07	-1.343312e+07	-1.924510e-01	-8.167649e-12	-0.000000e+00	0.000000e+00	1.602032e+01	2.599151e-07
24	0.000000e+00	8.167084e+06	-7.987624e+06	-3.377838e+04	-1.456807e+05	-0.000000e+00	0.000000e+00	8.286390e-01	6.150232e-14
23	0.000000e+00	2.484136e-09	-2.482876e-09	-4.227975e-15	-1.290722e-12	-0.000000e+00	0.000000e+00	-3.467619e-14	-5.324593e-11
25	0.000000e+00	1.410024e-06	-1.410017e-06	-5.441981e-17	-5.434651e-14	-0.000000e+00	0.000000e+00	6.584065e-12	6.672422e-11
27	0.000000e+00	4.733527e+09	-4.733445e+09	-0.000000e+00	0.000000e+00	-0.000000e+00	0.000000e+00	8.175160e+04	2.436385e-11
28	0.000000e+00	7.554235e+07	-7.554235e+07	-0.000000e+00	-4.137955e-20	-0.000000e+00	0.000000e+00	-1.360599e+00	-1.900933e-08
29	0.000000e+00	1.598276e+08	-1.598274e+08	-0.000000e+00	0.000000e+00	-0.000000e+00	0.000000e+00	2.407428e+02	7.696233e-12
30	0.000000e+00	1.281803e+07	-1.281802e+07	-0.000000e+00	-8.023376e-12	-0.000000e+00	0.000000e+00	5.456672e+00	3.361971e-08
31	0.000000e+00	9.575955e+07	-8.650683e+07	-9.252755e+06	0.000000e+00	-0.000000e+00	0.000000e+00	-3.664295e+01	-6.942496e-18
33	0.000000e+00	3.812924e+06	-3.811617e+06	-7.728409e-01	-1.305857e+03	-0.000000e+00	0.000000e+00	-2.551327e-02	-6.243797e-15
34	0.000000e+00	1.837059e+07	-1.837052e+07	-4.238217e-01	-3.447257e-11	-0.000000e+00	0.000000e+00	6.762307e+01	7.547670e-08
35	0.000000e+00	1.975802e+06	-1.975693e+06	-4.559865e+01	-6.330575e+01	-0.000000e+00	0.000000e+00	-3.250355e-03	-6.314479e-14
36	0.000000e+00	2.306957e+05	-2.306957e+05	-3.099857e-07	-1.584869e-14	-0.000000e+00	0.000000e+00	-3.775267e-05	-6.346369e-15
40	0.000000e+00	2.608924e+11	-2.608924e+11	-0.000000e+00	-6.694442e-06	-0.000000e+00	0.000000e+00	-2.002496e+03	-9.896296e-12
41	0.000000e+00	2.350740e+11	-2.350740e+11	-0.000000e+00	-1.181279e-05	-0.000000e+00	0.000000e+00	-2.633061e+03	-4.169626e-11
76	0.000000e+00	7.241927e+09	-7.241927e+09	-0.000000e+00	-6.158179e-09	-0.000000e+00	0.000000e+00	9.652916e+01	2.857418e-09
77	0.000000e+00	6.799818e+10	-6.799818e+10	-0.000000e+00	-3.708139e-07	-0.000000e+00	0.000000e+00	1.001274e+03	6.194307e-10
42	0.000000e+00	4.034378e+10	-4.034378e+10	-0.000000e+00	-4.063631e-05	-0.000000e+00	0.000000e+00	2.370295e+03	1.010668e-11
43	3.000000e+09	2.017979e+11	-2.024453e+11	-1.159639e+09	-1.192907e+09	-0.000000e+00	0.000000e+00	-3.529942e+03	-2.048633e-12
74	0.000000e+00	1.993288e+11	-1.993288e+11	-0.000000e+00	-1.291774e-15	-0.000000e+00	0.000000e+00	4.133157e+03	7.632498e-01
75	0.000000e+00	1.847414e+10	-1.847414e+10	-0.000000e+00	-8.773463e-15	-0.000000e+00	0.000000e+00	4.029350e-01	1.114744e-05
44	0.000000e+00	2.550251e+05	-2.550250e+05	-0.000000e+00	-7.121941e-03	-0.000000e+00	0.000000e+00	2.214007e-02	1.504259e-12
45	3.000000e+08	4.288198e+11	-4.287367e+11	-3.811065e+08	-1.631896e+06	-0.000000e+00	0.000000e+00	4.357211e+05	3.767889e-12
46	0.000000e+00	5.618680e+11	-5.618684e+11	-0.000000e+00	-4.282452e-05	-0.000000e+00	0.000000e+00	-4.374724e+05	-2.105337e-09
47	0.000000e+00	1.670642e+10	-1.670642e+10	-0.000000e+00	-1.554267e-04	-0.000000e+00	0.000000e+00	1.751273e+03	1.562494e-11
48	0.000000e+00	4.155395e+05	-4.155395e+05	-0.000000e+00	-3.927385e-10	-0.000000e+00	0.000000e+00	-7.344335e-08	-1.584986e-21
68	0.000000e+00	3.722503e+03	-3.703908e+03	-0.000000e+00	-1.859509e+01	-0.000000e+00	0.000000e+00	-2.172200e-10	-1.019825e-18
73	0.000000e+00	1.415348e+05	-6.863295e+03	-3.677657e+03	-1.301232e+05	-0.000000e+00	-8.706569e+02	5.106161e-05	1.212257e-17
78	0.000000e+00	0.000000e+00	0.000000e+00	-8.706569e+02	-7.996056e-08	-0.000000e+00	8.706569e+02	4.484946e-10	8.608444e-24
79	0.000000e+00	7.057254e+07	0.000000e+00	-0.000000e+00	-2.132029e-02	-0.000000e+00	-7.057254e+07	-1.122579e-03	-1.444630e-19
111	0.000000e+00	0.000000e+00	0.000000e+00	-7.057254e+07	-3.485879e-03	-0.000000e+00	7.057254e+07	1.189128e-03	3.667038e-20
