Std No.	Outgassing	ChemProd	ChemLoss	DryDepo		WetDepo		Escape		Condensation	Net Flux	Global Change
3	0.000000e+00	2.234002e+12	-2.233991e+12	-5.150057e+06	-8.942242e-02	-6.270090e+06	0.000000e+00	1.811790e-03	2.877955e-18
53	3.000000e+10	1.121446e+10	-4.115748e+10	-0.000000e+00	0.000000e+00	-5.697589e+07	0.000000e+00	2.354383e-05	1.268228e-23
1	0.000000e+00	3.133299e+12	-3.133296e+12	-2.500252e+06	-8.723252e-01	-0.000000e+00	0.000000e+00	1.044895e-03	2.738097e-21
56	0.000000e+00	1.146157e+12	-1.146157e+12	-0.000000e+00	-1.339101e-17	-0.000000e+00	0.000000e+00	-7.324219e-04	-3.019741e-11
54	2.000000e+10	3.619699e+12	-3.639699e+12	-3.043313e+04	0.000000e+00	-0.000000e+00	0.000000e+00	1.167946e-03	2.749143e-22
2	0.000000e+00	1.267937e+12	-1.267934e+12	-2.430997e+06	-1.688390e+01	-0.000000e+00	0.000000e+00	4.978003e-04	2.175829e-18
4	0.000000e+00	2.445884e+12	-2.445830e+12	-5.423966e+07	-1.402819e+05	-0.000000e+00	0.000000e+00	6.652880e-04	1.810733e-17
5	0.000000e+00	2.308528e+12	-2.307909e+12	-2.021836e+08	-4.172004e+08	-0.000000e+00	0.000000e+00	-8.211732e-04	-4.141089e-18
7	1.000000e-02	5.838029e+11	-5.601195e+11	-0.000000e+00	0.000000e+00	-0.000000e+00	-7.052209e+26	-7.052209e+26	-1.380767e+04
6	0.000000e+00	6.486602e+10	-6.109149e+10	-5.830429e+08	-3.191480e+09	-0.000000e+00	0.000000e+00	4.291534e-06	5.088955e-21
52	1.000000e-02	1.692933e+12	-1.692539e+12	-0.000000e+00	-1.017782e+12	-0.000000e+00	0.000000e+00	-1.017388e+12	-4.656182e-12
20	1.000000e+08	1.656140e+12	-1.656240e+12	-5.941535e+01	0.000000e+00	-0.000000e+00	0.000000e+00	-3.099243e-04	-4.448228e-23
22	0.000000e+00	2.969022e+08	-2.910612e+08	-1.946988e+05	-5.646312e+06	-0.000000e+00	0.000000e+00	7.916242e-08	1.023510e-19
61	0.000000e+00	3.072283e+09	-3.072283e+09	-6.608677e+01	-4.420632e-10	-0.000000e+00	0.000000e+00	-2.414124e-06	-2.199562e-15
19	0.000000e+00	9.865174e+07	-9.865174e+07	-0.000000e+00	-4.641354e-25	-0.000000e+00	0.000000e+00	1.490116e-08	1.886783e-21
58	0.000000e+00	1.209988e+03	-1.209988e+03	-0.000000e+00	-6.224355e-25	-0.000000e+00	0.000000e+00	-2.046363e-12	-6.721631e-15
59	0.000000e+00	5.760060e+04	-5.760060e+04	-0.000000e+00	-1.713260e-17	-0.000000e+00	0.000000e+00	-7.275975e-12	-8.042806e-14
80	0.000000e+00	8.759996e+04	-8.759996e+04	-0.000000e+00	-3.528675e-15	-0.000000e+00	0.000000e+00	-1.455544e-11	-2.887805e-16
60	0.000000e+00	3.106310e+08	-3.106310e+08	-0.000000e+00	-2.785389e-09	-0.000000e+00	0.000000e+00	5.681926e-08	4.201214e-17
21	3.000000e+08	8.734255e+06	-3.087343e+08	-0.000000e+00	0.000000e+00	-0.000000e+00	0.000000e+00	-5.960464e-07	-1.475761e-22
62	0.000000e+00	2.149251e+05	-2.149251e+05	-2.566016e-02	-1.675412e-13	-0.000000e+00	0.000000e+00	4.335777e-11	5.178670e-16
24	0.000000e+00	1.285926e+02	-1.270314e+02	-1.046410e+00	-5.147058e-01	-0.000000e+00	0.000000e+00	3.863576e-14	8.666401e-21
63	0.000000e+00	2.120271e+11	-2.120269e+11	-4.939761e+03	-1.708233e+05	-0.000000e+00	0.000000e+00	-8.517629e-05	-2.831423e-16
23	0.000000e+00	1.004302e+06	-6.716122e+05	-1.207817e+04	-3.206117e+05	-0.000000e+00	0.000000e+00	-1.746230e-10	-5.535366e-21
71	0.000000e+00	2.953845e+08	-2.953845e+08	-2.044363e-03	-9.781056e-03	-0.000000e+00	0.000000e+00	2.616032e-07	4.443289e-11
25	0.000000e+00	6.510483e+00	-6.500945e+00	-5.700643e-03	-3.836445e-03	-0.000000e+00	0.000000e+00	-1.084202e-17	-5.416843e-22
26	0.000000e+00	1.629823e-31	-1.629823e-31	-0.000000e+00	-4.123682e-48	-0.000000e+00	0.000000e+00	1.491433e-46	6.996342e-17
64	0.000000e+00	3.811120e-02	-3.811120e-02	-0.000000e+00	-3.888567e-23	-0.000000e+00	0.000000e+00	-3.888567e-23	-1.285003e-20
27	0.000000e+00	8.757551e+00	-8.757551e+00	-0.000000e+00	0.000000e+00	-0.000000e+00	0.000000e+00	1.776357e-15	1.058726e-20
28	0.000000e+00	2.061569e+01	-2.061569e+01	-0.000000e+00	-2.239442e-15	-0.000000e+00	0.000000e+00	-5.792155e-15	-6.706998e-18
29	0.000000e+00	1.269629e+06	-1.269629e+06	-0.000000e+00	0.000000e+00	-0.000000e+00	0.000000e+00	4.656613e-10	2.141374e-19
30	0.000000e+00	2.387277e+06	-2.387277e+06	-0.000000e+00	-1.648843e-09	-0.000000e+00	0.000000e+00	2.138022e-10	3.648420e-19
31	0.000000e+00	1.930241e+06	-1.930233e+06	-7.680423e+00	0.000000e+00	-0.000000e+00	0.000000e+00	-8.112124e-10	-2.891219e-21
32	0.000000e+00	1.151852e+01	-1.151848e+01	-4.732561e-05	-3.127419e-16	-0.000000e+00	0.000000e+00	1.999908e-16	2.749458e-22
33	0.000000e+00	5.438704e+03	-5.391767e+03	-1.504081e+00	-4.543369e+01	-0.000000e+00	0.000000e+00	-3.893774e-12	-1.453891e-19
34	0.000000e+00	1.325549e+06	-1.325549e+06	-6.569889e-01	-4.786178e-12	-0.000000e+00	0.000000e+00	-1.695364e-10	-1.490858e-17
35	0.000000e+00	1.355794e+06	-1.355174e+06	-5.995649e+02	-2.013992e+01	-0.000000e+00	0.000000e+00	-1.750387e-10	-9.151713e-20
36	0.000000e+00	1.079609e+06	-1.079477e+06	-1.318621e+02	-8.545783e-10	-0.000000e+00	0.000000e+00	2.503156e-10	7.214506e-19
40	0.000000e+00	6.695892e+06	-6.695892e+06	-0.000000e+00	-2.432316e-11	-0.000000e+00	0.000000e+00	-2.432316e-11	-2.328516e-18
41	0.000000e+00	4.624325e+01	-4.624325e+01	-0.000000e+00	-1.199907e-13	-0.000000e+00	0.000000e+00	-6.303910e-15	-1.672288e-19
76	0.000000e+00	4.101622e-05	-4.101622e-05	-0.000000e+00	-2.888906e-22	-0.000000e+00	0.000000e+00	4.036869e-20	4.454093e-16
77	0.000000e+00	1.621559e-06	-1.621559e-06	-0.000000e+00	-5.273404e-23	-0.000000e+00	0.000000e+00	1.590242e-22	9.614922e-18
42	0.000000e+00	8.718547e+08	-8.718547e+08	-0.000000e+00	-1.095805e-07	-0.000000e+00	0.000000e+00	-9.440455e-07	-2.044964e-17
43	3.000000e+09	2.562410e+10	-2.831047e+10	-2.612109e+08	-5.241865e+07	-0.000000e+00	0.000000e+00	-5.960464e-07	-1.045671e-20
74	0.000000e+00	2.447524e+10	-2.447524e+10	-0.000000e+00	-2.801835e-16	-0.000000e+00	0.000000e+00	-3.814697e-06	-3.730895e-08
75	0.000000e+00	2.264523e+09	-2.264523e+09	-0.000000e+00	-1.900482e-15	-0.000000e+00	0.000000e+00	4.768372e-07	6.983838e-10
44	0.000000e+00	2.986558e+09	-2.986558e+09	-5.214208e+01	-1.502816e+02	-0.000000e+00	0.000000e+00	3.890702e-07	2.058264e-14
45	3.000000e+08	1.319201e+05	-3.000514e+08	-8.050649e+04	-5.780634e+01	-0.000000e+00	0.000000e+00	-1.429068e-07	-1.310085e-19
46	0.000000e+00	3.040460e+08	-3.040460e+08	-0.000000e+00	-9.810376e-08	-0.000000e+00	0.000000e+00	-3.849912e-08	-1.239918e-18
47	0.000000e+00	6.676433e+07	-6.676433e+07	-0.000000e+00	-2.799819e-08	-0.000000e+00	0.000000e+00	-1.309703e-08	-1.473674e-18
48	0.000000e+00	8.971566e+08	-8.971566e+08	-0.000000e+00	-2.485050e-08	-0.000000e+00	0.000000e+00	-1.440598e-07	-1.647371e-17
68	0.000000e+00	2.984638e+09	-2.984603e+09	-1.175312e+04	-2.347109e+04	-0.000000e+00	0.000000e+00	-6.104092e-07	-2.476777e-17
73	0.000000e+00	2.986558e+09	-3.031362e+05	-3.173301e+08	-9.031232e+08	-0.000000e+00	-1.765801e+09	-2.622604e-06	-2.738345e-20
78	0.000000e+00	0.000000e+00	0.000000e+00	-1.765801e+09	-6.089961e-03	-0.000000e+00	1.765801e+09	7.152557e-07	8.432364e-23
79	0.000000e+00	3.132783e-25	0.000000e+00	-0.000000e+00	-3.133165e-25	-0.000000e+00	0.000000e+00	-3.828188e-29	-8.845054e-23
111	0.000000e+00	0.000000e+00	0.000000e+00	-0.000000e+00	0.000000e+00	-0.000000e+00	0.000000e+00	0.000000e+00	nan
8	0.000000e+00	8.523926e+04	-8.523926e+04	-0.000000e+00	-2.682268e-08	-0.000000e+00	0.000000e+00	-1.805285e-11	-1.910883e-20
9	0.000000e+00	2.121416e+01	-2.121416e+01	-0.000000e+00	0.000000e+00	-0.000000e+00	0.000000e+00	-3.552714e-15	-5.272410e-21
10	0.000000e+00	3.164328e+02	-3.164320e+02	-0.000000e+00	-8.364302e-04	-0.000000e+00	0.000000e+00	2.776447e-14	1.550200e-18
57	0.000000e+00	2.193462e+02	-2.193462e+02	-0.000000e+00	-1.090827e-17	-0.000000e+00	0.000000e+00	-1.090827e-17	-1.405186e-21
11	0.000000e+00	4.274717e+05	-4.274537e+05	-0.000000e+00	-1.798268e+01	-0.000000e+00	0.000000e+00	2.226130e-10	3.881719e-23
12	1.000000e+08	6.613114e+09	-6.713113e+09	-1.056389e+03	-7.519487e-01	-0.000000e+00	0.000000e+00	2.582096e-06	3.492667e-19
13	0.000000e+00	6.555121e+09	-6.555117e+09	-4.730670e+03	-2.355993e+00	-0.000000e+00	0.000000e+00	6.496951e-07	5.497673e-19
14	0.000000e+00	2.355225e+08	-2.355112e+08	-2.910045e+03	-8.423373e+03	-0.000000e+00	0.000000e+00	7.946801e-08	3.667210e-17
15	0.000000e+00	2.497118e+03	-2.496888e+03	-2.332550e-02	-2.072102e-01	-0.000000e+00	0.000000e+00	8.350820e-13	2.581559e-19
16	0.000000e+00	9.231609e+06	-9.231491e+06	-0.000000e+00	-1.184668e+02	-0.000000e+00	0.000000e+00	4.985935e-09	1.207206e-18
17	0.000000e+00	8.130117e+08	-8.111327e+08	-9.813103e+05	-8.977204e+05	-0.000000e+00	0.000000e+00	5.164184e-07	5.084920e-19
18	0.000000e+00	3.365055e+08	-2.384835e+08	-2.496802e+07	-7.305396e+07	-0.000000e+00	0.000000e+00	-1.192093e-07	-1.036807e-20
70	0.000000e+00	1.792350e+08	-1.791775e+08	-1.089858e+04	-4.659726e+04	-0.000000e+00	0.000000e+00	-4.608592e-08	-2.450169e-19
37	0.000000e+00	1.790838e-01	-4.922688e-04	-1.219786e-01	-5.661293e-02	-0.000000e+00	0.000000e+00	1.436351e-15	6.825567e-23
38	0.000000e+00	1.787320e-03	-1.787320e-03	-3.319136e-13	-4.111018e-16	-0.000000e+00	0.000000e+00	-2.314895e-19	-5.090231e-17
39	0.000000e+00	2.190754e-02	-2.190754e-02	-0.000000e+00	-2.340886e-19	-0.000000e+00	0.000000e+00	-1.411188e-17	-1.344902e-17
72	0.000000e+00	8.933233e-02	-8.933233e-02	-0.000000e+00	-1.116457e-12	-0.000000e+00	0.000000e+00	3.442308e-16	1.175114e-22
65	0.000000e+00	6.547459e+04	-6.547033e+04	-2.750964e+00	-1.508177e+00	-0.000000e+00	0.000000e+00	9.240164e-12	1.307851e-19
66	0.000000e+00	2.192598e+00	-2.189322e+00	-3.157305e-03	-1.188239e-04	-0.000000e+00	0.000000e+00	8.741380e-16	1.061188e-20
109	0.000000e+00	3.895426e-02	-3.871021e-02	-0.000000e+00	-2.440541e-04	-0.000000e+00	0.000000e+00	3.821813e-18	4.710902e-22
67	0.000000e+00	2.825993e-09	-2.825993e-09	-0.000000e+00	-1.086915e-26	-0.000000e+00	0.000000e+00	2.057082e-24	3.356146e-18
110	0.000000e+00	1.233197e-08	-1.188436e-08	-0.000000e+00	-4.476088e-10	-0.000000e+00	0.000000e+00	-6.203855e-25	-6.130401e-23
106	0.000000e+00	9.045449e-22	-9.045449e-22	-0.000000e+00	-3.436645e-39	-0.000000e+00	0.000000e+00	-5.676739e-37	-7.620381e-20
107	0.000000e+00	4.287915e-08	-4.287915e-08	-0.000000e+00	-2.173706e-23	-0.000000e+00	0.000000e+00	-2.173706e-23	-3.215059e-21
108	0.000000e+00	4.287914e-08	-4.287914e-08	-0.000000e+00	-1.734609e-24	-0.000000e+00	0.000000e+00	4.882835e-24	1.294274e-20
49	0.000000e+00	2.745562e-08	-2.736162e-08	-9.397226e-11	-3.231234e-14	-0.000000e+00	0.000000e+00	-1.541018e-24	-3.916465e-22
50	0.000000e+00	6.429593e-25	-6.429593e-25	-0.000000e+00	-2.131945e-40	-0.000000e+00	0.000000e+00	8.933268e-36	6.918999e-14
51	0.000000e+00	0.000000e+00	0.000000e+00	-0.000000e+00	0.000000e+00	-0.000000e+00	0.000000e+00	0.000000e+00	nan
69	0.000000e+00	0.000000e+00	0.000000e+00	-0.000000e+00	0.000000e+00	-0.000000e+00	0.000000e+00	0.000000e+00	nan
