Std No.	Outgassing	ChemProd	ChemLoss	DryDepo		WetDepo		Escape		Condensation	Net Flux	Global Change
3	0.000000e+00	2.563159e+10	-2.262092e+10	-2.274360e+01	-2.382400e-06	-3.010669e+09	0.000000e+00	-2.852440e-03	-6.204161e-20
53	9.000000e-01	7.867311e+09	-9.305032e+09	-0.000000e+00	0.000000e+00	-0.000000e+00	0.000000e+00	-1.437722e+09	-1.199194e-17
1	0.000000e+00	4.099413e+09	-4.099413e+09	-1.918543e-02	-7.141849e-06	-0.000000e+00	0.000000e+00	1.069355e-04	9.468305e-18
56	0.000000e+00	3.974030e+08	-3.974030e+08	-0.000000e+00	-2.689273e-23	-0.000000e+00	0.000000e+00	6.651878e-05	2.894474e-10
54	0.000000e+00	4.077854e+05	-4.077854e+05	-0.000000e+00	0.000000e+00	-0.000000e+00	0.000000e+00	5.820766e-11	1.598784e-21
2	0.000000e+00	6.865973e+00	-6.865973e+00	-4.382426e-21	-3.904421e-11	-0.000000e+00	0.000000e+00	1.893666e-15	6.173800e-21
4	0.000000e+00	4.720310e+09	-4.720310e+09	-3.530867e-04	-6.021300e-06	-0.000000e+00	0.000000e+00	2.079437e-03	1.053135e-14
5	0.000000e+00	1.656660e+05	-1.656660e+05	-3.185933e-10	-8.283420e-04	-0.000000e+00	0.000000e+00	4.665462e-13	1.850503e-22
7	1.000000e-02	1.548491e+09	-1.446099e+09	-0.000000e+00	0.000000e+00	-0.000000e+00	-3.607231e+27	-3.607231e+27	-1.327542e+04
6	0.000000e+00	1.785876e+01	-1.785672e+01	-5.626392e-06	-2.033359e-03	-0.000000e+00	0.000000e+00	6.404165e-15	2.575771e-23
52	3.000000e+11	3.859851e+09	-4.264859e+09	-2.432638e+11	-5.633116e+10	-0.000000e+00	0.000000e+00	1.098633e-03	7.934497e-26
20	0.000000e+00	1.610881e+10	-1.584651e+10	-2.622952e+08	0.000000e+00	-0.000000e+00	0.000000e+00	-7.010751e+00	-4.695656e-23
22	0.000000e+00	3.735151e+09	-3.385482e+09	-4.517040e+05	-3.492175e+08	-0.000000e+00	0.000000e+00	1.609325e-06	8.930370e-23
61	0.000000e+00	1.436441e+10	-1.436430e+10	-1.126268e+05	-4.433163e-06	-0.000000e+00	0.000000e+00	-5.134522e-06	-1.066507e-19
19	0.000000e+00	1.537913e+09	-1.537913e+09	-0.000000e+00	-2.285014e-14	-0.000000e+00	0.000000e+00	2.384186e-07	1.025448e-21
58	0.000000e+00	2.845677e+09	-2.845677e+09	-0.000000e+00	-9.105465e-19	-0.000000e+00	0.000000e+00	1.211166e-04	1.589563e-14
59	0.000000e+00	2.809808e+09	-2.809808e+09	-0.000000e+00	-1.879458e-18	-0.000000e+00	0.000000e+00	8.468628e-04	1.008089e-12
80	0.000000e+00	8.387289e+08	-8.387289e+08	-0.000000e+00	-6.229293e-23	-0.000000e+00	0.000000e+00	-2.193928e-03	-5.333425e-09
60	0.000000e+00	1.843170e+09	-1.843170e+09	-0.000000e+00	-1.790739e-12	-0.000000e+00	0.000000e+00	-9.623528e-03	-1.387138e-16
21	3.000000e+08	1.289637e+09	-1.589637e+09	-0.000000e+00	0.000000e+00	-0.000000e+00	0.000000e+00	-2.336762e-01	-1.317848e-23
62	0.000000e+00	5.027831e+07	-5.027831e+07	-3.872690e-04	-2.357891e-14	-0.000000e+00	0.000000e+00	3.102012e-07	6.083994e-17
24	0.000000e+00	3.067885e+07	-3.052735e+07	-2.555123e+04	-1.259525e+05	-0.000000e+00	0.000000e+00	-4.860340e-09	-9.116018e-24
63	0.000000e+00	2.713348e+08	-2.157510e+08	-4.061293e+04	-5.554320e+07	-0.000000e+00	0.000000e+00	0.000000e+00	0.000000e+00
23	0.000000e+00	5.621405e-09	-5.496308e-09	-7.279097e-14	-1.249902e-10	-0.000000e+00	0.000000e+00	3.410322e-14	7.193411e-14
71	0.000000e+00	1.184455e+02	-1.184455e+02	-0.000000e+00	-8.729619e-17	-0.000000e+00	0.000000e+00	-4.383338e-09	-1.850372e-06
25	0.000000e+00	2.363920e-06	-2.363113e-06	-9.117306e-11	-7.162812e-10	-0.000000e+00	0.000000e+00	8.632720e-19	1.593581e-20
26	0.000000e+00	1.737879e-30	-1.737879e-30	-0.000000e+00	-5.518929e-55	-0.000000e+00	0.000000e+00	-5.518929e-55	-8.958917e-29
64	0.000000e+00	6.159460e+09	-6.159460e+09	-0.000000e+00	-4.422858e-19	-0.000000e+00	0.000000e+00	-4.422858e-19	-1.009926e-28
27	0.000000e+00	6.473602e+09	-6.473602e+09	-0.000000e+00	0.000000e+00	-0.000000e+00	0.000000e+00	9.536743e-07	4.069727e-23
28	0.000000e+00	2.686428e+08	-2.686428e+08	-0.000000e+00	-4.457797e-15	-0.000000e+00	0.000000e+00	-4.457797e-15	-3.723054e-26
29	0.000000e+00	4.103169e+08	-4.103169e+08	-0.000000e+00	0.000000e+00	-0.000000e+00	0.000000e+00	0.000000e+00	0.000000e+00
30	0.000000e+00	1.806568e+08	-1.806568e+08	-0.000000e+00	-7.781842e-12	-0.000000e+00	0.000000e+00	5.959686e-08	4.262313e-19
31	0.000000e+00	2.832754e+08	-2.724595e+08	-1.081597e+07	0.000000e+00	-0.000000e+00	0.000000e+00	2.087131e-04	3.380250e-23
32	0.000000e+00	1.658999e+07	-1.658999e+07	-6.687191e-23	-2.279704e-18	-0.000000e+00	0.000000e+00	5.215406e-08	2.377477e-18
33	0.000000e+00	2.315440e+07	-1.537263e+07	-4.563077e+03	-7.777200e+06	-0.000000e+00	0.000000e+00	-1.862645e-08	-2.579266e-24
34	0.000000e+00	4.679085e+07	-4.679085e+07	-1.149016e-02	-1.432478e-12	-0.000000e+00	0.000000e+00	-3.793261e-10	-5.532301e-22
35	0.000000e+00	3.823188e+07	-3.823186e+07	-1.204440e+00	-2.239423e+01	-0.000000e+00	0.000000e+00	6.114515e-09	5.707356e-23
36	0.000000e+00	1.523368e+07	-1.523368e+07	-2.384261e-05	-8.717651e-11	-0.000000e+00	0.000000e+00	6.606709e-09	7.216877e-22
40	0.000000e+00	3.212529e+08	-3.212529e+08	-0.000000e+00	-7.540819e-08	-0.000000e+00	0.000000e+00	-7.540819e-08	-2.050204e-21
41	0.000000e+00	7.336533e+07	-7.336533e+07	-0.000000e+00	-9.679875e-09	-0.000000e+00	0.000000e+00	-9.679875e-09	-2.450914e-19
76	0.000000e+00	1.027745e+04	-1.027745e+04	-0.000000e+00	-1.235141e-12	-0.000000e+00	0.000000e+00	4.221828e-12	2.801336e-18
77	0.000000e+00	3.208687e+03	-3.208687e+03	-0.000000e+00	-2.205560e-12	-0.000000e+00	0.000000e+00	9.776719e-13	8.822708e-19
42	0.000000e+00	2.192063e+09	-2.192063e+09	-0.000000e+00	-1.530773e-05	-0.000000e+00	0.000000e+00	-4.894351e-08	-2.247736e-22
43	3.000000e+09	1.907010e+09	-1.918954e+09	-1.405327e+09	-1.582729e+09	-0.000000e+00	0.000000e+00	9.536743e-07	1.733785e-22
74	0.000000e+00	1.793470e+09	-1.793470e+09	-0.000000e+00	-2.259960e-18	-0.000000e+00	0.000000e+00	2.403259e-04	1.032092e-06
75	0.000000e+00	2.125222e+08	-2.125222e+08	-0.000000e+00	-2.200685e-17	-0.000000e+00	0.000000e+00	-2.980232e-08	-1.781133e-11
44	0.000000e+00	8.585192e+04	-8.585192e+04	-3.626645e-09	-4.285702e-03	-0.000000e+00	0.000000e+00	6.105261e-11	5.487551e-21
45	3.000000e+08	2.267666e+09	-2.255805e+09	-3.105231e+08	-1.337877e+06	-0.000000e+00	0.000000e+00	2.894551e-06	2.467534e-23
46	0.000000e+00	2.650871e+09	-2.650871e+09	-0.000000e+00	-2.551281e-06	-0.000000e+00	0.000000e+00	-1.597606e-06	-1.853727e-19
47	0.000000e+00	2.027660e+09	-2.027660e+09	-0.000000e+00	-1.107931e-04	-0.000000e+00	0.000000e+00	3.099401e-07	1.336727e-21
48	0.000000e+00	1.111934e+04	-1.111934e+04	-0.000000e+00	-2.847111e-11	-0.000000e+00	0.000000e+00	1.336565e-11	2.575284e-24
68	0.000000e+00	1.590818e+03	-1.581377e+03	-4.934873e-02	-9.391563e+00	-0.000000e+00	0.000000e+00	5.684342e-14	3.183675e-23
73	0.000000e+00	8.517006e+04	-1.533911e+03	-2.258057e+03	-8.084432e+04	-0.000000e+00	-5.337750e+02	4.035883e-11	1.113134e-23
78	0.000000e+00	0.000000e+00	0.000000e+00	-5.337750e+02	-4.907347e-08	-0.000000e+00	5.337750e+02	7.651124e-11	2.188295e-24
79	0.000000e+00	1.160208e-04	0.000000e+00	-0.000000e+00	-7.127830e-06	-0.000000e+00	-1.089893e-04	-9.628173e-08	-1.067449e-20
111	0.000000e+00	0.000000e+00	0.000000e+00	-1.088904e-04	-2.507580e-09	-0.000000e+00	1.089893e-04	9.631947e-08	5.638046e-20
8	0.000000e+00	3.256104e-07	-3.256104e-07	-0.000000e+00	-4.385180e-23	-0.000000e+00	0.000000e+00	9.087762e-24	5.686772e-22
9	0.000000e+00	2.172010e-09	-2.172008e-09	-2.135066e-15	0.000000e+00	-0.000000e+00	0.000000e+00	-3.693668e-25	-3.048334e-24
10	0.000000e+00	3.178791e-08	-3.178791e-08	-0.000000e+00	-2.474047e-17	-0.000000e+00	0.000000e+00	-4.625000e-21	-4.260030e-18
57	0.000000e+00	5.522772e-09	-5.522772e-09	-0.000000e+00	-3.940037e-26	-0.000000e+00	0.000000e+00	1.614961e-24	5.627390e-22
11	0.000000e+00	1.950525e-04	-1.932319e-04	-0.000000e+00	-1.820692e-06	-0.000000e+00	0.000000e+00	-1.187040e-10	-1.917028e-16
12	0.000000e+00	1.613789e-06	-1.613789e-06	-6.672431e-17	-3.301916e-19	-0.000000e+00	0.000000e+00	3.192203e-21	1.765465e-21
13	0.000000e+00	1.382539e-09	-1.382539e-09	-4.860189e-26	-3.249419e-23	-0.000000e+00	0.000000e+00	9.580248e-25	3.494542e-19
14	0.000000e+00	6.150602e-14	-6.150602e-14	-2.625361e-34	-1.322163e-24	-0.000000e+00	0.000000e+00	-4.447311e-29	-3.432018e-18
15	0.000000e+00	1.729590e-36	-7.696573e-36	-0.000000e+00	-3.766798e-40	-0.000000e+00	0.000000e+00	-5.967359e-36	-8.918486e-07
16	0.000000e+00	8.956028e-07	-8.956010e-07	-0.000000e+00	-1.708279e-12	-0.000000e+00	0.000000e+00	-1.516005e-21	-8.181154e-20
17	0.000000e+00	4.607533e-12	-4.607533e-12	-6.655863e-23	-9.840759e-20	-0.000000e+00	0.000000e+00	-5.976132e-27	-8.738609e-21
18	0.000000e+00	2.317264e-17	-2.317252e-17	-5.529479e-25	-1.191106e-22	-0.000000e+00	0.000000e+00	3.441027e-32	5.151213e-22
70	0.000000e+00	2.191598e-17	-2.191597e-17	-1.142765e-40	-1.319279e-23	-0.000000e+00	0.000000e+00	6.389424e-32	9.864854e-22
37	0.000000e+00	2.973797e-06	-1.555719e-06	-4.029898e-07	-1.015088e-06	-0.000000e+00	0.000000e+00	-2.922264e-20	-1.454863e-23
38	0.000000e+00	1.946126e-06	-1.946126e-06	-1.784111e-34	-1.069144e-24	-0.000000e+00	0.000000e+00	-4.245856e-22	-2.880933e-17
39	0.000000e+00	2.845753e-10	-2.845753e-10	-0.000000e+00	-6.283873e-34	-0.000000e+00	0.000000e+00	-6.283873e-34	-6.640124e-25
72	0.000000e+00	1.062593e-09	-1.062593e-09	-0.000000e+00	-9.668301e-17	-0.000000e+00	0.000000e+00	-9.681131e-21	-6.408124e-23
65	0.000000e+00	2.611394e-10	-2.611394e-10	-1.344822e-22	-1.557178e-18	-0.000000e+00	0.000000e+00	8.502697e-26	2.810835e-21
66	0.000000e+00	1.496791e-14	-1.496789e-14	-2.140759e-21	-1.056631e-20	-0.000000e+00	0.000000e+00	1.054115e-29	9.458932e-23
109	0.000000e+00	3.862961e-09	-3.860161e-09	-0.000000e+00	-2.800961e-12	-0.000000e+00	0.000000e+00	1.174739e-21	6.700751e-21
67	0.000000e+00	6.803385e-11	-6.803385e-11	-0.000000e+00	-6.983069e-33	-0.000000e+00	0.000000e+00	1.292469e-26	6.911029e-22
110	0.000000e+00	3.119950e-10	-3.111464e-10	-0.000000e+00	-8.486112e-13	-0.000000e+00	0.000000e+00	2.484975e-24	1.081198e-21
106	0.000000e+00	2.647584e-58	-2.647584e-58	-0.000000e+00	-9.181923e-69	-0.000000e+00	0.000000e+00	7.125174e-73	6.033271e-23
107	0.000000e+00	5.212849e-26	-5.212849e-26	-0.000000e+00	-5.816439e-39	-0.000000e+00	0.000000e+00	1.511479e-41	9.012010e-22
108	0.000000e+00	5.212849e-26	-5.212849e-26	-0.000000e+00	-1.919782e-42	-0.000000e+00	0.000000e+00	9.559655e-42	3.974281e-23
49	0.000000e+00	5.081436e+00	-5.080521e+00	-9.130088e-04	-1.958701e-06	-0.000000e+00	0.000000e+00	-1.136594e-15	-7.212485e-24
50	0.000000e+00	1.393282e+00	-1.393282e+00	-0.000000e+00	-8.285353e-21	-0.000000e+00	0.000000e+00	6.661255e-16	1.939453e-23
51	0.000000e+00	0.000000e+00	0.000000e+00	-0.000000e+00	0.000000e+00	-0.000000e+00	0.000000e+00	0.000000e+00	nan
69	0.000000e+00	0.000000e+00	0.000000e+00	-0.000000e+00	0.000000e+00	-0.000000e+00	0.000000e+00	0.000000e+00	nan
