Std No.	Outgassing	ChemProd	ChemLoss	DryDepo		WetDepo		Escape		Condensation	Net Flux	Global Change
3	0.000000e+00	2.902377e+12	-2.901949e+12	-2.307424e+06	-2.106649e-02	-4.247830e+08	0.000000e+00	3.328323e-04	5.062262e-19
53	3.000000e+10	3.997705e+10	-5.243384e+10	-0.000000e+00	0.000000e+00	-1.754321e+10	0.000000e+00	1.548645e+00	1.729632e-22
1	0.000000e+00	7.618460e+12	-7.618460e+12	-1.675815e+04	-1.516152e-02	-0.000000e+00	0.000000e+00	-1.837590e-03	-6.372024e-21
56	0.000000e+00	4.631061e+12	-4.631061e+12	-0.000000e+00	-1.634485e-19	-0.000000e+00	0.000000e+00	-9.765625e-04	-2.120532e-11
54	0.000000e+00	7.113598e+12	-7.113598e+12	-0.000000e+00	0.000000e+00	-0.000000e+00	0.000000e+00	9.765625e-04	6.696284e-23
2	0.000000e+00	5.401602e+12	-5.401602e+12	-1.525194e-07	-1.575663e+00	-0.000000e+00	0.000000e+00	5.088116e-04	3.067386e-19
4	0.000000e+00	1.988990e+12	-1.988990e+12	-2.535101e+03	-3.378441e+00	-0.000000e+00	0.000000e+00	2.309150e-04	2.170342e-16
5	0.000000e+00	1.676154e+12	-1.676154e+12	-8.515278e-02	-3.584436e+02	-0.000000e+00	0.000000e+00	2.819084e-05	7.219662e-19
7	1.000000e-02	5.461533e+10	-5.394545e+10	-0.000000e+00	0.000000e+00	-0.000000e+00	-3.688523e+26	-3.688523e+26	-1.410180e+04
6	0.000000e+00	5.609950e+09	-5.609948e+09	-7.268206e+00	-1.667242e+03	-0.000000e+00	0.000000e+00	6.680059e-07	4.051826e-21
52	9.000000e-01	6.231970e+12	-6.254821e+12	-0.000000e+00	-4.771594e+13	-0.000000e+00	0.000000e+00	-4.773879e+13	-3.669696e-12
20	1.000000e+08	2.982414e+12	-2.982511e+12	-2.726562e+06	0.000000e+00	-0.000000e+00	0.000000e+00	3.670289e-02	1.852639e-22
22	0.000000e+00	1.163871e+10	-8.308937e+09	-2.136763e+08	-3.116093e+09	-0.000000e+00	0.000000e+00	-3.337860e-06	-1.064144e-20
61	0.000000e+00	1.225972e+12	-1.225968e+12	-4.361335e+06	-1.473591e-05	-0.000000e+00	0.000000e+00	1.050024e-04	1.283801e-17
19	0.000000e+00	7.335523e+07	-7.335523e+07	-0.000000e+00	-9.043877e-23	-0.000000e+00	0.000000e+00	2.980232e-08	2.027071e-15
58	0.000000e+00	5.563724e+06	-5.563724e+06	-0.000000e+00	-2.150212e-23	-0.000000e+00	0.000000e+00	-2.150212e-23	-7.547341e-29
59	0.000000e+00	7.163205e+06	-7.163205e+06	-0.000000e+00	-2.754453e-20	-0.000000e+00	0.000000e+00	-2.754453e-20	-2.968891e-25
80	0.000000e+00	4.929622e+07	-4.929622e+07	-0.000000e+00	-1.209229e-19	-0.000000e+00	0.000000e+00	-1.209229e-19	-4.688719e-27
60	0.000000e+00	1.684685e+09	-1.684685e+09	-0.000000e+00	-7.195021e-09	-0.000000e+00	0.000000e+00	-7.195021e-09	-5.873991e-19
21	1.000000e+09	6.272896e+08	-1.585878e+09	-4.141190e+07	0.000000e+00	-0.000000e+00	0.000000e+00	2.959289e-02	1.166915e-22
62	0.000000e+00	3.178398e+08	-3.178398e+08	-1.283662e+01	-4.315239e-11	-0.000000e+00	0.000000e+00	4.435514e-08	1.236727e-16
24	0.000000e+00	1.614724e+07	-1.279416e+06	-1.148669e+07	-3.381131e+06	-0.000000e+00	0.000000e+00	1.955777e-08	2.776897e-22
63	0.000000e+00	2.632849e+11	-2.427370e+11	-1.289195e+09	-1.925865e+10	-0.000000e+00	0.000000e+00	-1.945496e-04	-3.051048e-20
23	0.000000e+00	5.630690e-01	-5.630160e-01	-2.722189e-06	-5.027188e-05	-0.000000e+00	0.000000e+00	1.750648e-16	1.921802e-21
71	0.000000e+00	6.429735e+08	-6.429735e+08	-2.078044e-14	-1.248668e-07	-0.000000e+00	0.000000e+00	-2.440761e-07	-1.898029e-11
25	0.000000e+00	1.744198e+02	-1.744196e+02	-3.123403e-05	-1.174592e-04	-0.000000e+00	0.000000e+00	-1.050660e-14	-1.177407e-21
26	0.000000e+00	1.399971e-36	-6.022477e-15	-0.000000e+00	-1.818567e-40	-0.000000e+00	0.000000e+00	-6.022477e-15	-3.071338e+02
64	0.000000e+00	3.295424e+01	-3.295424e+01	-0.000000e+00	-5.738828e-25	-0.000000e+00	0.000000e+00	2.131628e-14	7.690842e-15
27	0.000000e+00	1.390010e+04	-1.390010e+04	-0.000000e+00	0.000000e+00	-0.000000e+00	0.000000e+00	3.637979e-12	8.753802e-20
28	0.000000e+00	1.374337e+02	-1.374337e+02	-0.000000e+00	-1.844732e-19	-0.000000e+00	0.000000e+00	-1.844732e-19	-1.561137e-22
29	0.000000e+00	6.147747e+06	-6.147747e+06	-0.000000e+00	0.000000e+00	-0.000000e+00	0.000000e+00	2.793968e-09	2.785609e-20
30	0.000000e+00	1.696057e+08	-1.696057e+08	-0.000000e+00	-1.038662e-08	-0.000000e+00	0.000000e+00	4.921802e-08	1.949305e-18
31	0.000000e+00	1.733931e+08	-1.683457e+08	-5.047311e+06	0.000000e+00	-0.000000e+00	0.000000e+00	-2.625585e-05	-8.665570e-23
32	0.000000e+00	3.724011e+02	-3.724011e+02	-1.323905e-16	-4.767338e-21	-0.000000e+00	0.000000e+00	4.729359e-11	9.933483e-19
33	0.000000e+00	7.581726e+05	-7.455359e+05	-6.503289e+02	-1.198643e+04	-0.000000e+00	0.000000e+00	7.275958e-12	2.632593e-23
34	0.000000e+00	5.171175e+07	-5.171174e+07	-1.480083e+01	-6.039213e-11	-0.000000e+00	0.000000e+00	-4.547949e-10	-6.618618e-20
35	0.000000e+00	1.058788e+08	-1.058497e+08	-2.808466e+04	-9.779954e+02	-0.000000e+00	0.000000e+00	-3.606965e-08	-1.074693e-20
36	0.000000e+00	6.025174e+07	-6.025174e+07	-5.293250e-02	-2.328417e-13	-0.000000e+00	0.000000e+00	5.336388e-08	3.208363e-17
40	0.000000e+00	2.414580e+10	-2.414580e+10	-0.000000e+00	-4.347823e-08	-0.000000e+00	0.000000e+00	7.585916e-06	4.643230e-17
41	0.000000e+00	3.380383e+07	-3.380383e+07	-0.000000e+00	-9.180642e-09	-0.000000e+00	0.000000e+00	-1.730061e-09	-6.857337e-20
76	0.000000e+00	5.690546e+05	-5.690546e+05	-0.000000e+00	-3.904214e-13	-0.000000e+00	0.000000e+00	-1.168057e-10	-6.015378e-17
77	0.000000e+00	1.107265e+06	-1.107265e+06	-0.000000e+00	-3.251524e-12	-0.000000e+00	0.000000e+00	-4.689128e-10	-2.588674e-17
42	0.000000e+00	1.064903e+11	-1.064903e+11	-0.000000e+00	-4.846604e-04	-0.000000e+00	0.000000e+00	1.887959e-05	3.100363e-20
43	3.000000e+09	5.547311e+11	-5.545228e+11	-2.871374e+09	-3.369316e+08	-0.000000e+00	0.000000e+00	-5.569458e-04	-2.954256e-19
74	0.000000e+00	5.308935e+11	-5.308935e+11	-0.000000e+00	-5.904409e-16	-0.000000e+00	0.000000e+00	-6.103516e-05	-1.318836e-08
75	0.000000e+00	4.965035e+10	-4.965035e+10	-0.000000e+00	-4.043190e-15	-0.000000e+00	0.000000e+00	1.525879e-05	4.813659e-10
44	0.000000e+00	6.822377e+07	-6.822377e+07	-4.801862e-02	-3.373453e+00	-0.000000e+00	0.000000e+00	-3.910477e-08	-2.606645e-19
45	3.000000e+08	2.439012e+09	-2.714410e+09	-2.459201e+07	-9.585977e+03	-0.000000e+00	0.000000e+00	-1.292276e-06	-4.010170e-21
46	0.000000e+00	2.887260e+09	-2.887260e+09	-0.000000e+00	-9.450542e-07	-0.000000e+00	0.000000e+00	9.622944e-07	4.392994e-19
47	0.000000e+00	6.051464e+10	-6.051464e+10	-0.000000e+00	-1.416573e-06	-0.000000e+00	0.000000e+00	6.212822e-06	1.040975e-17
48	0.000000e+00	9.177714e+08	-9.177714e+08	-0.000000e+00	-2.280124e-07	-0.000000e+00	0.000000e+00	4.872433e-07	7.716349e-21
68	0.000000e+00	2.328141e+07	-2.316709e+07	-5.250999e+04	-6.181644e+04	-0.000000e+00	0.000000e+00	6.730261e-09	1.470624e-20
73	0.000000e+00	6.704086e+07	-6.222441e+04	-1.981629e+07	-3.074362e+07	-0.000000e+00	-1.641873e+07	1.862645e-09	6.021092e-23
78	0.000000e+00	0.000000e+00	0.000000e+00	-1.641873e+07	-3.288720e-05	-0.000000e+00	1.641873e+07	1.676381e-08	2.816760e-23
79	0.000000e+00	7.959017e-01	0.000000e+00	-0.000000e+00	-4.637315e-07	-0.000000e+00	-7.959012e-01	2.148334e-10	2.932358e-22
111	0.000000e+00	0.000000e+00	0.000000e+00	-7.959012e-01	-1.375124e-10	-0.000000e+00	7.959012e-01	2.229106e-12	3.793635e-23
8	0.000000e+00	6.681625e+05	-6.681625e+05	-0.000000e+00	-1.159554e-09	-0.000000e+00	0.000000e+00	2.374302e-10	2.446228e-20
9	0.000000e+00	3.170382e+01	-3.170382e+01	-0.000000e+00	0.000000e+00	-0.000000e+00	0.000000e+00	3.552714e-15	3.130131e-21
10	0.000000e+00	2.828753e+03	-2.828753e+03	-0.000000e+00	-1.682464e-04	-0.000000e+00	0.000000e+00	-2.743390e-13	-5.744255e-18
57	0.000000e+00	6.473980e+02	-6.473980e+02	-0.000000e+00	-1.355656e-18	-0.000000e+00	0.000000e+00	-1.355656e-18	-3.800556e-22
11	0.000000e+00	2.574514e+04	-2.574448e+04	-0.000000e+00	-6.630923e-01	-0.000000e+00	0.000000e+00	9.446788e-11	1.781429e-22
12	1.000000e+08	1.952521e+12	-1.952618e+12	-2.700349e+06	-1.057048e+03	-0.000000e+00	0.000000e+00	-3.178660e-04	-2.516449e-20
13	0.000000e+00	7.955235e+11	-7.955235e+11	-8.179058e+01	-2.079935e-01	-0.000000e+00	0.000000e+00	2.033397e-04	1.395307e-18
14	0.000000e+00	3.971612e+10	-3.971612e+10	-1.321641e-02	-2.637437e+00	-0.000000e+00	0.000000e+00	-1.058989e-05	-4.712282e-17
15	0.000000e+00	1.420472e+08	-1.420472e+08	-4.064944e-09	-1.391888e+01	-0.000000e+00	0.000000e+00	-5.779893e-08	-4.677980e-20
16	0.000000e+00	1.196469e+12	-1.196374e+12	-0.000000e+00	-9.490974e+07	-0.000000e+00	0.000000e+00	-3.808886e-04	-1.034662e-19
17	0.000000e+00	2.971343e+09	-2.970121e+09	-8.295301e+05	-3.930351e+05	-0.000000e+00	0.000000e+00	2.669403e-07	5.319427e-20
18	0.000000e+00	3.482823e+08	-3.482709e+08	-3.207173e+03	-8.179351e+03	-0.000000e+00	0.000000e+00	1.277585e-07	7.241178e-21
70	0.000000e+00	5.852544e+09	-5.852544e+09	-4.002514e-07	-4.439521e+02	-0.000000e+00	0.000000e+00	2.504232e-06	5.921558e-20
37	0.000000e+00	4.030153e+01	-2.130698e-02	-3.268669e+01	-7.593531e+00	-0.000000e+00	0.000000e+00	-4.263256e-13	-9.032967e-23
38	0.000000e+00	2.561156e-01	-2.561156e-01	-4.214864e-17	-4.967903e-20	-0.000000e+00	0.000000e+00	1.123536e-15	1.224722e-14
39	0.000000e+00	1.511506e-02	-1.511506e-02	-0.000000e+00	-4.965898e-22	-0.000000e+00	0.000000e+00	4.510231e-17	6.288815e-16
72	0.000000e+00	5.277951e+00	-5.277951e+00	-0.000000e+00	-2.536494e-10	-0.000000e+00	0.000000e+00	1.858154e-13	1.988649e-22
65	0.000000e+00	2.684311e+08	-2.684282e+08	-2.293625e+03	-6.724629e+02	-0.000000e+00	0.000000e+00	-6.723189e-08	-2.152122e-19
66	0.000000e+00	4.461947e+06	-4.461944e+06	-8.102043e-01	-1.671561e+00	-0.000000e+00	0.000000e+00	-2.032114e-09	-1.623413e-20
109	0.000000e+00	6.493125e-02	-6.358768e-02	-0.000000e+00	-1.343580e-03	-0.000000e+00	0.000000e+00	-1.604619e-17	-3.813836e-22
67	0.000000e+00	5.722469e-07	-5.722469e-07	-0.000000e+00	-1.565392e-29	-0.000000e+00	0.000000e+00	-1.565392e-29	-1.008796e-24
110	0.000000e+00	1.181048e-07	-1.181044e-07	-0.000000e+00	-3.281275e-13	-0.000000e+00	0.000000e+00	3.036072e-23	1.069278e-21
106	0.000000e+00	8.661426e-20	-8.661426e-20	-0.000000e+00	-1.309927e-39	-0.000000e+00	0.000000e+00	1.203575e-35	1.250810e-20
107	0.000000e+00	1.854968e-07	-1.854968e-07	-0.000000e+00	-6.315428e-25	-0.000000e+00	0.000000e+00	-6.315428e-25	-1.235476e-23
108	0.000000e+00	1.854968e-07	-1.854968e-07	-0.000000e+00	-7.902663e-25	-0.000000e+00	0.000000e+00	2.567951e-23	1.263548e-20
49	0.000000e+00	1.409777e-05	-1.409599e-05	-1.784598e-09	-4.181713e-13	-0.000000e+00	0.000000e+00	2.634047e-20	1.302647e-20
50	0.000000e+00	7.487193e-15	-7.487193e-15	-0.000000e+00	-1.681869e-38	-0.000000e+00	0.000000e+00	-1.681869e-38	-2.534129e-24
51	0.000000e+00	0.000000e+00	0.000000e+00	-0.000000e+00	0.000000e+00	-0.000000e+00	0.000000e+00	0.000000e+00	nan
69	0.000000e+00	0.000000e+00	0.000000e+00	-0.000000e+00	0.000000e+00	-0.000000e+00	0.000000e+00	0.000000e+00	nan
