Std No.	Outgassing	ChemProd	ChemLoss	DryDepo		WetDepo		Escape		Condensation	Net Flux	Global Change
3	0.000000e+00	7.762589e+10	-7.440952e+10	-6.439945e+05	-6.614070e-02	-3.215723e+09	0.000000e+00	-2.574921e-05	-1.055855e-22
53	9.000000e-01	3.466489e+10	-4.659903e+10	-0.000000e+00	0.000000e+00	-0.000000e+00	0.000000e+00	-1.193415e+10	-9.954187e-17
1	0.000000e+00	6.446690e+09	-6.446690e+09	-4.987475e-02	-5.010834e-04	-0.000000e+00	0.000000e+00	1.009929e-07	1.368961e-22
56	0.000000e+00	9.090584e+09	-9.090584e+09	-2.185124e-12	-5.282419e-21	-0.000000e+00	0.000000e+00	1.907346e-06	2.421893e-12
54	0.000000e+00	1.897154e+09	-1.897154e+09	-9.783243e-10	-1.031216e-03	-0.000000e+00	0.000000e+00	-5.657874e-08	-2.038837e-23
2	0.000000e+00	1.595059e+04	-1.595059e+04	-4.040836e-17	-4.937387e-09	-0.000000e+00	0.000000e+00	-2.468313e-12	-1.030658e-19
4	0.000000e+00	3.111096e+10	-3.111096e+10	-1.679991e-03	-2.176331e-04	-0.000000e+00	0.000000e+00	-1.719724e-06	-8.114735e-19
5	0.000000e+00	3.683051e+08	-3.683051e+08	-1.120522e-07	-5.829973e-04	-0.000000e+00	0.000000e+00	6.247396e-08	4.592090e-17
7	1.000000e-02	2.775250e+10	-1.677783e+10	-0.000000e+00	0.000000e+00	-0.000000e+00	-3.607231e+27	-3.607231e+27	-1.327541e+04
6	0.000000e+00	7.038503e+01	-7.038488e+01	-3.928110e-07	-1.547204e-04	-0.000000e+00	0.000000e+00	-1.853614e-14	-6.405487e-22
52	3.000000e+11	1.753777e+09	-1.273229e+10	-2.346785e+11	-5.434297e+10	-0.000000e+00	0.000000e+00	-2.324066e-01	-1.741170e-23
20	0.000000e+00	2.903531e+10	-1.813844e+10	-1.089667e+10	-1.980850e+05	-0.000000e+00	0.000000e+00	-3.484805e-05	-2.797010e-24
22	0.000000e+00	1.141266e+09	-1.068668e+09	-2.144541e+05	-7.238304e+07	-0.000000e+00	0.000000e+00	1.490116e-07	5.045891e-23
61	0.000000e+00	1.734912e+10	-1.734880e+10	-3.221607e+05	-1.338529e-06	-0.000000e+00	0.000000e+00	2.138972e-06	2.088155e-19
19	0.000000e+00	4.362434e+06	-4.362434e+06	-0.000000e+00	-8.940974e-19	-0.000000e+00	0.000000e+00	-8.940974e-19	-1.840043e-27
58	0.000000e+00	6.377722e+06	-6.377722e+06	-0.000000e+00	-8.520078e-21	-0.000000e+00	0.000000e+00	1.955777e-08	8.341709e-14
59	0.000000e+00	3.870979e+06	-3.870979e+06	-0.000000e+00	-1.159932e-20	-0.000000e+00	0.000000e+00	-2.328306e-09	-1.171583e-14
80	0.000000e+00	2.221813e+07	-2.221813e+07	-0.000000e+00	-1.148110e-23	-0.000000e+00	0.000000e+00	-1.148110e-23	-4.225511e-26
60	0.000000e+00	5.340152e+07	-5.340151e+07	-8.858458e+00	-3.998418e-11	-0.000000e+00	0.000000e+00	-1.710480e-08	-1.516053e-18
21	3.000000e+08	3.412951e+07	-4.291291e+07	-2.888015e+08	-2.415122e+06	-0.000000e+00	0.000000e+00	-3.144117e-04	-1.914747e-23
62	0.000000e+00	3.351156e+07	-3.351155e+07	-5.701633e+00	-3.713103e-10	-0.000000e+00	0.000000e+00	1.592655e-08	1.780043e-18
24	0.000000e+00	2.003220e+07	-4.005815e+06	-2.756812e+06	-1.326958e+07	-0.000000e+00	0.000000e+00	3.725290e-09	2.821055e-24
63	0.000000e+00	1.125062e+06	-1.118928e+06	-4.140884e+00	-6.129651e+03	-0.000000e+00	0.000000e+00	7.294148e-10	2.317852e-21
23	0.000000e+00	4.601624e-09	-4.479797e-09	-1.461136e-12	-1.203662e-10	-0.000000e+00	0.000000e+00	2.067952e-24	1.116435e-23
71	0.000000e+00	5.099112e+02	-5.099112e+02	-1.092528e-19	-3.834106e-15	-0.000000e+00	0.000000e+00	-1.074724e-11	-1.053881e-09
25	0.000000e+00	2.470887e-09	-2.470336e-09	-5.839005e-14	-4.920449e-13	-0.000000e+00	0.000000e+00	-5.047720e-21	-1.376083e-19
26	0.000000e+00	2.199135e-37	-2.199135e-37	-0.000000e+00	-2.766413e-58	-0.000000e+00	0.000000e+00	4.176167e-53	1.253027e-21
64	0.000000e+00	2.594893e+03	-2.594893e+03	-0.000000e+00	-2.578866e-24	-0.000000e+00	0.000000e+00	-4.547474e-13	-6.230504e-15
27	0.000000e+00	8.646328e+03	-8.646328e+03	-0.000000e+00	-3.871264e-07	-0.000000e+00	0.000000e+00	3.346678e-14	3.279355e-24
28	0.000000e+00	5.312216e+03	-5.312216e+03	-0.000000e+00	-3.541421e-22	-0.000000e+00	0.000000e+00	-3.541421e-22	-5.623487e-26
29	0.000000e+00	1.379036e+04	-1.379036e+04	-0.000000e+00	-2.772984e-07	-0.000000e+00	0.000000e+00	-2.568252e-12	-2.896597e-21
30	0.000000e+00	5.663511e+04	-5.663511e+04	-0.000000e+00	-4.338046e-12	-0.000000e+00	0.000000e+00	2.476578e-11	1.610518e-18
31	0.000000e+00	8.322926e+04	-6.467604e+04	-1.656022e+04	-1.993002e+03	-0.000000e+00	0.000000e+00	-3.640455e-07	-3.869866e-23
32	0.000000e+00	1.167154e+02	-1.167154e+02	-1.352597e-26	-1.398858e-22	-0.000000e+00	0.000000e+00	-8.810730e-13	-2.114223e-16
33	0.000000e+00	6.191007e+02	-5.321283e+02	-5.080271e-02	-8.692160e+01	-0.000000e+00	0.000000e+00	-2.700062e-13	-1.672866e-23
34	0.000000e+00	1.735533e+03	-1.735533e+03	-3.819463e-06	-3.477149e-15	-0.000000e+00	0.000000e+00	2.288983e-11	1.170027e-17
35	0.000000e+00	2.642874e+04	-2.636573e+04	-2.004932e+01	-4.296592e+01	-0.000000e+00	0.000000e+00	-5.854872e-12	-1.887242e-22
36	0.000000e+00	1.649603e+02	-1.649603e+02	-2.921929e-06	-2.742925e-16	-0.000000e+00	0.000000e+00	-5.776947e-14	-6.465273e-19
40	0.000000e+00	2.500258e+10	-2.499842e+10	-4.160614e+06	-1.622428e-05	-0.000000e+00	0.000000e+00	-1.044187e-06	-1.733764e-20
41	0.000000e+00	1.812692e+10	-1.812692e+10	-0.000000e+00	-6.948064e-06	-0.000000e+00	0.000000e+00	4.496028e-06	4.503581e-19
76	0.000000e+00	1.268724e+09	-1.268724e+09	-0.000000e+00	-1.820028e-07	-0.000000e+00	0.000000e+00	-1.820028e-07	-8.448934e-19
77	0.000000e+00	2.767797e+09	-2.767797e+09	-0.000000e+00	-1.069494e-06	-0.000000e+00	0.000000e+00	3.610173e-07	3.996835e-19
42	0.000000e+00	1.108184e+09	-1.108166e+09	-1.751482e+04	-2.115244e-04	-0.000000e+00	0.000000e+00	4.170334e-07	2.014980e-21
43	3.000000e+09	2.063722e+09	-2.066481e+09	-1.410487e+09	-1.586753e+09	-0.000000e+00	0.000000e+00	7.152557e-07	1.616318e-22
74	0.000000e+00	1.846224e+09	-1.846224e+09	-1.526636e-06	-5.622210e-18	-0.000000e+00	0.000000e+00	1.422943e-07	3.521399e-09
75	0.000000e+00	2.010782e+08	-2.010782e+08	-1.211800e-05	-4.464381e-17	-0.000000e+00	0.000000e+00	-4.806370e-08	-1.753594e-10
44	0.000000e+00	9.292378e+04	-9.292377e+04	-8.860566e-09	-4.651906e-03	-0.000000e+00	0.000000e+00	2.007060e-11	1.942398e-21
45	3.000000e+08	1.063757e+09	-1.353956e+09	-9.761372e+06	-3.959294e+04	-0.000000e+00	0.000000e+00	-7.642302e-07	-3.632554e-22
46	0.000000e+00	4.292538e+09	-4.290634e+09	-1.904072e+06	-6.912373e-06	-0.000000e+00	0.000000e+00	-6.201251e-07	-5.812576e-20
47	0.000000e+00	1.031725e+09	-1.030088e+09	-1.636702e+06	-6.072672e-06	-0.000000e+00	0.000000e+00	6.416977e-07	1.010504e-19
48	0.000000e+00	1.450807e+08	-1.450804e+08	-3.025673e+02	-7.638342e-08	-0.000000e+00	0.000000e+00	-5.957630e-08	-2.911721e-22
68	0.000000e+00	1.294004e+03	-1.293791e+03	-1.437608e-02	-1.986839e-01	-0.000000e+00	0.000000e+00	-1.470074e-12	-1.334894e-19
73	0.000000e+00	9.244765e+04	-1.885809e+03	-2.448761e+03	-8.753399e+04	-0.000000e+00	-5.790905e+02	4.467893e-11	1.186382e-23
78	0.000000e+00	0.000000e+00	0.000000e+00	-5.790905e+02	-5.323183e-08	-0.000000e+00	5.790905e+02	3.012701e-11	8.029046e-25
79	0.000000e+00	3.564356e+07	0.000000e+00	-3.564355e+07	-6.527226e-04	-0.000000e+00	-6.664125e+00	-1.607566e-08	-2.873863e-23
111	0.000000e+00	0.000000e+00	0.000000e+00	-6.664117e+00	-8.014019e-06	-0.000000e+00	6.664125e+00	2.516857e-08	3.690871e-23
8	0.000000e+00	9.901603e+05	-9.901603e+05	-0.000000e+00	-4.649485e-10	-0.000000e+00	0.000000e+00	7.128006e-13	4.774115e-22
9	3.000000e+08	6.624011e+09	-6.923982e+09	-2.869906e+04	0.000000e+00	-0.000000e+00	0.000000e+00	-2.912738e-05	-1.967539e-23
10	0.000000e+00	7.054324e+09	-7.054323e+09	-2.660433e+00	-2.398903e+02	-0.000000e+00	0.000000e+00	3.614770e-07	2.774773e-19
57	0.000000e+00	6.840366e+06	-6.840366e+06	-0.000000e+00	-2.199222e-08	-0.000000e+00	0.000000e+00	-1.503121e-09	-1.243676e-20
11	0.000000e+00	1.047193e+06	-1.018096e+06	-0.000000e+00	-2.909728e+04	-0.000000e+00	0.000000e+00	-3.082532e-07	-3.295896e-23
12	0.000000e+00	1.163106e+08	-1.163106e+08	-1.979200e-01	-6.344804e-05	-0.000000e+00	0.000000e+00	-1.540590e-08	-7.071226e-22
13	0.000000e+00	8.148008e+06	-8.148008e+06	-1.073122e-08	-9.416382e-07	-0.000000e+00	0.000000e+00	2.236189e-09	2.241902e-19
14	0.000000e+00	1.330597e+04	-1.330597e+04	-2.248071e-17	-9.513923e-07	-0.000000e+00	0.000000e+00	1.008262e-12	4.529818e-19
15	0.000000e+00	6.795521e-03	-6.795510e-03	-1.430757e-30	-1.110338e-08	-0.000000e+00	0.000000e+00	-2.710676e-18	-1.146462e-22
16	0.000000e+00	9.830814e+07	-9.830810e+07	-2.934599e+01	-7.530051e+00	-0.000000e+00	0.000000e+00	-3.274295e-08	-2.550487e-20
17	0.000000e+00	6.888920e+02	-6.888919e+02	-1.527905e-08	-4.400260e-05	-0.000000e+00	0.000000e+00	1.566656e-13	1.621852e-21
18	0.000000e+00	6.600193e-01	-6.598769e-01	-2.337266e-06	-1.400152e-04	-0.000000e+00	0.000000e+00	-4.568015e-16	-1.362614e-22
70	0.000000e+00	1.479682e+00	-1.479680e+00	-1.560827e-22	-1.872877e-06	-0.000000e+00	0.000000e+00	-5.982695e-16	-1.509785e-22
37	0.000000e+00	8.575340e+05	-1.140192e+04	-3.054879e+05	-5.406442e+05	-0.000000e+00	0.000000e+00	-5.238689e-09	-1.162449e-23
38	0.000000e+00	1.140675e+04	-1.140675e+04	-4.561992e-20	-5.578417e-12	-0.000000e+00	0.000000e+00	3.516530e-12	6.360319e-18
39	0.000000e+00	6.479295e+00	-6.479295e+00	-1.913986e-11	-6.696169e-22	-0.000000e+00	0.000000e+00	3.867605e-16	1.963280e-17
72	0.000000e+00	1.386474e-02	-7.102084e-03	-6.762661e-03	-3.180137e-14	-0.000000e+00	0.000000e+00	6.524493e-18	1.226371e-24
65	0.000000e+00	2.175350e+04	-2.175349e+04	-1.036385e-04	-1.106002e-02	-0.000000e+00	0.000000e+00	7.775719e-12	3.205491e-21
66	0.000000e+00	2.579291e+01	-2.579185e+01	-7.050669e-04	-3.621867e-04	-0.000000e+00	0.000000e+00	5.752994e-15	2.852022e-23
109	0.000000e+00	1.437262e+06	-8.462126e+05	-5.053733e+05	-8.567643e+04	-0.000000e+00	0.000000e+00	8.149073e-10	1.002093e-23
67	0.000000e+00	2.288835e-05	-2.288835e-05	-1.543848e-19	-2.000867e-27	-0.000000e+00	0.000000e+00	-1.918859e-21	-5.376376e-20
110	0.000000e+00	8.007626e-04	-7.618952e-04	-3.322795e-05	-5.639383e-06	-0.000000e+00	0.000000e+00	-8.470329e-21	-3.885323e-25
106	0.000000e+00	7.580033e+07	-7.546273e+07	-3.375977e+05	-1.603169e-06	-0.000000e+00	0.000000e+00	4.824074e-08	6.528516e-23
107	0.000000e+00	2.561755e+08	-2.561743e+08	-1.170117e+03	-5.376057e-09	-0.000000e+00	0.000000e+00	-2.693176e-08	-6.382452e-21
108	0.000000e+00	2.561971e+08	-2.561755e+08	-2.164737e+04	-1.113107e-07	-0.000000e+00	0.000000e+00	-4.521585e-08	-2.573715e-23
49	0.000000e+00	5.737559e-06	-5.737557e-06	-1.410049e-12	-5.570331e-13	-0.000000e+00	0.000000e+00	-1.607335e-21	-8.480064e-24
50	0.000000e+00	1.974531e-08	-1.974531e-08	-2.619539e-33	-4.670280e-29	-0.000000e+00	0.000000e+00	-3.308769e-24	-2.835454e-21
51	0.000000e+00	0.000000e+00	0.000000e+00	-0.000000e+00	0.000000e+00	-0.000000e+00	0.000000e+00	0.000000e+00	nan
69	0.000000e+00	0.000000e+00	0.000000e+00	-0.000000e+00	0.000000e+00	-0.000000e+00	0.000000e+00	0.000000e+00	nan
