0.000000 4.849314e-03 3.716625e-03 63.000000 56
0.000010 9.821519e-04 7.749741e-04 79.000000 56
0.000110 1.840868e-04 1.033038e-04 79.000000 56
0.001110 2.601315e-05 2.180662e-05 3.000000 7
0.011110 3.370355e-06 1.912329e-06 7.000000 7
0.111110 2.580404e-07 2.566561e-07 67.000000 5
1.111110 3.176464e-08 2.972520e-08 59.000000 63
11.111110 4.401242e-09 3.892259e-09 35.000000 63
111.111110 4.323452e-10 3.571587e-10 55.000000 32
1111.111110 7.545044e-11 5.605736e-11 11.000000 77
11111.111110 5.377550e-12 4.896884e-12 55.000000 27
111111.111110 6.773326e-13 5.890063e-13 11.000000 77
1111111.111110 3.004964e-14 2.621095e-14 31.000000 6
11111111.111110 6.530486e-15 5.731946e-15 97.000000 54
111111111.111110 1.971389e-16 1.826622e-16 11.000000 77
1111111111.111110 6.189368e-18 5.133840e-18 97.000000 54
11111111111.111111 1.467214e-18 1.457331e-18 47.000000 2
111111111111.111115 1.584318e-19 1.531840e-19 47.000000 2
1111111111111.111084 2.441260e-21 2.404085e-21 9.000000 77
11111111111111.111328 1.641154e-23 1.262491e-23 47.000000 29
111111111111111.109375 4.761557e-25 4.435784e-25 47.000000 29
1111111111111111.125000 2.104616e-26 1.572778e-26 47.000000 29
11111111111111112.000000 1.200222e-27 1.115640e-27 11.000000 77
111111111111111104.000000 2.095502e-29 2.086783e-29 57.000000 32
1111111111111111168.000000 4.469009e-30 4.029248e-30 47.000000 2
11111111111111110656.000000 6.938399e-31 6.462405e-31 47.000000 2
111111111111111114752.000000 5.137180e-33 5.034525e-33 47.000000 2
1111111111111111081984.000000 4.414632e-33 4.007015e-33 47.000000 2
11111111111111111344128.000000 8.825327e-34 8.207311e-34 47.000000 2
111111111111111109246976.000000 2.385239e-35 2.207950e-35 47.000000 2
1111111111111111092469760.000000 7.437026e-36 7.317488e-36 11.000000 77
11111111111111108777213952.000000 3.762898e-37 3.523249e-37 61.000000 29
111111111111111104952008704.000000 1.581375e-38 1.534934e-38 61.000000 29
1111111111111110912081133568.000000 2.438395e-39 2.349662e-39 47.000000 2
11111111111111109670567149568.000000 1.117182e-40 1.022175e-40 11.000000 2
111111111111111105501764517888.000000 1.491313e-41 1.357325e-41 47.000000 2
1111111111111110914280156823552.000000 5.396846e-42 4.905011e-42 47.000000 2
11111111111111109705751521656832.000000 1.062675e-43 1.055494e-43 45.000000 72
111111111111111097057515216568320.000000 1.476176e-43 1.329041e-43 47.000000 2
1111111111111111114690340241539072.000000 3.895512e-44 3.518874e-44 47.000000 2
11111111111111109993981897808543744.000000 1.784008e-45 1.614504e-45 47.000000 2
111111111111111113774877033367601152.000000 4.521555e-47 3.850973e-47 9.000000 77
1111111111111111027068305891418701824.000000 1.875052e-48 1.865069e-48 11.000000 77
11111111111111108499795627838070063104.000000 7.687428e-49 7.031461e-49 47.000000 2
111111111111111089720322761250345844736.000000 9.997735e-51 9.645000e-51 1.000000 36
1111111111111110859424295749546296737792.000000 8.294067e-51 7.518909e-51 47.000000 2
11111111111111107687548592784491086348288.000000 2.139521e-51 1.950699e-51 47.000000 2
111111111111111081711189206303427562307584.000000 1.111181e-52 9.984450e-53 47.000000 2
1111111111111110971854396973706809985466368.000000 2.030493e-53 1.875944e-53 47.000000 2
11111111111111110028028979558413168579444736.000000 1.983445e-54 1.795083e-54 47.000000 2
111111111111111107707930031296413335189192704.000000 2.861578e-56 2.642807e-56 11.000000 77
1111111111111110997851137798699795758347976704.000000 1.349496e-56 1.276862e-56 47.000000 2
11111111111111110612336678101112658331831369728.000000 1.592315e-57 1.470499e-57 47.000000 2
111111111111111113729270382380502992298532929536.000000 1.585539e-58 1.434226e-58 47.000000 2
1111111111111111177857523031108370770879831867392.000000 1.442381e-59 1.385217e-59 47.000000 2
11111111111111112103093783969510434491954339250176.000000 2.523125e-60 2.278209e-60 47.000000 2
111111111111111128819383127497345787715287886331904.000000 1.261825e-61 1.137842e-61 47.000000 2
1111111111111111122040331801858973764176996328275968.000000 9.245592e-63 8.269026e-63 47.000000 2
11111111111111110888096319072360769415818198212673536.000000 1.522886e-63 1.372139e-63 47.000000 2
111111111111111100905595216014112456735339620444667904.000000 1.099279e-64 9.849755e-65 47.000000 2
1111111111111111179197135620610356299040699920330784768.000000 2.129359e-65 1.944460e-65 47.000000 2
11111111111111112132253723127042026453781606635076059136.000000 1.033927e-66 9.337093e-67 47.000000 2
111111111111111121322537231270420264537816066350760591360.000000 6.872974e-69 6.561706e-69 45.000000 72
1111111111111111126113086380943955998754261160974943780864.000000 8.221889e-69 7.645748e-69 47.000000 2
11111111111111112654927438717603506333525003650272031932416.000000 1.296261e-69 1.198566e-69 47.000000 2
111111111111111115398901787910723492567390900178539566333952.000000 1.858004e-70 1.679549e-70 47.000000 2
1111111111111111332394979467352220057959655182972287711182848.000000 7.044211e-72 7.033432e-72 47.000000 2
11111111111111112610325948320542260050453567104975308920455168.000000 9.540421e-73 8.845398e-73 47.000000 2
111111111111111117539773326969663314154819854352782270908071936.000000 2.800025e-74 2.669789e-74 47.000000 2
1111111111111111358085437936059497917008802633063200166072287232.000000 1.944166e-74 1.761234e-74 47.000000 2
11111111111111112484728151362417790517324401793419736918773465088.000000 1.395203e-75 1.256109e-75 47.000000 2
111111111111111133616291337609595414395353014231895487123329908736.000000 4.323542e-77 4.025521e-77 47.000000 2
1111111111111111195858756192329273996399786201555784984263774961664.000000 7.002330e-78 6.260845e-78 47.000000 2
11111111111111113081020819393426181144427813541663208938393942622208.000000 1.839159e-79 1.451005e-79 9.000000 77
111111111111111121830742134173194282000838523207789216617889882177536.000000 1.466554e-79 1.330058e-79 47.000000 2
1111111111111111170416935689672915996310040633630730178093301253537792.000000 1.557366e-80 1.420821e-80 47.000000 2
11111111111111112087293242113201374552687163123884597685617793081278464.000000 1.353070e-81 1.295358e-81 47.000000 2
111111111111111123937923502863791462243565685539464344093656175179988992.000000 1.388495e-82 1.262457e-82 47.000000 2
1111111111111111288419092336346358089902761724204537316736213661675159552.000000 1.562468e-83 1.406410e-83 47.000000 2
11111111111111112491872064901796033159290778291566222160964921337749438464.000000 1.827417e-84 1.651227e-84 47.000000 2
111111111111111115503068045937939185839223648104162597456116046681442615296.000000 4.462579e-86 4.072397e-86 47.000000 2
1111111111111111230355901284019561024421709559533622967789425800382840307712.000000 3.516562e-87 3.060913e-87 11.000000 77
11111111111111111098355479645952903587745526339464277786242012666733776601088.000000 2.566833e-88 2.500557e-88 9.000000 77
111111111111111120625183062013470689129227817441618392995638089364094777819136.000000 2.812010e-89 2.715624e-89 47.000000 2
1111111111111111257673848036422395708635065129333387210666876694690318507835392.000000 1.206869e-89 1.107071e-89 47.000000 2
11111111111111112576738480364223957086350651293333872106668766946903185078353920.000000 1.450706e-90 1.317733e-90 47.000000 2
111111111111111125767384803642239570863506512933338721066687669469031850783539200.000000 2.015101e-92 1.764080e-92 11.000000 77
1111111111111111257673848036422395708635065129333387210666876694690318507835392000.000000 1.719711e-93 1.704061e-93 47.000000 2
11111111111111112576738480364223957086350651293333872106668766946903185078353920000.000000 1.601138e-93 1.452079e-93 47.000000 2
111111111111111132507371470429899519530260284688246389475973775104174971059441762304.000000 2.079562e-94 1.882430e-94 47.000000 2
1111111111111111486833394707202833963304693369000247936582604286285184597216079118336.000000 1.767602e-96 1.283857e-96 47.000000 29
11111111111111115299693093746438576347719175082316570144020353623501005669818555170816.000000 1.542367e-97 1.529244e-97 9.000000 36
111111111111111149546057764069103869759813819684652975214649050149816779116923439808512.000000 2.230107e-97 2.052515e-97 47.000000 2
1111111111111111605888519189340059296554231993278936991364234056224352673769621978873856.000000 1.128093e-98 1.049674e-98 47.000000 2
11111111111111116942308724282592757757191070304248627827384289000053005798499320435048448.000000 1.121949e-100 1.081658e-100 45.000000 72
111111111111111162355698983712390259238720700070812214963907302498054225498568399180005376.000000 2.445104e-101 2.263919e-101 11.000000 2
1111111111111111651826542873578051865719967012594818402878815374990445584931383212481970176.000000 8.613681e-102 8.219840e-102 47.000000 2
11111111111111115613639731569247741910551349745573903925116398549587549291051457062998376448.000000 1.341428e-102 1.218270e-102 47.000000 2
111111111111111170610408470357001847051886623541727520909912068700945997842712571619124969472.000000 4.513892e-104 3.975542e-104 11.000000 77
1111111111111111648208040084911920758733373731073321282464128354189177958698333712234684874752.000000 3.996677e-105 3.830042e-105 9.000000 77
11111111111111118334753828646178334364469497449739738476961038192140804218304681248956922986496.000000 1.741734e-105 1.586837e-105 47.000000 2
111111111111111175936844575273546836536151933941371282160331363320411943657761435983128932909056.000000 7.649394e-107 6.878805e-107 47.000000 2
1111111111111111877939545131747252479098207988310130463351777930820057012982180383934334080385024.000000 1.224283e-107 1.143213e-107 47.000000 2
11111111111111117830826656285378251881088570691929963499530064927273069518585275646518982793494528.000000 2.426982e-109 2.023666e-109 11.000000 77
111111111111111178308266562853782518810885706919299634995300649272730695185852756465189827934945280.000000 1.771549e-109 1.636491e-109 47.000000 2
1111111111111111722374262746483791721875672480958030517377792772347946912739389760311139366686687232.000000 5.540036e-111 4.968035e-111 9.000000 77
11111111111111118195077073577702452678487678221339758494981347249549229753300102472563536269471121408.000000 5.715167e-112 5.406249e-112 47.000000 2
111111111111111174180095166874108243107029154919321958380186116286934212525751385770018221873877221376.000000 7.499290e-113 7.118460e-113 47.000000 2
1111111111111111803966356219964412700493072567545824596358880012537806805315510969345119345305444155392.000000 5.341988e-114 4.886302e-114 47.000000 2
11111111111111117542340325789857484849548477528637405863132649328030350612691132800291696440521066020864.000000 4.182603e-115 3.760892e-115 47.000000 2
111111111111111187359160931733454260224658730810074221042274112416648724698046773438744892706011673001984.000000 2.076002e-116 1.974816e-116 47.000000 2
1111111111111111905420296447560887700191051189497275976851934775196741163170162255549656735862252764135424.000000 3.457042e-117 3.280981e-117 11.000000 77
11111111111111119818091455601041159352577645048489570162819995376693505620254291063389554769873792460128256.000000 4.149112e-118 3.869358e-118 11.000000 77
111111111111111181884626745334522903378210943209870413216452804439445051113419315798845149592044275134103552.000000 7.001160e-119 6.415515e-119 47.000000 2
1111111111111111786253691831993451653486978417548653555341033745739470500955945968318350699707055452406677504.000000 1.894034e-119 1.723766e-119 47.000000 2
11111111111111117862536918319934516534869784175486535553410337457394705009559459683183506997070554524066775040.000000 7.062995e-121 6.919111e-121 47.000000 2
111111111111111195312767901331455184059804921204491250867732455485296815306857157942926677631959842295059054592.000000 1.145821e-121 1.040522e-121 47.000000 2
1111111111111111819628489268257671690909192576447905346008291907562170031378471090540533915029564046515460112384.000000 8.618299e-123 7.861191e-123 47.000000 2
11111111111111117929286513192462956609714212493285039134744853781040104070404509927627873427715571712284340256768.000000 5.366923e-124 4.842179e-124 47.000000 2
111111111111111162204968844557348906936968475576433474525812358957178881127712236698520928032031316939146707075072.000000 1.268764e-124 1.207269e-124 47.000000 2
1111111111111111690401273595042611706010379353190002412544668304984677449582453817296240505300810770126253852721152.000000 5.947935e-126 5.267005e-126 11.000000 77
11111111111111116630606395352549626513541015142197353456300504188195219942603212371718280153086117298323391399329792.000000 9.419723e-127 8.989327e-127 47.000000 2
111111111111111175055066852657543962625419059892458995975682765454801945129114549356994798328364865877286622085513216.000000 1.146852e-127 1.077863e-127 47.000000 2
1111111111111111680558645333519058046334119331160706268455405865965221485666486088451452008903619115620444556117409792.000000 2.390701e-129 2.368236e-129 11.000000 77
11111111111111115965682175018514001504300338098440458388936997196658639269168948023092568396475836638375385584321429504.000000 2.134512e-129 1.933353e-129 47.000000 2
111111111111111168615800718896356857272772503258181696375951960905184532291645884086093168685402147907263828929642758144.000000 1.022603e-130 9.253869e-131 47.000000 2
1111111111111111757829838938653303310565878010772033863652175520560630439716110071702271564619171731260718073987855286272.000000 1.340443e-132 1.124723e-132 11.000000 2
11111111111111118151673043384050911008364003933242073835663002497676585331558310563753434668312919330111819017409974501376.000000 1.544391e-132 1.394095e-132 47.000000 2
111111111111111167755738737900080040418714667519899093577240089967079110890050069315997090152220344881006871513345625686016.000000 1.749547e-133 1.575135e-133 47.000000 2
1111111111111111787645320946524232961506549649699164094007520379748285048304764983732268953769474236170959264419489211482112.000000 1.018369e-134 9.131075e-135 47.000000 2
11111111111111117582885386618513176128880421898324512518114885183942866644636278395796561398368686928747217846098804235829248.000000 1.008498e-135 9.252255e-136 47.000000 2
111111111111111157040513203994465938172959444668548906175688460572869700788035011700293413066819321577880191382838418102812672.000000 2.372310e-137 2.330483e-137 9.000000 77
1111111111111111645558494688707322674192973543944273937778726170794932870513661206033622934335663406617169862140982678050045952.000000 3.816901e-138 3.480659e-138 11.000000 77
11111111111111116756198397482123879911783251828477878881874627968214272155669856416458984558026514829525170414660220768588136448.000000 1.617426e-138 1.508468e-138 47.000000 2
111111111111111157942353555779617897682519993835654324687950559353664531139634744768661678710828963867940606762589600067075702784.000000 2.235443e-139 2.032323e-139 47.000000 2
1111111111111111656380578910129146188307700133949538959925871356164470834732858002854042122063779114097894846697996861621202321408.000000 1.250332e-140 1.135741e-140 47.000000 2
11111111111111115332493095463963986499356998210007458190516861359599499973944411145861615861349959534283128001826354841004898516992.000000 8.345358e-142 7.506113e-142 47.000000 2
111111111111111158250181729188949766528449994618026307540136022404175833232980786989331380050650921769614561878878003510877483958272.000000 1.496529e-142 1.384851e-142 47.000000 2
1111111111111111661305829684678456089842580146467490685560838764972651668226394678384757343500930440524678128558611316722030820196352.000000 1.228665e-143 1.113130e-143 47.000000 2
11111111111111117243490395989096228294890443066972727736884215977173663369436641251779121778964674187875041363744763420126356046872576.000000 6.475017e-145 5.831883e-145 47.000000 2
111111111111111167391447166752468943777187297851344710318635533152159460196984856774338831038003783617724333012178432178015177709453312.000000 1.879661e-145 1.695308e-145 47.000000 2
1111111111111111552871508632200849297650661790872265493981396292651742438032691229900531028340606837912617395115323473222190590871994368.000000 2.035817e-146 1.832542e-146 47.000000 2
11111111111111116497058790604599214097476307409852107813453635237476241691824171001748168539721516365243181431204921520685595398500253696.000000 1.441797e-147 1.297865e-147 47.000000 2
111111111111111167552837784132900730630682246101532952464242145203985929748901066558129307414056358282077167592187046642759125957750030336.000000 2.984954e-149 2.899076e-149 47.000000 2
1111111111111111551580383693157395002822702204870759556816543396237130681617361551630207217332186240597794718475254557504239004885620621312.000000 7.090466e-150 6.398484e-150 47.000000 2
11111111111111116176859805721822548980142330081478635396570116926652526100822410790707863409633208231167157624467830422633602073879564517376.000000 1.537541e-150 1.443428e-150 47.000000 2
111111111111111167057045807540214281416745765076954672592938632980775015285414470102324963986822848913185259762400583007065716938982511607808.000000 2.291213e-151 2.067970e-151 47.000000 2
1111111111111111712878040077978053147090037364866893274947286039521748187071667598585220278992154621943962065765784060316494738991320047550464.000000 2.915493e-153 2.572885e-153 47.000000 2
11111111111111116790319744759173248807519735935890160357329662717505497596976492805356437676930137156942744912523614761198246833101241023725568.000000 8.103874e-155 8.071496e-155 9.000000 36
111111111111111157072456454932299442847016952549980887024714301488271479210079066277699893153576281569527425280940920669048050513029707780325376.000000 2.108715e-155 1.966431e-155 61.000000 29
1111111111111111657370492490598458790295612779971174602635801620376982766178277556983914800461563535694474443563771022233955847674158697458696192.000000 4.400085e-156 4.029148e-156 47.000000 2
11111111111111117613456060201290160244861446853368134815021919469701043350712618300322138431725243996935146724690052008861262587267926410452271104.000000 1.369629e-157 1.226319e-157 47.000000 2
111111111111111167816551519650457023713371916104430237840907968569560707995687441159357460900375570849428248934481785796438992988468548617600237568.000000 6.081420e-158 5.750795e-158 47.000000 2
1111111111111111855616375620236721250152226946201659398341052509747867890867567570929338308563795583052644480009750856197427431414514083230348476416.000000 1.497180e-158 1.367710e-158 47.000000 2
11111111111111117491458593659974306423411222751072451863818688153165114043211516753278800888277716583176272856107910572576049304966169249977408159744.000000 8.922778e-160 8.034815e-160 47.000000 2
111111111111111172075372169820028648025816102948206806319275316346814967457544076983415789689816527838828936710440177754031893025184434946904543985664.000000 2.166022e-161 1.985294e-161 47.000000 2
1111111111111111675326301429724855820925423036481784666090168120510770906982303321044202389810795070501348697494178929992661329860208228623132838068224.000000 1.394646e-162 1.283495e-162 61.000000 29
11111111111111115663004927853838222385268518532811045130439640174130618647587734439483091728011065715726910904296440958782830889202815385929425937760256.000000 1.261105e-163 1.247779e-163 1.000000 36
111111111111111165352113970085664910444570879984164863548092729989122909853759734562502374640885737071561717608127196316978568167222289061709478920978432.000000 8.060981e-164 7.528563e-164 47.000000 2
1111111111111111793074174765613172089915879914338519231380068551856296672583715588307767064181258649344298913123876550836189830075329053855738301903798272.000000 6.732081e-165 6.027961e-165 47.000000 2
11111111111111116814317467138079537015397430227410227546607555502842426133468209941615724099633376264413535234897928807030665113528441232648234917485871104.000000 1.568038e-166 1.567909e-166 47.000000 2
111111111111111162188911841951183722773913668055569130041045528277914711508714387728360192771377974755978264901828158996540074136751882694966892633247449088.000000 3.589783e-167 3.444251e-167 47.000000 2
1111111111111111812425528961259409943901076975548751954011416138795452709518110651293107470912364959980809447327117720325931205320559775158163535664034873344.000000 1.161475e-168 9.268369e-169 11.000000 2
11111111111111117362109647445603808574363008575515276925710317963889304717457239416893052536329308750123987280035832681817190197393433958747656919314107203584.000000 7.593363e-169 6.952855e-169 47.000000 2
111111111111111173621096474456038085743630085755152769257103179638893047174572394168930525363293087501239872800358326818171901973934339587476569193141072035840.000000 1.105015e-169 9.959047e-170 47.000000 2
1111111111111111638656322547185623626761387426515080637927339838108582007397068953396438415515255246252833007269459169437127422195386430392016451953651804536832.000000 1.816833e-170 1.699336e-170 47.000000 2
11111111111111116386563225471856236267613874265150806379273398381085820073970689533964384155152552462528330072694591694371274221953864303920164519536518045368320.000000 1.071973e-171 9.705028e-172 47.000000 2
111111111111111176352626455982531288202527661824173286787126554470742804176334733841130796830588005106507712980913801583020466705165134620993547912518321678843904.000000 5.444879e-173 5.364483e-173 47.000000 2
1111111111111111663630310949713561477814165264860411083916124979428351214270324630399412326073380207215281831777394938715742871166639413555600257387958086987153408.000000 7.494635e-175 7.261730e-175 47.000000 29
11111111111111118234638367258923637245519434302705259382443498838748741382591609632184453536453799573749543086281838620988817445826585058025366121675182946692104192.000000 4.464694e-175 4.309482e-175 11.000000 77
111111111111111169559701610494932192716172089794243405478176996031765579906809189696321893158778015724721632714755272339237064584984323200498752834387012852356481024.000000 2.541855e-176 2.438462e-176 11.000000 77
1111111111111111772317108477515147005595854417339289184859317914451986802582733336716354784822340037323859116035931406616277305089532396283516978638059028210952175616.000000 3.959984e-177 3.609951e-177 47.000000 2
11111111111111116086475780827080535049363695759593315740272156122987473284181649319096649645886122931603544997407235490719430987115288458226541513437893755445257961472.000000 3.625127e-178 3.325766e-178 11.000000 77
111111111111111157591367200374663480480447260768334005186079515186809943358525125094832700054186674432765357648168197756307625743592813573048158588493544501124052025344.000000 1.253630e-179 1.007133e-179 11.000000 2
1111111111111111549726547140577499844698955033062546834127658783523581117718920306179256629304470305261492837874448720355982784415447567656743533517852300584612299538432.000000 6.506703e-180 6.306298e-180 47.000000 2
11111111111111116335253467027187317170366112718490851308736951622260397284911793294402818172641389102732072014175951434186818980809853854927053010925183627498226058264576.000000 1.163027e-180 1.056674e-180 47.000000 2
111111111111111156648630705300574621916648628081985449347686605926407283987337211083146166689640402626383571058307800496852260714855513122393588703278551301765436079603712.000000 6.045869e-182 5.486750e-182 47.000000 2
1111111111111111512855075333235357820870386287996469983559402776894499328979126335944405546602216119056338517915464294208395174402610927808920355784999233231919764771700736.000000 1.678151e-182 1.551531e-182 47.000000 2
11111111111111116415700314606842899767810262707725928073613146545814757551253161956733402353082670963543317803177372000327010129928770160049576307796863047176827952301080576.000000 8.858513e-185 8.851412e-185 7.000000 36
111111111111111153859806655872514425205251428455169454831978515243189461420836430789019248434342631451593717039591887537325634212066414544812781078393664752907237086338220032.000000 8.897348e-185 8.210085e-185 47.000000 2
1111111111111111675894019761337338551690530266179558893708491155298002802097633491601056152296547356967129983625009974919182569950281306190567570778269523780552936685683343360.000000 3.835172e-186 3.549870e-186 9.000000 77
11111111111111115880246097116655341999222000379377257126597193134636935618485012140261034048065498897983665831583916712097897841393263233154061243818964829796053745594106118144.000000 1.798750e-186 1.643208e-186 47.000000 2
111111111111111158802460971166553419992220003793772571265971931346369356184850121402610340480654988979836658315839167120978978413932632331540612438189648297960537455941061181440.000000 2.218216e-187 2.011365e-187 47.000000 2
1111111111111111644261032143455488985053931384012498948530933292237651475607945871674073163200148268786375159457027385583801167058337512355509450075575229092211814320225160003584.000000 4.527767e-189 4.155524e-189 47.000000 2
11111111111111115092936183071595975007377761534330431824400197431801524825852786933189457430555121592151545763403016710861738480527106586592614684107462384219563588942702443495424.000000 5.319594e-190 5.272135e-190 11.000000 77
111111111111111161726754937619631068819070033789660779531275058242615167700341243600304767917122104687213104283368224268427570325721214161625985374260943095816072323503417687277568.000000 1.344655e-190 1.272995e-190 47.000000 2
1111111111111111530888404520966940138228360990325756105014565911029352321468905441855766130278653936746549869638977785405794219093610955250661145477118876929197231762423030854189056.000000 2.174498e-191 1.959884e-191 47.000000 2
11111111111111117151639135454562639781480182651435730443173598766758576132758536960366334345827971050144563724543472942665547186426268194972717231101653921909860135706601423605071872.000000 1.068499e-192 9.605824e-193 47.000000 2
111111111111111164145370993566053444218015535521644626859624229041725549655307439436428651286113983770729377132819949072225051882302047379862749205694678608627050084736529775797993472.000000 5.986772e-194 5.814864e-194 9.000000 77
1111111111111111759390035711333701699728736011099849109750030428431018883309521277040041587615791465398753933130035976393137238534390626916458261742096555853815321204637049122023538688.000000 6.300554e-195 5.778943e-195 47.000000 2
11111111111111117593900357113337016997287360110998491097500304284310188833095212770400415876157914653987539331300359763931372385343906269164582617420965558538153212046370491220235386880.000000 1.537294e-195 1.399443e-195 47.000000 2
111111111111111175939003571133370169972873601109984910975003042843101888330952127704004158761579146539875393313003597639313723853439062691645826174209655585381532120463704912202353868800.000000 1.253707e-196 1.142850e-196 47.000000 2
1111111111111111759390035711333701699728736011099849109750030428431018883309521277040041587615791465398753933130035976393137238534390626916458261742096555853815321204637049122023538688000.000000 3.018125e-198 2.539869e-198 9.000000 77
11111111111111115661631595604707844649611414645004818948036639431092689504477587044640844731377702385890656040339070782699564369592817680482043286899471730666698875312830116871744979468288.000000 9.549692e-199 8.942847e-199 47.000000 2
111111111111111172074466048116111825277521710177997566676075713136666889673716876252485016472018722003681626731081019676850107821936885514280747513166667929638623446996624163505373053976576.000000 2.790197e-199 2.531897e-199 47.000000 2
1111111111111111658912060112884984737649586846868178157977919856063708918221404739300543888087220427457716002000048949369083221715334020304966216554978876804499695694492949655902037502590976.000000 2.263158e-200 2.042582e-200 47.000000 2
11111111111111116094459798182640779255490826429387401509516500358213409354087935207210988667808469933944357897514399514495489365121061524346932096936286348109904646741143160725806830728511488.000000 1.135337e-201 1.129481e-201 47.000000 2
111111111111111164901884405396080337522948600608229055657266589201523532165888249558465488382594574064505995955032714978517636467468844673091161518270882840579784949041722293923776661664301056.000000 2.260128e-202 2.050230e-202 47.000000 2
1111111111111111775652009608190324814206776768141651854559916631835697357659167215148034138370261731847057302906766184459184134794951788478810512747765447909181480902586524912540433956776968192.000000 2.021146e-204 1.962126e-204 9.000000 77
11111111111111117249987433864985162386158604633179073353650163359075125432590533273226824365525353353662583655641905705895810267468464517796509537217428001078280283377188041232193670207233851392.000000 2.613818e-205 2.577759e-205 61.000000 29
111111111111111164395351743179162251767039437559991610465317586242241684021887110680211971364417310099698006581606958839821605386987791306099565928010656362566250423393045086030565992303765225472.000000 1.096766e-205 9.985306e-206 47.000000 2
1111111111111111546699246286143350052535835070338326627798967294240301996570652442177444446154138419753846106118324409768578086417515666598609305950143079847063875309384426944809211405814772793344.000000 4.445742e-207 4.047696e-207 47.000000 2
11111111111111114948303016751309380711307367741988122401433893912098407466249358210442843034927865897575079942795269811661045037762558018186699175074958884984779398829598808565444388632959037472768.000000 1.829472e-207 1.658301e-207 47.000000 2
111111111111111137034483460870114931575850086346397770977000242393673374675521593032469996110554219776629652586641315252016790543723212634681538524514262926187169485954097024470898476125061803671552.000000 5.981491e-209 5.397586e-209 47.000000 2
1111111111111111469933208261844980320056289592051845334068711997755219346650991842900367435015337711359265700596904215436917184108451066724299011055025236651156690878276098734177348042886846605164544.000000 9.312599e-210 8.555822e-210 47.000000 2
11111111111111115496039071843600451234945205749221394335076796568100078265676125729609014141431741222336410403812970657703166070454262190262859117029313225625846876932642015257520386681958294599237632.000000 3.023770e-210 2.768169e-210 47.000000 2
111111111111111103971143408026363038148984228455225719709828663885936155510123990057348394772502109263763886576118282363656030024878524429356974755633237272944550807734034365967401866621833918946476032.000000 1.607001e-210 1.454046e-210 47.000000 2
211111111111111100944455629277399204096434556000728082358070414836283003945678065591544733177208361131791398992092164771838165759246802913996359796680477150815574398800824347778583679928001047801364480.000000 1.816306e-210 1.636483e-210 47.000000 2
311111111111111131910599390801529686177530102904222594100271700316672937145656985951568902676458148306219056382740329988937388613391146380816822447500980350895876630929204853994966826699334194686853120.000000 2.155367e-210 1.935049e-210 47.000000 2
411111111111111094891080071779471535991335211091732807654553916736976700816786216659937409986620864867846423824039929588202437227983359883275129878774956906557621580934404311400947306540335305511141376.000000 2.377930e-211 2.239518e-211 45.000000 72
511111111111111057871560752757413385805140319279243021208836133157280464487915447368305917296783581429473791265339529187467485842575573385733437310048933462219366530939603768806927786381336416335429632.000000 1.691457e-211 1.621454e-211 11.000000 77
611111111111111020852041433735355235618945427466753234763118349577584228159044678076674424606946297991101158706639128786732534457167786888191744741322910017881111480944803226212908266222337527159717888.000000 5.527922e-211 5.262045e-211 47.000000 2
711111111111110983832522114713297085432750535654263448317400565997887991830173908785042931917109014552728526147938728385997583071760000390650052172596886573542856430950002683618888746063338637984006144.000000 8.686638e-211 8.165169e-211 47.000000 2
811111111111110946813002795691238935246555643841773661871682782418191755501303139493411439227271731114355893589238327985262631686352213893108359603870863129204601380955202141024869225904339748808294400.000000 1.976890e-210 1.797162e-210 47.000000 2
911111111111110909793483476669180785060360752029283875425964998838495519172432370201779946537434447675983261030537927584527680300944427395566667035144839684866346330960401598430849705745340859632582656.000000 2.094677e-211 1.983451e-211 45.000000 72
1011111111111110872773964157647122634874165860216794088980247215258799282843561600910148453847597164237610628471837527183792728915536640898024974466418816240528091280965601055836830185586341970456870912.000000 2.252575e-211 2.173792e-211 9.000000 77
1111111111111110835754444838625064484687970968404304302534529431679103046514690831618516961157759880799237995913137126783057777530128854400483281897692792796189836230970800513242810665427343081281159168.000000 1.016845e-210 9.607673e-211 47.000000 2
1211111111111110798734925519603006334501776076591814516088811648099406810185820062326885468467922597360865363354436726382322826144721067902941589328966769351851581180975999970648791145268344192105447424.000000 1.263394e-210 1.134745e-210 47.000000 2
1311111111111110897686732361673325448850162062211293326018932002639882912914648672338565300156259455148093310694433457217256223238417541334124207199333799196350440695227561525675576958970009375052136448.000000 2.835726e-211 2.457246e-211 11.000000 77
1411111111111110996638539203743644563198548047830772135949052357180359015643477282350245131844596312935321258034430188052189620332114014765306825069700829040849300209479123080702362772671674557998825472.000000 1.036184e-210 9.386706e-211 47.000000 2
1511111111111111095590346045813963677546934033450250945879172711720835118372305892361924963532933170722549205374426918887123017425810488196489442940067858885348159723730684635729148586373339740945514496.000000 7.824191e-211 7.187848e-211 47.000000 2
1611111111111111194542152887884282791895320019069729755809293066261311221101134502373604795221270028509777152714423649722056414519506961627672060810434888729847019237982246190755934400075004923892203520.000000 5.951210e-212 5.640674e-212 47.000000 2
1711111111111111293493959729954601906243706004689208565739413420801787323829963112385284626909606886297005100054420380556989811613203435058854678680801918574345878752233807745782720213776670106838892544.000000 2.859176e-211 2.628624e-211 47.000000 2
1811111111111111392445766572024921020592091990308687375669533775342263426558791722396964458597943744084233047394417111391923208706899908490037296551168948418844738266485369300809506027478335289785581568.000000 2.987167e-211 2.720972e-211 11.000000 2
1911111111111111491397573414095240134940477975928166185599654129882739529287620332408644290286280601871460994734413842226856605800596381921219914421535978263343597780736930855836291841180000472732270592.000000 1.641489e-211 1.605757e-211 47.000000 2
2011111111111111590349380256165559249288863961547644995529774484423215632016448942420324121974617459658688942074410573061790002894292855352402532291903008107842457294988492410863077654881665655678959616.000000 6.625153e-211 6.228449e-211 47.000000 2
2111111111111111689301187098235878363637249947167123805459894838963691734745277552432003953662954317445916889414407303896723399987989328783585150162270037952341316809240053965889863468583330838625648640.000000 1.463454e-210 1.322968e-210 47.000000 2
2211111111111111788252993940306197477985635932786602615390015193504167837474106162443683785351291175233144836754404034731656797081685802214767768032637067796840176323491615520916649282284996021572337664.000000 1.747444e-211 1.668131e-211 61.000000 29
2311111111111111887204800782376516592334021918406081425320135548044643940202934772455363617039628033020372784094400765566590194175382275645950385903004097641339035837743177075943435095986661204519026688.000000 1.842085e-211 1.799016e-211 9.000000 36
2411111111111111986156607624446835706682407904025560235250255902585120042931763382467043448727964890807600731434397496401523591269078749077133003773371127485837895351994738630970220909688326387465715712.000000 5.494523e-211 5.367284e-211 47.000000 2
2511111111111112085108414466517154821030793889645039045180376257125596145660591992478723280416301748594828678774394227236456988362775222508315621643738157330336754866246300185997006723389991570412404736.000000 4.541859e-211 4.144842e-211 47.000000 2
2611111111111112184060221308587473935379179875264517855110496611666072248389420602490403112104638606382056626114390958071390385456471695939498239514105187174835614380497861741023792537091656753359093760.000000 9.357203e-211 8.412068e-211 47.000000 2
2711111111111112283012028150657793049727565860883996665040616966206548351118249212502082943792975464169284573454387688906323782550168169370680857384472217019334473894749423296050578350793321936305782784.000000 5.004341e-211 4.886899e-211 47.000000 2
2811111111111112381963834992728112164075951846503475474970737320747024453847077822513762775481312321956512520794384419741257179643864642801863475254839246863833333409000984851077364164494987119252471808.000000 7.054628e-211 6.455700e-211 47.000000 2
2911111111111112480915641834798431278424337832122954284900857675287500556575906432525442607169649179743740468134381150576190576737561116233046093125206276708332192923252546406104149978196652302199160832.000000 5.233139e-211 4.939862e-211 47.000000 2
3011111111111112579867448676868750392772723817742433094830978029827976659304735042537122438857986037530968415474377881411123973831257589664228710995573306552831052437504107961130935791898317485145849856.000000 5.420281e-211 4.946813e-211 47.000000 2
3111111111111112678819255518939069507121109803361911904761098384368452762033563652548802270546322895318196362814374612246057370924954063095411328865940336397329911951755669516157721605599982668092538880.000000 1.330592e-210 1.202428e-210 47.000000 2
3211111111111112777771062361009388621469495788981390714691218738908928864762392262560482102234659753105424310154371343080990768018650536526593946736307366241828771466007231071184507419301647851039227904.000000 1.477274e-210 1.322495e-210 47.000000 2
3311111111111112876722869203079707735817881774600869524621339093449404967491220872572161933922996610892652257494368073915924165112347009957776564606674396086327630980258792626211293233003313033985916928.000000 1.254529e-210 1.126865e-210 47.000000 2
3411111111111112975674676045150026850166267760220348334551459447989881070220049482583841765611333468679880204834364804750857562206043483388959182477041425930826490494510354181238079046704978216932605952.000000 1.328917e-210 1.204431e-210 47.000000 2
3511111111111113074626482887220345964514653745839827144481579802530357172948878092595521597299670326467108152174361535585790959299739956820141800347408455775325350008761915736264864860406643399879294976.000000 1.217216e-210 1.094958e-210 47.000000 2
3611111111111113173578289729290665078863039731459305954411700157070833275677706702607201428988007184254336099514358266420724356393436430251324418217775485619824209523013477291291650674108308582825984000.000000 4.946905e-211 4.457771e-211 47.000000 2
3711111111111113272530096571360984193211425717078784764341820511611309378406535312618881260676344042041564046854354997255657753487132903682507036088142515464323069037265038846318436487809973765772673024.000000 1.201513e-210 1.088272e-210 47.000000 2
3811111111111113371481903413431303307559811702698263574271940866151785481135363922630561092364680899828791994194351728090591150580829377113689653958509545308821928551516600401345222301511638948719362048.000000 5.293255e-211 4.870145e-211 11.000000 77
3911111111111113470433710255501622421908197688317742384202061220692261583864192532642240924053017757616019941534348458925524547674525850544872271828876575153320788065768161956372008115213304131666051072.000000 2.572761e-210 2.332114e-210 47.000000 2
4011111111111113569385517097571941536256583673937221194132181575232737686593021142653920755741354615403247888874345189760457944768222323976054889699243604997819647580019723511398793928914969314612740096.000000 3.096297e-211 3.017909e-211 45.000000 72
4111111111111113668337323939642260650604969659556700004062301929773213789321849752665600587429691473190475836214341920595391341861918797407237507569610634842318507094271285066425579742616634497559429120.000000 1.174658e-210 1.091957e-210 47.000000 2
4211111111111113767289130781712579764953355645176178813992422284313689892050678362677280419118028330977703783554338651430324738955615270838420125439977664686817366608522846621452365556318299680506118144.000000 3.438503e-211 3.269745e-211 45.000000 72
4311111111111113866240937623782898879301741630795657623922542638854165994779506972688960250806365188764931730894335382265258136049311744269602743310344694531316226122774408176479151370019964863452807168.000000 2.097065e-211 1.832893e-211 11.000000 77
4411111111111113965192744465853217993650127616415136433852662993394642097508335582700640082494702046552159678234332113100191533143008217700785361180711724375815085637025969731505937183721630046399496192.000000 2.015217e-211 1.984281e-211 47.000000 2
4511111111111114064144551307923537107998513602034615243782783347935118200237164192712319914183038904339387625574328843935124930236704691131967979051078754220313945151277531286532722997423295229346185216.000000 1.062161e-210 9.749470e-211 47.000000 2
4611111111111114163096358149993856222346899587654094053712903702475594302965992802723999745871375762126615572914325574770058327330401164563150596921445784064812804665529092841559508811124960412292874240.000000 1.390665e-210 1.264449e-210 47.000000 2
4711111111111114262048164992064175336695285573273572863643024057016070405694821412735679577559712619913843520254322305604991724424097637994333214791812813909311664179780654396586294624826625595239563264.000000 5.155101e-211 4.889250e-211 47.000000 2
4811111111111114360999971834134494451043671558893051673573144411556546508423650022747359409248049477701071467594319036439925121517794111425515832662179843753810523694032215951613080438528290778186252288.000000 4.698826e-211 4.226713e-211 47.000000 2
4911111111111113916066474031835304507253734034784656097999912213616333254921681115545793943423689770585897095339527242332185124695073545141801208776174660442960924951298329116156644916787299672643338240.000000 1.297489e-210 1.195464e-210 47.000000 2
5011111111111113471132976229536114563463796510676260522426680015676120001419712208344228477599330063470722723084735448224445127872352978858086584890169477132111326208564442280700209395046308567100424192.000000 8.960277e-211 8.173645e-211 47.000000 2
5111111111111113026199478427236924619673858986567864946853447817735906747917743301142663011774970356355548350829943654116705131049632412574371961004164293821261727465830555445243773873305317461557510144.000000 1.139667e-210 1.077387e-210 47.000000 2
5211111111111112581265980624937734675883921462459469371280215619795693494415774393941097545950610649240373978575151860008965134226911846290657337118159110510412128723096668609787338351564326356014596096.000000 1.425278e-210 1.309791e-210 47.000000 2
5311111111111112136332482822638544732093983938351073795706983421855480240913805486739532080126250942125199606320360065901225137404191280006942713232153927199562529980362781774330902829823335250471682048.000000 1.590080e-210 1.434465e-210 47.000000 2
5411111111111111691398985020339354788304046414242678220133751223915266987411836579537966614301891235010025234065568271793485140581470713723228089346148743888712931237628894938874467308082344144928768000.000000 2.009448e-210 1.816527e-210 47.000000 2
5511111111111111246465487218040164844514108890134282644560519025975053733909867672336401148477531527894850861810776477685745143758750147439513465460143560577863332494895008103418031786341353039385853952.000000 3.667986e-211 3.604196e-211 45.000000 72
5611111111111110801531989415740974900724171366025887068987286828034840480407898765134835682653171820779676489555984683578005146936029581155798841574138377267013733752161121267961596264600361933842939904.000000 4.311477e-211 4.126957e-211 11.000000 77
5711111111111110356598491613441784956934233841917491493414054630094627226905929857933270216828812113664502117301192889470265150113309014872084217688133193956164135009427234432505160742859370828300025856.000000 5.058810e-211 4.857772e-211 47.000000 2
5811111111111109911664993811142595013144296317809095917840822432154413973403960950731704751004452406549327745046401095362525153290588448588369593802128010645314536266693347597048725221118379722757111808.000000 1.974228e-210 1.790035e-210 47.000000 2
5911111111111109466731496008843405069354358793700700342267590234214200719901992043530139285180092699434153372791609301254785156467867882304654969916122827334464937523959460761592289699377388617214197760.000000 1.756333e-210 1.589292e-210 47.000000 2
6011111111111109021797998206544215125564421269592304766694358036273987466400023136328573819355732992318979000536817507147045159645147316020940346030117644023615338781225573926135854177636397511671283712.000000 2.115586e-210 1.911810e-210 47.000000 2
6111111111111108576864500404245025181774483745483909191121125838333774212898054229127008353531373285203804628282025713039305162822426749737225722144112460712765740038491687090679418655895406406128369664.000000 1.522714e-210 1.363293e-210 47.000000 2
6211111111111108131931002601945835237984546221375513615547893640393560959396085321925442887707013578088630256027233918931565165999706183453511098258107277401916141295757800255222983134154415300585455616.000000 1.022235e-210 9.214698e-211 47.000000 2
6311111111111107686997504799646645294194608697267118039974661442453347705894116414723877421882653870973455883772442124823825169176985617169796474372102094091066542553023913419766547612413424195042541568.000000 7.822488e-211 6.947118e-211 47.000000 2
6411111111111107242064006997347455350404671173158722464401429244513134452392147507522311956058294163858281511517650330716085172354265050886081850486096910780216943810290026584310112090672433089499627520.000000 3.908693e-211 3.436437e-211 47.000000 2
6511111111111106797130509195048265406614733649050326888828197046572921198890178600320746490233934456743107139262858536608345175531544484602367226600091727469367345067556139748853676568931441983956713472.000000 1.321624e-211 1.063560e-211 11.000000 2
6611111111111106352197011392749075462824796124941931313254964848632707945388209693119181024409574749627932767008066742500605178708823918318652602714086544158517746324822252913397241047190450878413799424.000000 2.815723e-210 2.555484e-210 47.000000 2
6711111111111105907263513590449885519034858600833535737681732650692494691886240785917615558585215042512758394753274948392865181886103352034937978828081360847668147582088366077940805525449459772870885376.000000 1.599359e-210 1.434435e-210 47.000000 2
6811111111111105462330015788150695575244921076725140162108500452752281438384271878716050092760855335397584022498483154285125185063382785751223354942076177536818548839354479242484370003708468667327971328.000000 1.204199e-210 1.092752e-210 47.000000 2
6911111111111105017396517985851505631454983552616744586535268254812068184882302971514484626936495628282409650243691360177385188240662219467508731056070994225968950096620592407027934481967477561785057280.000000 3.142245e-210 2.844944e-210 47.000000 2
7011111111111104572463020183552315687665046028508349010962036056871854931380334064312919161112135921167235277988899566069645191417941653183794107170065810915119351353886705571571498960226486456242143232.000000 5.727864e-211 5.271289e-211 47.000000 2
7111111111111104127529522381253125743875108504399953435388803858931641677878365157111353695287776214052060905734107771961905194595221086900079483284060627604269752611152818736115063438485495350699229184.000000 1.626225e-211 1.454293e-211 11.000000 2
7211111111111103682596024578953935800085170980291557859815571660991428424376396249909788229463416506936886533479315977854165197772500520616364859398055444293420153868418931900658627916744504245156315136.000000 5.269635e-211 4.977250e-211 47.000000 2
7311111111111103237662526776654745856295233456183162284242339463051215170874427342708222763639056799821712161224524183746425200949779954332650235512050260982570555125685045065202192395003513139613401088.000000 1.417426e-210 1.275034e-210 47.000000 2
7411111111111102792729028974355555912505295932074766708669107265111001917372458435506657297814697092706537788969732389638685204127059388048935611626045077671720956382951158229745756873262522034070487040.000000 2.785612e-210 2.513693e-210 47.000000 2
7511111111111102347795531172056365968715358407966371133095875067170788663870489528305091831990337385591363416714940595530945207304338821765220987740039894360871357640217271394289321351521530928527572992.000000 2.964699e-210 2.678275e-210 47.000000 2
7611111111111101902862033369757176024925420883857975557522642869230575410368520621103526366165977678476189044460148801423205210481618255481506363854034711050021758897483384558832885829780539822984658944.000000 1.389798e-210 1.244351e-210 47.000000 2
7711111111111101457928535567457986081135483359749579981949410671290362156866551713901960900341617971361014672205357007315465213658897689197791739968029527739172160154749497723376450308039548717441744896.000000 4.968735e-211 4.898725e-211 9.000000 77
7811111111111101012995037765158796137345545835641184406376178473350148903364582806700395434517258264245840299950565213207725216836177122914077116082024344428322561412015610887920014786298557611898830848.000000 1.360932e-211 1.351459e-211 45.000000 31
7911111111111100568061539962859606193555608311532788830802946275409935649862613899498829968692898557130665927695773419099985220013456556630362492196019161117472962669281724052463579264557566506355916800.000000 2.289503e-211 2.159961e-211 61.000000 29
8011111111111100123128042160560416249765670787424393255229714077469722396360644992297264502868538850015491555440981624992245223190735990346647868310013977806623363926547837217007143742816575400813002752.000000 2.768448e-211 2.704966e-211 47.000000 2
8111111111111099678194544358261226305975733263315997679656481879529509142858676085095699037044179142900317183186189830884505226368015424062933244424008794495773765183813950381550708221075584295270088704.000000 7.145730e-211 6.526816e-211 47.000000 2
8211111111111099233261046555962036362185795739207602104083249681589295889356707177894133571219819435785142810931398036776765229545294857779218620538003611184924166441080063546094272699334593189727174656.000000 8.337179e-211 7.759121e-211 47.000000 2
8311111111111098788327548753662846418395858215099206528510017483649082635854738270692568105395459728669968438676606242669025232722574291495503996651998427874074567698346176710637837177593602084184260608.000000 9.066741e-211 8.187015e-211 47.000000 2
8411111111111098343394050951363656474605920690990810952936785285708869382352769363491002639571100021554794066421814448561285235899853725211789372765993244563224968955612289875181401655852610978641346560.000000 1.991652e-211 1.881266e-211 45.000000 72
8511111111111097898460553149064466530815983166882415377363553087768656128850800456289437173746740314439619694167022654453545239077133158928074748879988061252375370212878403039724966134111619873098432512.000000 1.785078e-210 1.648238e-210 47.000000 2
8611111111111097453527055346765276587026045642774019801790320889828442875348831549087871707922380607324445321912230860345805242254412592644360124993982877941525771470144516204268530612370628767555518464.000000 1.268978e-210 1.155605e-210 47.000000 2
8711111111111097008593557544466086643236108118665624226217088691888229621846862641886306242098020900209270949657439066238065245431692026360645501107977694630676172727410629368812095090629637662012604416.000000 4.818863e-211 4.428441e-211 9.000000 77
8811111111111096563660059742166896699446170594557228650643856493948016368344893734684740776273661193094096577402647272130325248608971460076930877221972511319826573984676742533355659568888646556469690368.000000 2.148186e-211 1.853432e-211 11.000000 2
8911111111111096118726561939867706755656233070448833075070624296007803114842924827483175310449301485978922205147855478022585251786250893793216253335967328008976975241942855697899224047147655450926776320.000000 5.892811e-211 5.891607e-211 47.000000 2
9011111111111095673793064137568516811866295546340437499497392098067589861340955920281609844624941778863747832893063683914845254963530327509501629449962144698127376499208968862442788525406664345383862272.000000 1.482992e-211 1.222747e-211 9.000000 77
9111111111111095228859566335269326868076358022232041923924159900127376607838987013080044378800582071748573460638271889807105258140809761225787005563956961387277777756475082026986353003665673239840948224.000000 7.255349e-211 6.621082e-211 47.000000 2
9211111111111094783926068532970136924286420498123646348350927702187163354337018105878478912976222364633399088383480095699365261318089194942072381677951778076428179013741195191529917481924682134298034176.000000 7.384571e-211 6.716703e-211 47.000000 2
9311111111111094338992570730670946980496482974015250772777695504246950100835049198676913447151862657518224716128688301591625264495368628658357757791946594765578580271007308356073481960183691028755120128.000000 1.017677e-210 9.662571e-211 47.000000 2
9411111111111093894059072928371757036706545449906855197204463306306736847333080291475347981327502950403050343873896507483885267672648062374643133905941411454728981528273421520617046438442699923212206080.000000 2.397940e-211 2.288221e-211 47.000000 2
9511111111111093449125575126072567092916607925798459621631231108366523593831111384273782515503143243287875971619104713376145270849927496090928510019936228143879382785539534685160610916701708817669292032.000000 1.782489e-210 1.631286e-210 47.000000 2
9611111111111093004192077323773377149126670401690064046057998910426310340329142477072217049678783536172701599364312919268405274027206929807213886133931044833029784042805647849704175394960717712126377984.000000 6.512777e-211 5.913206e-211 47.000000 2
9711111111111092559258579521474187205336732877581668470484766712486097086827173569870651583854423829057527227109521125160665277204486363523499262247925861522180185300071761014247739873219726606583463936.000000 7.749762e-211 7.504786e-211 47.000000 2
9811111111111093202095691007914015377823442372929021665918239619507262545786799697095576713055457251747157494044306380938272068214599876669579121874665104522027503071308770959757747022364048078019756032.000000 1.026592e-210 9.322139e-211 47.000000 2
9911111111111093844932802494353843550310151868276374861351712526528428004746425824320501842256490674436787760979091636715878859224713389815658981501404347521874820842545780905267754171508369549456048128.000000 1.732695e-211 1.355616e-211 11.000000 2
10011111111111094487769913980793671722796861363623728056785185433549593463706051951545426971457524097126418027913876892493485650234826902961738841128143590521722138613782790850777761320652691020892340224.000000 1.166515e-210 1.062520e-210 47.000000 2
10111111111111095130607025467233499895283570858971081252218658340570758922665678078770352100658557519816048294848662148271092441244940416107818700754882833521569456385019800796287768469797012492328632320.000000 1.566557e-210 1.413625e-210 47.000000 2
10211111111111095773444136953673328067770280354318434447652131247591924381625304205995277229859590942505678561783447404048699232255053929253898560381622076521416774156256810741797775618941333963764924416.000000 1.360020e-210 1.229637e-210 47.000000 2
10311111111111096416281248440113156240256989849665787643085604154613089840584930333220202359060624365195308828718232659826306023265167442399978420008361319521264091927493820687307782768085655435201216512.000000 3.518428e-211 3.236318e-211 47.000000 2
10411111111111097059118359926552984412743699345013140838519077061634255299544556460445127488261657787884939095653017915603912814275280955546058279635100562521111409698730830632817789917229976906637508608.000000 5.459143e-211 4.944410e-211 47.000000 2
10511111111111097701955471412992812585230408840360494033952549968655420758504182587670052617462691210574569362587803171381519605285394468692138139261839805520958727469967840578327797066374298378073800704.000000 3.531792e-211 3.269257e-211 47.000000 2
10611111111111098344792582899432640757717118335707847229386022875676586217463808714894977746663724633264199629522588427159126396295507981838217998888579048520806045241204850523837804215518619849510092800.000000 4.340856e-211 4.068547e-211 9.000000 77
10711111111111098987629694385872468930203827831055200424819495782697751676423434842119902875864758055953829896457373682936733187305621494984297858515318291520653363012441860469347811364662941320946384896.000000 1.310827e-210 1.242744e-210 47.000000 2
10811111111111099630466805872312297102690537326402553620252968689718917135383060969344828005065791478643460163392158938714339978315735008130377718142057534520500680783678870414857818513807262792382676992.000000 3.440562e-211 2.996596e-211 9.000000 77
10911111111111100273303917358752125275177246821749906815686441596740082594342687096569753134266824901333090430326944194491946769325848521276457577768796777520347998554915880360367825662951584263818969088.000000 1.389564e-210 1.258207e-210 47.000000 2
11011111111111100916141028845191953447663956317097260011119914503761248053302313223794678263467858324022720697261729450269553560335962034422537437395536020520195316326152890305877832812095905735255261184.000000 1.643858e-211 1.443121e-211 47.000000 29
11111111111111101558978140331631781620150665812444613206553387410782413512261939351019603392668891746712350964196514706047160351346075547568617297022275263520042634097389900251387839961240227206691553280.000000 1.825515e-211 1.734400e-211 47.000000 2
11211111111111102201815251818071609792637375307791966401986860317803578971221565478244528521869925169401981231131299961824767142356189060714697156649014506519889951868626910196897847110384548678127845376.000000 1.198792e-210 1.119562e-210 47.000000 2
11311111111111102844652363304511437965124084803139319597420333224824744430181191605469453651070958592091611498066085217602373933366302573860777016275753749519737269639863920142407854259528870149564137472.000000 1.773302e-210 1.613717e-210 47.000000 2
11411111111111103487489474790951266137610794298486672792853806131845909889140817732694378780271992014781241765000870473379980724376416087006856875902492992519584587411100930087917861408673191621000429568.000000 1.136783e-210 1.031797e-210 47.000000 2
11511111111111104130326586277391094310097503793834025988287279038867075348100443859919303909473025437470872031935655729157587515386529600152936735529232235519431905182337940033427868557817513092436721664.000000 3.685783e-211 3.610070e-211 9.000000 77
11611111111111104773163697763830922482584213289181379183720751945888240807060069987144229038674058860160502298870440984935194306396643113299016595155971478519279222953574949978937875706961834563873013760.000000 1.011494e-210 9.174972e-211 47.000000 2
11711111111111105416000809250270750655070922784528732379154224852909406266019696114369154167875092282850132565805226240712801097406756626445096454782710721519126540724811959924447882856106156035309305856.000000 5.537801e-211 5.041709e-211 47.000000 2
11811111111111106058837920736710578827557632279876085574587697759930571724979322241594079297076125705539762832740011496490407888416870139591176314409449964518973858496048969869957890005250477506745597952.000000 8.153666e-211 7.393763e-211 47.000000 2
11911111111111106701675032223150407000044341775223438770021170666951737183938948368819004426277159128229393099674796752268014679426983652737256174036189207518821176267285979815467897154394798978181890048.000000 8.777069e-212 8.558295e-212 45.000000 72
12011111111111107344512143709590235172531051270570791965454643573972902642898574496043929555478192550919023366609582008045621470437097165883336033662928450518668494038522989760977904303539120449618182144.000000 1.463393e-210 1.352694e-210 47.000000 2
12111111111111107987349255196030063345017760765918145160888116480994068101858200623268854684679225973608653633544367263823228261447210679029415893289667693518515811809759999706487911452683441921054474240.000000 7.839892e-211 7.100524e-211 47.000000 2
12211111111111108630186366682469891517504470261265498356321589388015233560817826750493779813880259396298283900479152519600835052457324192175495752916406936518363129580997009651997918601827763392490766336.000000 1.146903e-211 9.044776e-212 47.000000 29
12311111111111109273023478168909719689991179756612851551755062295036399019777452877718704943081292818987914167413937775378441843467437705321575612543146179518210447352234019597507925750972084863927058432.000000 1.233155e-210 1.122011e-210 47.000000 2
12411111111111109915860589655349547862477889251960204747188535202057564478737079004943630072282326241677544434348723031156048634477551218467655472169885422518057765123471029543017932900116406335363350528.000000 1.772076e-210 1.595107e-210 47.000000 2
12511111111111110558697701141789376034964598747307557942622008109078729937696705132168555201483359664367174701283508286933655425487664731613735331796624665517905082894708039488527940049260727806799642624.000000 4.173598e-211 4.173245e-211 9.000000 77
12611111111111111201534812628229204207451308242654911138055481016099895396656331259393480330684393087056804968218293542711262216497778244759815191423363908517752400665945049434037947198405049278235934720.000000 6.061022e-211 5.522313e-211 47.000000 2
12711111111111111844371924114669032379938017738002264333488953923121060855615957386618405459885426509746435235153078798488869007507891757905895051050103151517599718437182059379547954347549370749672226816.000000 7.610138e-212 7.020597e-212 47.000000 29
12811111111111112487209035601108860552424727233349617528922426830142226314575583513843330589086459932436065502087864054266475798518005271051974910676842394517447036208419069325057961496693692221108518912.000000 5.933463e-211 5.912136e-211 47.000000 2
12911111111111113130046147087548688724911436728696970724355899737163391773535209641068255718287493355125695769022649310044082589528118784198054770303581637517294353979656079270567968645838013692544811008.000000 6.439533e-211 6.410010e-211 47.000000 2
13011111111111113772883258573988516897398146224044323919789372644184557232494835768293180847488526777815326035957434565821689380538232297344134629930320880517141671750893089216077975794982335163981103104.000000 2.733508e-210 2.481562e-210 47.000000 2
13111111111111114415720370060428345069884855719391677115222845551205722691454461895518105976689560200504956302892219821599296171548345810490214489557060123516988989522130099161587982944126656635417395200.000000 1.205200e-210 1.097557e-210 47.000000 2
13211111111111115058557481546868173242371565214739030310656318458226888150414088022743031105890593623194586569827005077376902962558459323636294349183799366516836307293367109107097990093270978106853687296.000000 1.574161e-210 1.461446e-210 47.000000 2
13311111111111115701394593033308001414858274710086383506089791365248053609373714149967956235091627045884216836761790333154509753568572836782374208810538609516683625064604119052607997242415299578289979392.000000 1.805080e-210 1.637132e-210 47.000000 2
13411111111111116344231704519747829587344984205433736701523264272269219068333340277192881364292660468573847103696575588932116544578686349928454068437277852516530942835841128998118004391559621049726271488.000000 2.680202e-211 2.620275e-211 45.000000 72
13511111111111116987068816006187657759831693700781089896956737179290384527292966404417806493493693891263477370631360844709723335588799863074533928064017095516378260607078138943628011540703942521162563584.000000 2.067117e-211 2.034070e-211 11.000000 77
13611111111111117629905927492627485932318403196128443092390210086311549986252592531642731622694727313953107637566146100487330126598913376220613787690756338516225578378315148889138018689848263992598855680.000000 3.414111e-211 3.344409e-211 11.000000 77
13711111111111118272743038979067314104805112691475796287823682993332715445212218658867656751895760736642737904500931356264936917609026889366693647317495581516072896149552158834648025838992585464035147776.000000 7.125631e-211 6.678185e-211 47.000000 2
13811111111111118915580150465507142277291822186823149483257155900353880904171844786092581881096794159332368171435716612042543708619140402512773506944234824515920213920789168780158032988136906935471439872.000000 6.732298e-211 6.205719e-211 47.000000 2
13911111111111119558417261951946970449778531682170502678690628807375046363131470913317507010297827582021998438370501867820150499629253915658853366570974067515767531692026178725668040137281228406907731968.000000 1.457451e-210 1.343489e-210 47.000000 2
14011111111111120201254373438386798622265241177517855874124101714396211822091097040542432139498861004711628705305287123597757290639367428804933226197713310515614849463263188671178047286425549878344024064.000000 1.372299e-210 1.233237e-210 47.000000 2
14111111111111120844091484924826626794751950672865209069557574621417377281050723167767357268699894427401258972240072379375364081649480941951013085824452553515462167234500198616688054435569871349780316160.000000 1.117862e-210 1.099130e-210 47.000000 2
14211111111111121486928596411266454967238660168212562264991047528438542740010349294992282397900927850090889239174857635152970872659594455097092945451191796515309485005737208562198061584714192821216608256.000000 9.960922e-212 9.116260e-212 47.000000 29
14311111111111122129765707897706283139725369663559915460424520435459708198969975422217207527101961272780519506109642890930577663669707968243172805077931039515156802776974218507708068733858514292652900352.000000 7.230726e-212 6.491053e-212 11.000000 2
14411111111111122772602819384146111312212079158907268655857993342480873657929601549442132656302994695470149773044428146708184454679821481389252664704670282515004120548211228453218075883002835764089192448.000000 4.575109e-211 4.377773e-211 47.000000 2
14511111111111123415439930870585939484698788654254621851291466249502039116889227676667057785504028118159780039979213402485791245689934994535332524331409525514851438319448238398728083032147157235525484544.000000 8.544561e-211 8.197835e-211 47.000000 2
14611111111111124058277042357025767657185498149601975046724939156523204575848853803891982914705061540849410306913998658263398036700048507681412383958148768514698756090685248344238090181291478706961776640.000000 1.824095e-210 1.655465e-210 47.000000 2
14711111111111124701114153843465595829672207644949328242158412063544370034808479931116908043906094963539040573848783914041004827710162020827492243584888011514546073861922258289748097330435800178398068736.000000 8.112504e-211 7.833506e-211 11.000000 77
14811111111111125343951265329905424002158917140296681437591884970565535493768106058341833173107128386228670840783569169818611618720275533973572103211627254514393391633159268235258104479580121649834360832.000000 1.859832e-210 1.686969e-210 47.000000 2
14911111111111125986788376816345252174645626635644034633025357877586700952727732185566758302308161808918301107718354425596218409730389047119651962838366497514240709404396278180768111628724443121270652928.000000 7.798650e-211 7.080884e-211 47.000000 2
15011111111111126629625488302785080347132336130991387828458830784607866411687358312791683431509195231607931374653139681373825200740502560265731822465105740514088027175633288126278118777868764592706945024.000000 1.716218e-211 1.715035e-211 1.000000 29
15111111111111127272462599789224908519619045626338741023892303691629031870646984440016608560710228654297561641587924937151431991750616073411811682091844983513935344946870298071788125927013086064143237120.000000 1.330728e-210 1.207568e-210 47.000000 2
15211111111111127915299711275664736692105755121686094219325776598650197329606610567241533689911262076987191908522710192929038782760729586557891541718584226513782662718107308017298133076157407535579529216.000000 8.544663e-211 7.672194e-211 47.000000 2
15311111111111128558136822762104564864592464617033447414759249505671362788566236694466458819112295499676822175457495448706645573770843099703971401345323469513629980489344317962808140225301729007015821312.000000 1.768218e-210 1.635758e-210 47.000000 2
15411111111111129200973934248544393037079174112380800610192722412692528247525862821691383948313328922366452442392280704484252364780956612850051260972062712513477298260581327908318147374446050478452113408.000000 2.410477e-210 2.173105e-210 47.000000 2
15511111111111129843811045734984221209565883607728153805626195319713693706485488948916309077514362345056082709327065960261859155791070125996131120598801955513324616031818337853828154523590371949888405504.000000 6.341182e-211 6.046874e-211 47.000000 2
15611111111111130486648157221424049382052593103075507001059668226734859165445115076141234206715395767745712976261851216039465946801183639142210980225541198513171933803055347799338161672734693421324697600.000000 5.964817e-211 5.876741e-211 11.000000 77
15711111111111131129485268707863877554539302598422860196493141133756024624404741203366159335916429190435343243196636471817072737811297152288290839852280441513019251574292357744848168821879014892760989696.000000 1.297861e-210 1.192161e-210 47.000000 2
15811111111111131772322380194303705727026012093770213391926614040777190083364367330591084465117462613124973510131421727594679528821410665434370699479019684512866569345529367690358175971023336364197281792.000000 1.418982e-210 1.281223e-210 47.000000 2
15911111111111132415159491680743533899512721589117566587360086947798355542323993457816009594318496035814603777066206983372286319831524178580450559105758927512713887116766377635868183120167657835633573888.000000 