Std No.	Outgassing	ChemProd	ChemLoss	DryDepo		WetDepo		Escape		Condensation	Net Flux	Global Change
3	0.000000e+00	1.088758e+13	-1.088524e+13	-3.433411e+05	-4.943359e-02	-2.340082e+09	0.000000e+00	2.754211e-03	1.015101e-20
53	9.000000e-01	4.336409e+12	-3.999514e+12	-0.000000e+00	0.000000e+00	-0.000000e+00	0.000000e+00	3.368944e+11	2.810013e-15
1	0.000000e+00	7.770024e+10	-7.770024e+10	-1.954503e+00	-2.763096e-03	-0.000000e+00	0.000000e+00	-6.354181e-06	-4.565949e-21
56	0.000000e+00	5.082339e+09	-5.082339e+09	-0.000000e+00	-1.086333e-21	-0.000000e+00	0.000000e+00	6.151199e-04	4.585808e-09
54	0.000000e+00	8.825159e+08	-8.825159e+08	-0.000000e+00	0.000000e+00	-0.000000e+00	0.000000e+00	0.000000e+00	0.000000e+00
2	0.000000e+00	5.041658e+05	-5.041658e+05	-4.903610e-15	-1.635809e-08	-0.000000e+00	0.000000e+00	-5.994608e-11	-7.614203e-19
4	0.000000e+00	1.436182e+11	-1.436182e+11	-1.077567e-02	-2.836965e-04	-0.000000e+00	0.000000e+00	-1.200253e-05	-3.621264e-18
5	0.000000e+00	6.909458e+08	-6.909458e+08	-2.319004e-04	-1.718625e-02	-0.000000e+00	0.000000e+00	-1.282459e-07	-2.068436e-17
7	1.000000e-02	1.363191e+11	-8.091340e+10	-0.000000e+00	0.000000e+00	-0.000000e+00	-3.607231e+27	-3.607231e+27	-1.327541e+04
6	0.000000e+00	1.430882e+02	-1.430882e+02	-3.209101e-10	-1.219159e-06	-0.000000e+00	0.000000e+00	-3.257721e-15	-7.224261e-22
52	3.000000e+11	1.860036e+10	-7.304504e+10	-1.993855e+11	-4.616977e+10	-0.000000e+00	0.000000e+00	-1.989441e-01	-1.759391e-23
20	0.000000e+00	7.321119e+12	-7.321117e+12	-1.727500e+06	0.000000e+00	-0.000000e+00	0.000000e+00	-5.171421e-03	-5.046161e-24
22	0.000000e+00	3.181591e+12	-3.129691e+12	-1.862948e+08	-5.171348e+10	-0.000000e+00	0.000000e+00	5.950928e-04	4.994274e-21
61	0.000000e+00	9.324140e+12	-9.324135e+12	-4.504109e+06	-1.883366e-04	-0.000000e+00	0.000000e+00	2.510534e-03	2.747700e-18
19	0.000000e+00	1.665156e+08	-1.665156e+08	-0.000000e+00	-5.837756e-15	-0.000000e+00	0.000000e+00	2.980232e-08	3.600699e-21
58	0.000000e+00	5.173884e+08	-5.173884e+08	-0.000000e+00	-8.132098e-19	-0.000000e+00	0.000000e+00	1.430511e-06	3.557393e-15
59	0.000000e+00	4.245234e+08	-4.245234e+08	-0.000000e+00	-2.201963e-18	-0.000000e+00	0.000000e+00	2.980232e-07	1.397941e-14
80	0.000000e+00	8.211892e+08	-8.211892e+08	-0.000000e+00	-3.565895e-22	-0.000000e+00	0.000000e+00	-4.410744e-06	-7.457368e-11
60	0.000000e+00	2.203425e+09	-2.203425e+09	-0.000000e+00	-1.721837e-09	-0.000000e+00	0.000000e+00	5.197353e-05	6.291884e-18
21	3.000000e+08	1.376730e+09	-1.676730e+09	-0.000000e+00	0.000000e+00	-0.000000e+00	0.000000e+00	-5.028081e-02	-2.848393e-23
62	0.000000e+00	7.737091e+09	-7.737090e+09	-8.388547e+01	-5.373298e-09	-0.000000e+00	0.000000e+00	-2.888444e-06	-2.072739e-17
24	0.000000e+00	3.029382e+09	-6.446302e+08	-4.191448e+08	-1.965607e+09	-0.000000e+00	0.000000e+00	-5.006790e-06	-6.858587e-23
63	0.000000e+00	1.567057e+08	-1.515306e+08	-4.462189e+03	-5.170662e+06	-0.000000e+00	0.000000e+00	4.656613e-09	3.976910e-23
23	0.000000e+00	1.427814e-07	-1.213184e-07	-9.524310e-11	-2.136777e-08	-0.000000e+00	0.000000e+00	2.977850e-23	8.280881e-22
71	0.000000e+00	1.270497e+04	-1.270497e+04	-4.092686e-18	-4.934611e-14	-0.000000e+00	0.000000e+00	2.340990e-09	9.213410e-09
25	0.000000e+00	8.175073e-07	-8.175066e-07	-6.345663e-14	-5.769579e-13	-0.000000e+00	0.000000e+00	-4.386258e-16	-8.543111e-15
26	0.000000e+00	2.313974e-32	-2.313974e-32	-0.000000e+00	-3.823969e-56	-0.000000e+00	0.000000e+00	2.736911e-48	4.687032e-20
64	0.000000e+00	9.186341e+07	-9.186341e+07	-0.000000e+00	-4.021328e-20	-0.000000e+00	0.000000e+00	1.490116e-08	4.314674e-16
27	0.000000e+00	9.685976e+07	-9.685976e+07	-0.000000e+00	0.000000e+00	-0.000000e+00	0.000000e+00	2.980232e-08	6.420641e-22
28	0.000000e+00	3.358916e+06	-3.358916e+06	-0.000000e+00	-1.588839e-20	-0.000000e+00	0.000000e+00	-1.588839e-20	-1.202648e-26
29	0.000000e+00	6.811849e+06	-6.811849e+06	-0.000000e+00	0.000000e+00	-0.000000e+00	0.000000e+00	-1.862645e-09	-2.000949e-21
30	0.000000e+00	4.595657e+06	-4.595657e+06	-0.000000e+00	-5.230397e-11	-0.000000e+00	0.000000e+00	-9.836265e-10	-9.954017e-18
31	0.000000e+00	6.276896e+06	-5.702178e+06	-5.747188e+05	0.000000e+00	-0.000000e+00	0.000000e+00	-2.284185e-06	-6.985594e-24
32	0.000000e+00	1.864532e+06	-1.864532e+06	-6.600319e-22	-1.400582e-18	-0.000000e+00	0.000000e+00	2.095476e-09	1.692451e-18
33	0.000000e+00	3.480238e+05	-3.468068e+05	-8.548273e-01	-1.216170e+03	-0.000000e+00	0.000000e+00	-7.457857e-11	-5.201028e-22
34	0.000000e+00	2.408295e+06	-2.408295e+06	-7.636612e-02	-4.276675e-12	-0.000000e+00	0.000000e+00	-3.552046e-09	-9.392490e-17
35	0.000000e+00	1.373502e+07	-1.373413e+07	-6.039660e+02	-2.865646e+02	-0.000000e+00	0.000000e+00	1.113267e-08	1.149053e-19
36	0.000000e+00	6.246094e+04	-6.246094e+04	-4.860611e-05	-5.298438e-15	-0.000000e+00	0.000000e+00	-1.465481e-11	-3.059552e-19
40	0.000000e+00	2.027359e+11	-2.027359e+11	-0.000000e+00	-4.221780e-06	-0.000000e+00	0.000000e+00	5.681338e-05	4.138883e-19
41	0.000000e+00	1.274398e+11	-1.274398e+11	-0.000000e+00	-8.125483e-06	-0.000000e+00	0.000000e+00	-2.338427e-05	-7.337765e-19
76	0.000000e+00	3.903166e+09	-3.903166e+09	-0.000000e+00	-2.872059e-09	-0.000000e+00	0.000000e+00	-2.872059e-09	-2.016669e-19
77	0.000000e+00	3.316159e+10	-3.316159e+10	-0.000000e+00	-1.924302e-07	-0.000000e+00	0.000000e+00	3.622267e-06	5.506778e-18
42	0.000000e+00	1.209956e+10	-1.209956e+10	-0.000000e+00	-3.285821e-06	-0.000000e+00	0.000000e+00	-1.378473e-06	-1.788474e-20
43	3.000000e+09	2.704971e+11	-2.709064e+11	-1.262600e+09	-1.328092e+09	-0.000000e+00	0.000000e+00	-5.817413e-05	-2.709093e-20
74	0.000000e+00	2.682439e+11	-2.682439e+11	-0.000000e+00	-1.629579e-15	-0.000000e+00	0.000000e+00	9.155273e-05	1.960508e-08
75	0.000000e+00	2.482387e+10	-2.482387e+10	-0.000000e+00	-1.104870e-14	-0.000000e+00	0.000000e+00	-3.814697e-06	-1.311033e-10
44	0.000000e+00	5.396287e+05	-5.396287e+05	-1.397890e-07	-1.474212e-02	-0.000000e+00	0.000000e+00	4.850218e-11	1.622281e-21
45	3.000000e+08	1.181217e+12	-1.180990e+12	-5.245686e+08	-2.259943e+06	-0.000000e+00	0.000000e+00	-4.533827e-04	-2.681044e-21
46	0.000000e+00	1.296556e+12	-1.296556e+12	-0.000000e+00	-4.314427e-05	-0.000000e+00	0.000000e+00	1.177559e-03	9.012913e-18
47	0.000000e+00	3.285742e+09	-3.285742e+09	-0.000000e+00	-1.391922e-05	-0.000000e+00	0.000000e+00	-1.521455e-06	-1.535711e-19
48	0.000000e+00	5.620267e+07	-5.620267e+07	-0.000000e+00	-1.062300e-08	-0.000000e+00	0.000000e+00	3.408048e-08	1.816433e-21
68	0.000000e+00	7.250924e+03	-7.249810e+03	-9.623311e-02	-1.017727e+00	-0.000000e+00	0.000000e+00	5.329071e-15	1.255418e-22
73	0.000000e+00	2.929712e+05	-9.744600e+03	-7.875774e+03	-2.734711e+05	-0.000000e+00	-1.879691e+03	7.935341e-11	1.322212e-23
78	0.000000e+00	0.000000e+00	0.000000e+00	-1.879691e+03	-1.721376e-07	-0.000000e+00	1.879691e+03	5.190941e-10	4.737374e-24
79	0.000000e+00	2.277454e+07	0.000000e+00	-0.000000e+00	-2.096355e-02	-0.000000e+00	-2.277454e+07	-3.576279e-07	-4.677031e-23
111	0.000000e+00	0.000000e+00	0.000000e+00	-2.277454e+07	-2.534205e-03	-0.000000e+00	2.277454e+07	8.344650e-07	2.739516e-23
8	0.000000e+00	1.484860e+06	-1.484860e+06	-0.000000e+00	-1.321225e-10	-0.000000e+00	0.000000e+00	5.663694e-10	1.432498e-18
9	3.000000e+11	3.911088e+12	-4.211087e+12	-1.378542e+06	0.000000e+00	-0.000000e+00	0.000000e+00	-1.297675e-03	-2.326536e-23
10	0.000000e+00	4.243022e+12	-4.243021e+12	-0.000000e+00	-1.709504e+05	-0.000000e+00	0.000000e+00	2.506256e-03	7.535195e-17
57	0.000000e+00	7.371307e+06	-7.371307e+06	-0.000000e+00	-9.428370e-06	-0.000000e+00	0.000000e+00	3.133322e-09	2.365015e-22
11	0.000000e+00	1.611179e+06	-1.610033e+06	-0.000000e+00	-1.145574e+03	-0.000000e+00	0.000000e+00	-1.981061e-08	-5.528902e-23
12	0.000000e+00	6.711032e+08	-6.711032e+08	-2.291664e-03	-9.641454e-05	-0.000000e+00	0.000000e+00	1.602527e-07	1.961551e-20
13	0.000000e+00	1.821470e+07	-1.821470e+07	-1.514355e-11	-5.383176e-07	-0.000000e+00	0.000000e+00	1.673546e-08	4.322391e-18
14	0.000000e+00	3.608731e+04	-3.608731e+04	-1.507072e-18	-3.585800e-07	-0.000000e+00	0.000000e+00	1.019758e-12	1.762475e-18
15	0.000000e+00	8.271661e-04	-8.271661e-04	-3.318366e-38	-6.478222e-12	-0.000000e+00	0.000000e+00	-1.298165e-19	-1.389706e-20
16	0.000000e+00	6.420129e+08	-6.420128e+08	-0.000000e+00	-8.513439e+01	-0.000000e+00	0.000000e+00	2.586488e-07	2.335580e-19
17	0.000000e+00	1.880823e+03	-1.880823e+03	-2.760410e-09	-9.968310e-06	-0.000000e+00	0.000000e+00	1.527932e-13	3.911404e-20
18	0.000000e+00	2.194176e+00	-2.194176e+00	-3.537186e-15	-8.453686e-08	-0.000000e+00	0.000000e+00	1.004516e-15	9.247905e-21
70	0.000000e+00	3.000245e+00	-3.000245e+00	-3.456499e-23	-2.079533e-08	-0.000000e+00	0.000000e+00	-3.325613e-16	-1.194796e-20
37	0.000000e+00	4.475182e+08	-2.344623e+05	-1.280981e+08	-3.191856e+08	-0.000000e+00	0.000000e+00	-2.384186e-07	-1.833890e-24
38	0.000000e+00	2.345443e+05	-2.345443e+05	-1.749315e-18	-4.402758e-11	-0.000000e+00	0.000000e+00	4.328391e-11	2.840110e-18
39	0.000000e+00	2.514571e+02	-2.514571e+02	-0.000000e+00	-1.396172e-18	-0.000000e+00	0.000000e+00	2.842031e-14	2.541286e-18
72	0.000000e+00	9.219192e+00	-9.219192e+00	-0.000000e+00	-2.301641e-10	-0.000000e+00	0.000000e+00	-1.394330e-14	-6.757413e-24
65	0.000000e+00	7.869376e+05	-7.869376e+05	-1.065823e-05	-1.831478e-02	-0.000000e+00	0.000000e+00	8.098550e-11	8.037949e-20
66	0.000000e+00	2.070730e+02	-2.070730e+02	-1.616867e-12	-1.874743e-05	-0.000000e+00	0.000000e+00	5.312005e-14	7.866612e-21
109	0.000000e+00	4.475981e+08	-4.472837e+08	-0.000000e+00	-3.143786e+05	-0.000000e+00	0.000000e+00	6.932532e-08	2.424176e-22
67	0.000000e+00	5.816762e-04	-5.816762e-04	-0.000000e+00	-7.248837e-26	-0.000000e+00	0.000000e+00	1.084201e-19	1.176874e-20
110	0.000000e+00	2.443967e-01	-2.437553e-01	-0.000000e+00	-6.413832e-04	-0.000000e+00	0.000000e+00	-9.031404e-17	-3.723992e-22
106	0.000000e+00	1.185274e+11	-1.185274e+11	-0.000000e+00	-4.148412e-06	-0.000000e+00	0.000000e+00	-4.148412e-06	-5.240655e-22
107	0.000000e+00	3.154044e+11	-3.154044e+11	-0.000000e+00	-3.418541e-07	-0.000000e+00	0.000000e+00	-3.418541e-07	-2.404302e-21
108	0.000000e+00	3.154044e+11	-3.154044e+11	-0.000000e+00	-8.992400e-06	-0.000000e+00	0.000000e+00	-1.920979e-04	-1.000343e-20
49	0.000000e+00	1.816273e-02	-1.816273e-02	-6.208091e-23	-6.813322e-13	-0.000000e+00	0.000000e+00	4.702273e-18	3.931408e-21
50	0.000000e+00	6.138618e-03	-6.138618e-03	-0.000000e+00	-7.737258e-23	-0.000000e+00	0.000000e+00	8.672844e-19	1.824352e-23
51	0.000000e+00	0.000000e+00	0.000000e+00	-0.000000e+00	0.000000e+00	-0.000000e+00	0.000000e+00	0.000000e+00	nan
69	0.000000e+00	0.000000e+00	0.000000e+00	-0.000000e+00	0.000000e+00	-0.000000e+00	0.000000e+00	0.000000e+00	nan
