Std No.	Outgassing	ChemProd	ChemLoss	DryDepo		WetDepo		Escape		Condensation	Net Flux	Global Change
3	0.000000e+00	4.182122e+12	-4.181961e+12	-4.193402e+07	-7.475289e-01	-1.190158e+08	0.000000e+00	9.259731e-04	1.144703e-19
53	3.000000e+10	5.446100e+11	-5.721709e+11	-0.000000e+00	0.000000e+00	-2.439123e+09	0.000000e+00	3.257160e-01	1.331722e-22
1	0.000000e+00	1.988291e+12	-1.988290e+12	-1.581628e+05	-3.292310e-01	-0.000000e+00	0.000000e+00	6.963116e-04	2.146846e-21
56	0.000000e+00	1.138207e+11	-1.138207e+11	-0.000000e+00	-1.761810e-20	-0.000000e+00	0.000000e+00	-1.525879e-05	-6.452992e-13
54	6.000000e+09	1.231074e+12	-1.237074e+12	-2.194862e-01	0.000000e+00	-0.000000e+00	0.000000e+00	-3.737171e-06	-6.311189e-24
2	0.000000e+00	5.598606e+10	-5.598606e+10	-6.942960e-01	-2.588456e-02	-0.000000e+00	0.000000e+00	-3.875262e-06	-8.985868e-19
4	0.000000e+00	2.708593e+12	-2.708593e+12	-8.188866e+04	-2.170638e+02	-0.000000e+00	0.000000e+00	4.501539e-04	2.068791e-17
5	0.000000e+00	1.112213e+12	-1.112212e+12	-4.176242e+05	-7.970497e+05	-0.000000e+00	0.000000e+00	-7.119505e-04	-7.956328e-17
7	1.000000e-02	6.153427e+11	-6.006603e+11	-0.000000e+00	0.000000e+00	-0.000000e+00	-7.052209e+26	-7.052209e+26	-1.380687e+04
6	0.000000e+00	1.021280e+08	-1.020776e+08	-8.121522e+03	-4.220442e+04	-0.000000e+00	0.000000e+00	3.667810e-08	2.374199e-20
52	1.000000e-02	1.637550e+12	-1.660203e+12	-0.000000e+00	-1.017834e+12	-0.000000e+00	0.000000e+00	-1.040488e+12	-4.761862e-12
20	1.000000e+08	3.353363e+12	-3.353463e+12	-2.497669e+05	0.000000e+00	-0.000000e+00	0.000000e+00	2.357413e-03	8.110629e-23
22	0.000000e+00	3.276332e+10	-2.939629e+10	-1.139824e+08	-3.253049e+09	-0.000000e+00	0.000000e+00	-4.291534e-06	-9.423565e-21
61	0.000000e+00	1.767118e+12	-1.767115e+12	-3.086934e+06	-2.047754e-05	-0.000000e+00	0.000000e+00	1.501715e-03	8.652396e-17
19	0.000000e+00	9.758166e+07	-9.758166e+07	-0.000000e+00	-8.946486e-23	-0.000000e+00	0.000000e+00	-8.946486e-23	-1.210812e-35
58	0.000000e+00	2.025726e+06	-2.025726e+06	-0.000000e+00	-1.351064e-20	-0.000000e+00	0.000000e+00	-8.847564e-09	-8.300712e-15
59	0.000000e+00	2.161518e+06	-2.161518e+06	-0.000000e+00	-1.260956e-17	-0.000000e+00	0.000000e+00	-4.656613e-10	-2.104124e-15
80	0.000000e+00	1.683128e+07	-1.683128e+07	-0.000000e+00	-3.447273e-18	-0.000000e+00	0.000000e+00	-1.117587e-08	-7.114876e-15
60	0.000000e+00	1.307953e+09	-1.307953e+09	-0.000000e+00	-1.105528e-08	-0.000000e+00	0.000000e+00	7.042005e-07	4.982081e-17
21	3.000000e+08	9.295460e+08	-1.229546e+09	-0.000000e+00	0.000000e+00	-0.000000e+00	0.000000e+00	-2.644062e-04	-4.936730e-23
62	0.000000e+00	1.000499e+09	-1.000498e+09	-4.388692e+02	-2.892871e-09	-0.000000e+00	0.000000e+00	7.519475e-08	2.645374e-17
24	0.000000e+00	3.172846e+08	-1.229648e+08	-1.238543e+08	-7.046550e+07	-0.000000e+00	0.000000e+00	1.043081e-07	1.182752e-22
63	0.000000e+00	2.182191e+11	-1.987308e+11	-6.765569e+08	-1.881177e+10	-0.000000e+00	0.000000e+00	2.288818e-05	7.024803e-21
23	0.000000e+00	2.716826e+01	-6.225761e+00	-7.589990e-01	-2.018350e+01	-0.000000e+00	0.000000e+00	-3.552714e-15	-1.662118e-21
71	0.000000e+00	6.612207e+06	-6.612207e+06	-5.684723e-08	-3.324133e-07	-0.000000e+00	0.000000e+00	-1.830300e-09	-1.384041e-11
25	0.000000e+00	4.766712e-02	-4.763948e-02	-1.610405e-05	-1.153132e-05	-0.000000e+00	0.000000e+00	1.421152e-17	1.013751e-20
26	0.000000e+00	2.520552e-32	-2.520552e-32	-0.000000e+00	-1.498451e-53	-0.000000e+00	0.000000e+00	-2.189530e-47	-1.439983e-17
64	0.000000e+00	2.250079e+00	-2.250079e+00	-0.000000e+00	-2.448721e-24	-0.000000e+00	0.000000e+00	2.842171e-14	8.895424e-15
27	0.000000e+00	5.839232e+01	-5.839232e+01	-0.000000e+00	0.000000e+00	-0.000000e+00	0.000000e+00	0.000000e+00	0.000000e+00
28	0.000000e+00	6.204388e+01	-6.204388e+01	-0.000000e+00	-2.581765e-18	-0.000000e+00	0.000000e+00	1.420827e-14	3.910165e-17
29	0.000000e+00	2.144083e+06	-2.144083e+06	-0.000000e+00	0.000000e+00	-0.000000e+00	0.000000e+00	-4.656613e-10	-1.437508e-19
30	0.000000e+00	8.494692e+07	-8.494692e+07	-0.000000e+00	-7.333002e-09	-0.000000e+00	0.000000e+00	3.737048e-08	5.241160e-18
31	0.000000e+00	8.320740e+07	-8.312922e+07	-7.817547e+04	0.000000e+00	-0.000000e+00	0.000000e+00	-4.109170e-07	-6.184312e-23
32	0.000000e+00	1.527001e+04	-1.527001e+04	-1.384592e-13	-5.282722e-19	-0.000000e+00	0.000000e+00	1.259447e-11	3.070942e-19
33	0.000000e+00	1.484628e+06	-1.458025e+06	-4.480576e+02	-2.615460e+04	-0.000000e+00	0.000000e+00	-2.946763e-10	-8.621263e-22
34	0.000000e+00	9.038264e+06	-9.038263e+06	-5.206598e-01	-6.413682e-12	-0.000000e+00	0.000000e+00	6.807870e-09	4.252801e-18
35	0.000000e+00	2.869931e+07	-2.867919e+07	-1.874092e+04	-1.384832e+03	-0.000000e+00	0.000000e+00	2.807610e-09	5.677581e-21
36	0.000000e+00	1.254453e+07	-1.254453e+07	-2.090561e-01	-2.180394e-12	-0.000000e+00	0.000000e+00	5.811669e-10	1.223372e-18
40	0.000000e+00	9.255116e+10	-9.255116e+10	-0.000000e+00	-9.880772e-06	-0.000000e+00	0.000000e+00	5.378017e-06	2.662751e-19
41	0.000000e+00	8.511758e+10	-8.511758e+10	-0.000000e+00	-7.395890e-06	-0.000000e+00	0.000000e+00	7.862899e-06	8.707604e-19
76	0.000000e+00	6.327610e+09	-6.327610e+09	-0.000000e+00	-7.296258e-09	-0.000000e+00	0.000000e+00	-9.609706e-07	-7.277636e-17
77	0.000000e+00	2.887645e+10	-2.887645e+10	-0.000000e+00	-1.992140e-07	-0.000000e+00	0.000000e+00	-4.013911e-06	-1.375588e-17
42	0.000000e+00	1.165023e+11	-1.165023e+11	-0.000000e+00	-3.542371e-04	-0.000000e+00	0.000000e+00	-1.100965e-04	-2.881749e-19
43	3.000000e+09	6.570428e+11	-6.572453e+11	-2.299297e+09	-4.982032e+08	-0.000000e+00	0.000000e+00	-1.485944e-04	-1.278651e-19
74	0.000000e+00	6.272911e+11	-6.272911e+11	-0.000000e+00	-2.493599e-15	-0.000000e+00	0.000000e+00	-1.220703e-04	-2.922904e-08
75	0.000000e+00	5.810858e+10	-5.810858e+10	-0.000000e+00	-1.691085e-14	-0.000000e+00	0.000000e+00	7.629395e-06	2.691121e-10
44	0.000000e+00	1.533119e+08	-1.533119e+08	-6.901784e-01	-7.713559e+00	-0.000000e+00	0.000000e+00	1.964202e-09	1.623073e-18
45	3.000000e+08	1.245922e+10	-1.274652e+10	-1.269569e+07	-9.512396e+03	-0.000000e+00	0.000000e+00	4.806021e-06	1.851560e-20
46	0.000000e+00	2.899653e+10	-2.899653e+10	-0.000000e+00	-9.463226e-06	-0.000000e+00	0.000000e+00	-1.709262e-05	-2.263714e-18
47	0.000000e+00	5.303839e+10	-5.303839e+10	-0.000000e+00	-1.024611e-06	-0.000000e+00	0.000000e+00	-4.680098e-05	-6.655598e-17
48	0.000000e+00	8.660685e+09	-8.660685e+09	-0.000000e+00	-2.056891e-06	-0.000000e+00	0.000000e+00	3.665155e-06	4.173371e-20
68	0.000000e+00	1.140532e+08	-1.139147e+08	-4.408626e+04	-9.436634e+04	-0.000000e+00	0.000000e+00	2.431625e-08	1.083814e-19
73	0.000000e+00	1.532921e+08	-1.585121e+05	-3.217071e+07	-9.732280e+07	-0.000000e+00	-2.364007e+07	4.097819e-08	8.557061e-22
78	0.000000e+00	0.000000e+00	0.000000e+00	-2.364007e+07	-9.735449e-05	-0.000000e+00	2.364007e+07	-1.862645e-08	-2.089758e-23
79	0.000000e+00	4.206528e+07	0.000000e+00	-0.000000e+00	-3.399429e-03	-0.000000e+00	-4.206528e+07	-5.289912e-07	-4.295943e-22
111	0.000000e+00	0.000000e+00	0.000000e+00	-4.206528e+07	-3.810958e-04	-0.000000e+00	4.206528e+07	6.631017e-07	1.699858e-22
8	0.000000e+00	1.999769e+07	-1.999769e+07	-0.000000e+00	-1.571960e-07	-0.000000e+00	0.000000e+00	2.991491e-09	6.306507e-19
9	0.000000e+00	1.098062e+04	-1.098062e+04	-0.000000e+00	0.000000e+00	-0.000000e+00	0.000000e+00	0.000000e+00	0.000000e+00
10	0.000000e+00	1.066609e+06	-1.066609e+06	-0.000000e+00	-1.048387e-01	-0.000000e+00	0.000000e+00	1.232652e-09	1.254898e-16
57	0.000000e+00	1.007181e+05	-1.007181e+05	-0.000000e+00	-1.096857e-16	-0.000000e+00	0.000000e+00	-1.455202e-11	-1.707243e-17
11	0.000000e+00	1.130904e+05	-1.130868e+05	-0.000000e+00	-3.525777e+00	-0.000000e+00	0.000000e+00	1.294862e-10	9.516331e-23
12	1.000000e+08	1.890682e+12	-1.890780e+12	-2.392555e+06	-1.682247e+03	-0.000000e+00	0.000000e+00	6.001595e-04	6.881512e-20
13	0.000000e+00	3.061946e+11	-3.061946e+11	-4.867734e+03	-2.794571e+00	-0.000000e+00	0.000000e+00	1.621685e-04	6.781998e-18
14	0.000000e+00	7.590771e+09	-7.590771e+09	-2.843209e+00	-6.152064e+01	-0.000000e+00	0.000000e+00	-3.559143e-06	-9.405715e-17
15	0.000000e+00	1.515281e+06	-1.515270e+06	-2.345028e-05	-1.063607e+01	-0.000000e+00	0.000000e+00	-3.596714e-10	-4.804986e-20
16	0.000000e+00	1.583619e+12	-1.583570e+12	-0.000000e+00	-4.920946e+07	-0.000000e+00	0.000000e+00	-5.655736e-04	-3.104657e-19
17	0.000000e+00	7.520039e+09	-7.510189e+09	-5.083015e+06	-4.766719e+06	-0.000000e+00	0.000000e+00	-4.507601e-07	-4.565199e-20
18	0.000000e+00	6.687922e+07	-6.665739e+07	-5.332772e+04	-1.685088e+05	-0.000000e+00	0.000000e+00	-1.309672e-08	-6.393085e-21
70	0.000000e+00	7.633817e+07	-7.633772e+07	-2.333192e+01	-4.200242e+02	-0.000000e+00	0.000000e+00	2.334332e-08	7.329819e-20
37	0.000000e+00	1.592893e+03	-1.093912e+00	-1.084965e+03	-5.068342e+02	-0.000000e+00	0.000000e+00	-1.699618e-11	-9.705542e-23
38	0.000000e+00	9.115166e-01	-9.115166e-01	-6.291822e-13	-6.178001e-16	-0.000000e+00	0.000000e+00	5.580660e-15	1.868497e-16
39	0.000000e+00	9.095198e-01	-9.095198e-01	-0.000000e+00	-1.074997e-19	-0.000000e+00	0.000000e+00	1.665227e-15	2.851204e-16
72	0.000000e+00	1.328285e+01	-1.328285e+01	-0.000000e+00	-1.284248e-13	-0.000000e+00	0.000000e+00	-4.079782e-15	-1.540017e-22
65	0.000000e+00	5.575305e+08	-5.575101e+08	-1.292730e+04	-7.465726e+03	-0.000000e+00	0.000000e+00	4.417234e-08	8.303570e-20
66	0.000000e+00	6.426277e+05	-6.425641e+05	-6.062397e+01	-3.025863e+00	-0.000000e+00	0.000000e+00	2.902718e-10	3.030158e-20
109	0.000000e+00	1.485623e+03	-1.485152e+03	-0.000000e+00	-4.709862e-01	-0.000000e+00	0.000000e+00	3.567702e-13	1.834598e-21
67	0.000000e+00	5.922036e-06	-5.922036e-06	-0.000000e+00	-2.230228e-24	-0.000000e+00	0.000000e+00	8.448027e-22	1.375836e-18
110	0.000000e+00	9.086967e-05	-9.080119e-05	-0.000000e+00	-6.847078e-08	-0.000000e+00	0.000000e+00	-2.186404e-20	-9.013565e-22
106	0.000000e+00	4.309066e-13	-4.309066e-13	-0.000000e+00	-1.236787e-29	-0.000000e+00	0.000000e+00	3.811923e-29	7.688523e-21
107	0.000000e+00	2.212622e-02	-2.212622e-02	-0.000000e+00	-4.554302e-19	-0.000000e+00	0.000000e+00	-4.554302e-19	-2.862730e-21
108	0.000000e+00	2.212622e-02	-2.212622e-02	-0.000000e+00	-7.860985e-19	-0.000000e+00	0.000000e+00	-1.466389e-17	-6.135198e-20
49	0.000000e+00	4.031256e-06	-4.031245e-06	-1.063498e-11	-5.686271e-14	-0.000000e+00	0.000000e+00	2.149265e-19	8.113358e-19
50	0.000000e+00	2.624546e-14	-2.624546e-14	-0.000000e+00	-2.935078e-37	-0.000000e+00	0.000000e+00	-3.155444e-30	-9.488992e-19
51	0.000000e+00	0.000000e+00	0.000000e+00	-0.000000e+00	0.000000e+00	-0.000000e+00	0.000000e+00	0.000000e+00	nan
69	0.000000e+00	0.000000e+00	0.000000e+00	-0.000000e+00	0.000000e+00	-0.000000e+00	0.000000e+00	0.000000e+00	nan
