0.000000 3.383876e-02 2.576597e-02 37.000000 56
0.000010 3.660444e-03 2.407311e-03 69.000000 56
0.000110 2.466592e-04 1.633424e-04 39.000000 3
0.001110 3.404620e-05 2.601316e-05 39.000000 3
0.011110 3.370339e-06 2.424139e-06 7.000000 7
0.111110 3.319403e-07 2.054260e-07 71.000000 5
1.111110 4.439933e-08 3.996555e-08 71.000000 13
11.111110 3.370777e-09 3.318607e-09 87.000000 22
111.111110 4.261414e-10 4.212521e-10 87.000000 80
1111.111110 2.811123e-11 2.453450e-11 65.000000 8
11111.111110 4.209713e-12 4.169853e-12 71.000000 13
111111.111110 4.070748e-13 2.851172e-13 39.000000 3
1111111.111110 3.017780e-14 2.582672e-14 39.000000 3
11111111.111110 2.335976e-15 1.610222e-15 87.000000 80
111111111.111110 1.354656e-16 1.239461e-16 87.000000 80
1111111111.111110 1.714129e-17 1.540871e-17 25.000000 45
11111111111.111111 1.258469e-18 1.133631e-18 25.000000 45
111111111111.111115 4.074867e-20 3.986205e-20 25.000000 45
1111111111111.111084 1.062602e-20 9.745581e-21 81.000000 6
11111111111111.111328 1.397455e-21 1.308033e-21 25.000000 45
111111111111111.109375 8.268063e-23 8.095475e-23 99.000000 21
1111111111111111.125000 3.496683e-24 3.179301e-24 25.000000 45
11111111111111112.000000 2.161303e-25 1.986904e-25 25.000000 45
111111111111111104.000000 1.431160e-26 1.324111e-26 25.000000 45
1111111111111111168.000000 8.610390e-28 7.887980e-28 25.000000 45
11111111111111110656.000000 2.998845e-29 2.791601e-29 81.000000 6
111111111111111114752.000000 5.465234e-30 5.447649e-30 37.000000 15
1111111111111111081984.000000 7.893847e-31 7.795765e-31 37.000000 15
11111111111111111344128.000000 1.048032e-31 1.033002e-31 37.000000 15
111111111111111109246976.000000 1.154655e-32 1.056497e-32 25.000000 45
1111111111111111092469760.000000 5.644112e-34 5.115008e-34 25.000000 45
11111111111111108777213952.000000 3.158580e-35 2.973820e-35 25.000000 45
111111111111111104952008704.000000 5.261147e-36 5.259407e-36 45.000000 15
1111111111111110912081133568.000000 8.493464e-37 8.377256e-37 25.000000 45
11111111111111109670567149568.000000 7.473403e-38 6.749707e-38 25.000000 45
111111111111111105501764517888.000000 5.806690e-39 5.771270e-39 37.000000 15
1111111111111110914280156823552.000000 7.064755e-40 6.970904e-40 37.000000 15
11111111111111109705751521656832.000000 7.613937e-41 7.189376e-41 25.000000 45
111111111111111097057515216568320.000000 6.627394e-42 6.113275e-42 25.000000 45
1111111111111111114690340241539072.000000 2.687760e-43 2.665562e-43 39.000000 15
11111111111111109993981897808543744.000000 3.939690e-44 3.571380e-44 25.000000 45
111111111111111113774877033367601152.000000 1.654208e-45 1.594680e-45 81.000000 6
1111111111111111027068305891418701824.000000 2.008788e-46 2.003193e-46 39.000000 8
11111111111111108499795627838070063104.000000 7.723730e-47 7.584993e-47 47.000000 15
111111111111111089720322761250345844736.000000 1.321920e-47 1.296631e-47 37.000000 15
1111111111111110859424295749546296737792.000000 1.253807e-48 1.141425e-48 25.000000 45
11111111111111107687548592784491086348288.000000 4.735800e-50 4.350023e-50 25.000000 45
111111111111111081711189206303427562307584.000000 5.940195e-51 5.725763e-51 47.000000 15
1111111111111110971854396973706809985466368.000000 1.579329e-51 1.572501e-51 39.000000 15
11111111111111110028028979558413168579444736.000000 2.104671e-52 2.037768e-52 25.000000 45
111111111111111107707930031296413335189192704.000000 1.878955e-53 1.709016e-53 25.000000 45
1111111111111110997851137798699795758347976704.000000 1.071409e-54 9.771730e-55 25.000000 45
11111111111111110612336678101112658331831369728.000000 7.165953e-56 6.648735e-56 25.000000 45
111111111111111113729270382380502992298532929536.000000 1.255754e-57 1.216144e-57 87.000000 80
1111111111111111177857523031108370770879831867392.000000 2.559012e-58 2.545112e-58 39.000000 15
11111111111111112103093783969510434491954339250176.000000 3.567201e-59 3.274658e-59 25.000000 45
111111111111111128819383127497345787715287886331904.000000 5.641955e-60 5.405287e-60 47.000000 15
1111111111111111122040331801858973764176996328275968.000000 1.198451e-60 1.190072e-60 37.000000 15
11111111111111110888096319072360769415818198212673536.000000 1.424477e-61 1.408311e-61 37.000000 15
111111111111111100905595216014112456735339620444667904.000000 1.467890e-62 1.336728e-62 25.000000 45
1111111111111111179197135620610356299040699920330784768.000000 1.034071e-63 9.474731e-64 25.000000 45
11111111111111112132253723127042026453781606635076059136.000000 3.486097e-65 3.214311e-65 25.000000 45
111111111111111121322537231270420264537816066350760591360.000000 3.095501e-66 2.906490e-66 47.000000 15
1111111111111111126113086380943955998754261160974943780864.000000 1.178451e-66 1.177778e-66 39.000000 15
11111111111111112654927438717603506333525003650272031932416.000000 2.174445e-67 2.153684e-67 37.000000 15
111111111111111115398901787910723492567390900178539566333952.000000 2.447169e-68 2.231046e-68 25.000000 45
1111111111111111332394979467352220057959655182972287711182848.000000 1.325625e-69 1.223341e-69 25.000000 45
11111111111111112610325948320542260050453567104975308920455168.000000 7.990678e-71 7.987284e-71 37.000000 15
111111111111111117539773326969663314154819854352782270908071936.000000 9.024105e-72 8.813220e-72 25.000000 45
1111111111111111358085437936059497917008802633063200166072287232.000000 9.965023e-73 9.856567e-73 37.000000 15
11111111111111112484728151362417790517324401793419736918773465088.000000 1.389262e-73 1.372996e-73 37.000000 15
111111111111111133616291337609595414395353014231895487123329908736.000000 1.589463e-74 1.561884e-74 25.000000 45
1111111111111111195858756192329273996399786201555784984263774961664.000000 1.561992e-75 1.548434e-75 25.000000 45
11111111111111113081020819393426181144427813541663208938393942622208.000000 1.632368e-76 1.624616e-76 25.000000 45
111111111111111121830742134173194282000838523207789216617889882177536.000000 1.673796e-77 1.528027e-77 25.000000 45
1111111111111111170416935689672915996310040633630730178093301253537792.000000 1.076443e-78 9.787996e-79 25.000000 45
11111111111111112087293242113201374552687163123884597685617793081278464.000000 7.453610e-80 6.839443e-80 25.000000 45
111111111111111123937923502863791462243565685539464344093656175179988992.000000 4.954910e-81 4.505991e-81 25.000000 45
1111111111111111288419092336346358089902761724204537316736213661675159552.000000 7.308594e-82 7.279050e-82 39.000000 15
11111111111111112491872064901796033159290778291566222160964921337749438464.000000 1.117570e-82 1.100762e-82 37.000000 15
111111111111111115503068045937939185839223648104162597456116046681442615296.000000 1.195856e-83 1.135763e-83 25.000000 45
1111111111111111230355901284019561024421709559533622967789425800382840307712.000000 1.084893e-84 9.933663e-85 25.000000 45
11111111111111111098355479645952903587745526339464277786242012666733776601088.000000 4.240014e-86 3.964628e-86 25.000000 45
111111111111111120625183062013470689129227817441618392995638089364094777819136.000000 4.613741e-87 4.513209e-87 37.000000 15
1111111111111111257673848036422395708635065129333387210666876694690318507835392.000000 3.950439e-88 3.554271e-88 25.000000 45
11111111111111112576738480364223957086350651293333872106668766946903185078353920.000000 3.444747e-89 3.327702e-89 47.000000 15
111111111111111125767384803642239570863506512933338721066687669469031850783539200.000000 5.382612e-90 5.327193e-90 37.000000 15
1111111111111111257673848036422395708635065129333387210666876694690318507835392000.000000 7.478889e-91 7.406680e-91 37.000000 15
11111111111111112576738480364223957086350651293333872106668766946903185078353920000.000000 1.460146e-91 1.453889e-91 39.000000 15
111111111111111132507371470429899519530260284688246389475973775104174971059441762304.000000 2.366073e-92 2.338030e-92 37.000000 15
1111111111111111486833394707202833963304693369000247936582604286285184597216079118336.000000 2.643263e-93 2.400487e-93 25.000000 45
11111111111111115299693093746438576347719175082316570144020353623501005669818555170816.000000 2.146862e-94 1.948843e-94 25.000000 45
111111111111111149546057764069103869759813819684652975214649050149816779116923439808512.000000 1.702674e-95 1.558238e-95 25.000000 45
1111111111111111605888519189340059296554231993278936991364234056224352673769621978873856.000000 1.068865e-96 9.773569e-97 25.000000 45
11111111111111116942308724282592757757191070304248627827384289000053005798499320435048448.000000 5.978496e-98 5.496926e-98 25.000000 45
111111111111111162355698983712390259238720700070812214963907302498054225498568399180005376.000000 2.899869e-99 2.663667e-99 25.000000 45
1111111111111111651826542873578051865719967012594818402878815374990445584931383212481970176.000000 3.651226e-100 3.591540e-100 47.000000 15
11111111111111115613639731569247741910551349745573903925116398549587549291051457062998376448.000000 7.316983e-101 7.297238e-101 37.000000 15
111111111111111170610408470357001847051886623541727520909912068700945997842712571619124969472.000000 8.863190e-102 8.109863e-102 25.000000 45
1111111111111111648208040084911920758733373731073321282464128354189177958698333712234684874752.000000 3.488689e-103 3.441731e-103 25.000000 45
11111111111111118334753828646178334364469497449739738476961038192140804218304681248956922986496.000000 5.161447e-104 5.112734e-104 37.000000 15
111111111111111175936844575273546836536151933941371282160331363320411943657761435983128932909056.000000 1.055035e-104 1.053759e-104 47.000000 15
1111111111111111877939545131747252479098207988310130463351777930820057012982180383934334080385024.000000 1.661569e-105 1.632913e-105 37.000000 15
11111111111111117830826656285378251881088570691929963499530064927273069518585275646518982793494528.000000 1.693312e-106 1.534401e-106 25.000000 45
111111111111111178308266562853782518810885706919299634995300649272730695185852756465189827934945280.000000 1.395522e-107 1.268690e-107 25.000000 45
1111111111111111722374262746483791721875672480958030517377792772347946912739389760311139366686687232.000000 1.238861e-108 1.134113e-108 25.000000 45
11111111111111118195077073577702452678487678221339758494981347249549229753300102472563536269471121408.000000 7.313142e-110 6.729730e-110 25.000000 45
111111111111111174180095166874108243107029154919321958380186116286934212525751385770018221873877221376.000000 3.576024e-111 3.560937e-111 41.000000 15
1111111111111111803966356219964412700493072567545824596358880012537806805315510969345119345305444155392.000000 5.950893e-112 5.470251e-112 25.000000 45
11111111111111117542340325789857484849548477528637405863132649328030350612691132800291696440521066020864.000000 3.504796e-113 3.480386e-113 41.000000 15
111111111111111187359160931733454260224658730810074221042274112416648724698046773438744892706011673001984.000000 6.106928e-114 5.983503e-114 37.000000 15
1111111111111111905420296447560887700191051189497275976851934775196741163170162255549656735862252764135424.000000 5.719326e-115 5.540571e-115 25.000000 45
11111111111111119818091455601041159352577645048489570162819995376693505620254291063389554769873792460128256.000000 5.735835e-116 5.233503e-116 25.000000 45
111111111111111181884626745334522903378210943209870413216452804439445051113419315798845149592044275134103552.000000 4.353956e-117 4.038058e-117 25.000000 45
1111111111111111786253691831993451653486978417548653555341033745739470500955945968318350699707055452406677504.000000 1.096062e-117 1.081287e-117 47.000000 15
11111111111111117862536918319934516534869784175486535553410337457394705009559459683183506997070554524066775040.000000 2.056338e-118 2.029463e-118 37.000000 15
111111111111111195312767901331455184059804921204491250867732455485296815306857157942926677631959842295059054592.000000 2.177068e-119 1.981018e-119 25.000000 45
1111111111111111819628489268257671690909192576447905346008291907562170031378471090540533915029564046515460112384.000000 1.188223e-120 1.081466e-120 25.000000 45
11111111111111117929286513192462956609714212493285039134744853781040104070404509927627873427715571712284340256768.000000 6.304297e-122 5.782350e-122 25.000000 45
111111111111111162204968844557348906936968475576433474525812358957178881127712236698520928032031316939146707075072.000000 6.441798e-123 5.897571e-123 25.000000 45
1111111111111111690401273595042611706010379353190002412544668304984677449582453817296240505300810770126253852721152.000000 5.057745e-124 4.626077e-124 25.000000 45
11111111111111116630606395352549626513541015142197353456300504188195219942603212371718280153086117298323391399329792.000000 4.653703e-125 4.309116e-125 47.000000 15
111111111111111175055066852657543962625419059892458995975682765454801945129114549356994798328364865877286622085513216.000000 9.073106e-126 9.070139e-126 39.000000 15
1111111111111111680558645333519058046334119331160706268455405865965221485666486088451452008903619115620444556117409792.000000 1.109859e-126 1.016174e-126 25.000000 45
11111111111111115965682175018514001504300338098440458388936997196658639269168948023092568396475836638375385584321429504.000000 5.024010e-128 4.679723e-128 47.000000 15
111111111111111168615800718896356857272772503258181696375951960905184532291645884086093168685402147907263828929642758144.000000 9.850587e-129 9.791822e-129 39.000000 15
1111111111111111757829838938653303310565878010772033863652175520560630439716110071702271564619171731260718073987855286272.000000 1.401943e-129 1.383205e-129 37.000000 15
11111111111111118151673043384050911008364003933242073835663002497676585331558310563753434668312919330111819017409974501376.000000 1.318543e-130 1.202670e-130 25.000000 45
111111111111111167755738737900080040418714667519899093577240089967079110890050069315997090152220344881006871513345625686016.000000 5.832579e-132 5.342512e-132 81.000000 6
1111111111111111787645320946524232961506549649699164094007520379748285048304764983732268953769474236170959264419489211482112.000000 1.051571e-132 1.043694e-132 37.000000 15
11111111111111117582885386618513176128880421898324512518114885183942866644636278395796561398368686928747217846098804235829248.000000 1.160974e-133 1.055968e-133 25.000000 45
111111111111111157040513203994465938172959444668548906175688460572869700788035011700293413066819321577880191382838418102812672.000000 5.370500e-135 4.904725e-135 25.000000 45
1111111111111111645558494688707322674192973543944273937778726170794932870513661206033622934335663406617169862140982678050045952.000000 1.107701e-136 1.031084e-136 81.000000 6
11111111111111116756198397482123879911783251828477878881874627968214272155669856416458984558026514829525170414660220768588136448.000000 8.591970e-137 8.387985e-137 47.000000 15
111111111111111157942353555779617897682519993835654324687950559353664531139634744768661678710828963867940606762589600067075702784.000000 1.433692e-137 1.409322e-137 37.000000 15
1111111111111111656380578910129146188307700133949538959925871356164470834732858002854042122063779114097894846697996861621202321408.000000 1.443734e-138 1.307441e-138 25.000000 45
11111111111111115332493095463963986499356998210007458190516861359599499973944411145861615861349959534283128001826354841004898516992.000000 1.093769e-139 9.993918e-140 25.000000 45
111111111111111158250181729188949766528449994618026307540136022404175833232980786989331380050650921769614561878878003510877483958272.000000 5.484958e-141 5.135501e-141 25.000000 45
1111111111111111661305829684678456089842580146467490685560838764972651668226394678384757343500930440524678128558611316722030820196352.000000 8.060892e-142 7.949985e-142 39.000000 15
11111111111111117243490395989096228294890443066972727736884215977173663369436641251779121778964674187875041363744763420126356046872576.000000 1.286209e-142 1.264940e-142 37.000000 15
111111111111111167391447166752468943777187297851344710318635533152159460196984856774338831038003783617724333012178432178015177709453312.000000 1.337762e-143 1.225547e-143 25.000000 45
1111111111111111552871508632200849297650661790872265493981396292651742438032691229900531028340606837912617395115323473222190590871994368.000000 5.526539e-145 5.074186e-145 81.000000 6
11111111111111116497058790604599214097476307409852107813453635237476241691824171001748168539721516365243181431204921520685595398500253696.000000 1.083062e-145 1.067477e-145 37.000000 15
111111111111111167552837784132900730630682246101532952464242145203985929748901066558129307414056358282077167592187046642759125957750030336.000000 1.113743e-146 1.011176e-146 25.000000 45
1111111111111111551580383693157395002822702204870759556816543396237130681617361551630207217332186240597794718475254557504239004885620621312.000000 5.801874e-148 5.314244e-148 25.000000 45
11111111111111116176859805721822548980142330081478635396570116926652526100822410790707863409633208231167157624467830422633602073879564517376.000000 3.137648e-149 3.097910e-149 47.000000 15
111111111111111167057045807540214281416745765076954672592938632980775015285414470102324963986822848913185259762400583007065716938982511607808.000000 6.664876e-150 6.581542e-150 37.000000 15
1111111111111111712878040077978053147090037364866893274947286039521748187071667598585220278992154621943962065765784060316494738991320047550464.000000 7.077429e-151 6.426587e-151 25.000000 45
11111111111111116790319744759173248807519735935890160357329662717505497596976492805356437676930137156942744912523614761198246833101241023725568.000000 5.763221e-152 5.638098e-152 47.000000 15
111111111111111157072456454932299442847016952549980887024714301488271479210079066277699893153576281569527425280940920669048050513029707780325376.000000 8.700851e-153 8.599814e-153 37.000000 15
1111111111111111657370492490598458790295612779971174602635801620376982766178277556983914800461563535694474443563771022233955847674158697458696192.000000 9.386323e-154 8.574814e-154 25.000000 45
11111111111111117613456060201290160244861446853368134815021919469701043350712618300322138431725243996935146724690052008861262587267926410452271104.000000 3.935007e-155 3.676509e-155 25.000000 45
111111111111111167816551519650457023713371916104430237840907968569560707995687441159357460900375570849428248934481785796438992988468548617600237568.000000 6.262633e-156 6.257854e-156 39.000000 15
1111111111111111855616375620236721250152226946201659398341052509747867890867567570929338308563795583052644480009750856197427431414514083230348476416.000000 9.048830e-157 8.913260e-157 37.000000 15
11111111111111117491458593659974306423411222751072451863818688153165114043211516753278800888277716583176272856107910572576049304966169249977408159744.000000 1.207417e-157 1.192659e-157 37.000000 15
111111111111111172075372169820028648025816102948206806319275316346814967457544076983415789689816527838828936710440177754031893025184434946904543985664.000000 1.409288e-158 1.324536e-158 25.000000 45
1111111111111111675326301429724855820925423036481784666090168120510770906982303321044202389810795070501348697494178929992661329860208228623132838068224.000000 1.235808e-159 1.127589e-159 25.000000 45
11111111111111115663004927853838222385268518532811045130439640174130618647587734439483091728011065715726910904296440958782830889202815385929425937760256.000000 6.512104e-161 6.172534e-161 25.000000 45
111111111111111165352113970085664910444570879984164863548092729989122909853759734562502374640885737071561717608127196316978568167222289061709478920978432.000000 7.283536e-162 7.177832e-162 37.000000 15
1111111111111111793074174765613172089915879914338519231380068551856296672583715588307767064181258649344298913123876550836189830075329053855738301903798272.000000 7.503525e-163 6.888035e-163 25.000000 45
11111111111111116814317467138079537015397430227410227546607555502842426133468209941615724099633376264413535234897928807030665113528441232648234917485871104.000000 1.906994e-164 1.728366e-164 25.000000 45
111111111111111162188911841951183722773913668055569130041045528277914711508714387728360192771377974755978264901828158996540074136751882694966892633247449088.000000 5.681620e-165 5.318561e-165 47.000000 15
1111111111111111812425528961259409943901076975548751954011416138795452709518110651293107470912364959980809447327117720325931205320559775158163535664034873344.000000 1.364821e-165 1.359637e-165 39.000000 15
11111111111111117362109647445603808574363008575515276925710317963889304717457239416893052536329308750123987280035832681817190197393433958747656919314107203584.000000 1.785809e-166 1.760367e-166 25.000000 45
111111111111111173621096474456038085743630085755152769257103179638893047174572394168930525363293087501239872800358326818171901973934339587476569193141072035840.000000 1.658274e-167 1.509508e-167 25.000000 45
1111111111111111638656322547185623626761387426515080637927339838108582007397068953396438415515255246252833007269459169437127422195386430392016451953651804536832.000000 8.832760e-169 8.207339e-169 25.000000 45
11111111111111116386563225471856236267613874265150806379273398381085820073970689533964384155152552462528330072694591694371274221953864303920164519536518045368320.000000 8.348477e-170 8.246924e-170 39.000000 15
111111111111111176352626455982531288202527661824173286787126554470742804176334733841130796830588005106507712980913801583020466705165134620993547912518321678843904.000000 1.111355e-170 1.008907e-170 25.000000 45
1111111111111111663630310949713561477814165264860411083916124979428351214270324630399412326073380207215281831777394938715742871166639413555600257387958086987153408.000000 7.053054e-172 6.401671e-172 25.000000 45
11111111111111118234638367258923637245519434302705259382443498838748741382591609632184453536453799573749543086281838620988817445826585058025366121675182946692104192.000000 3.232704e-173 3.124851e-173 25.000000 45
111111111111111169559701610494932192716172089794243405478176996031765579906809189696321893158778015724721632714755272339237064584984323200498752834387012852356481024.000000 3.567470e-174 3.307622e-174 25.000000 45
1111111111111111772317108477515147005595854417339289184859317914451986802582733336716354784822340037323859116035931406616277305089532396283516978638059028210952175616.000000 5.423124e-175 5.185131e-175 47.000000 15
11111111111111116086475780827080535049363695759593315740272156122987473284181649319096649645886122931603544997407235490719430987115288458226541513437893755445257961472.000000 1.272842e-175 1.270874e-175 37.000000 15
111111111111111157591367200374663480480447260768334005186079515186809943358525125094832700054186674432765357648168197756307625743592813573048158588493544501124052025344.000000 1.540612e-176 1.403885e-176 25.000000 45
1111111111111111549726547140577499844698955033062546834127658783523581117718920306179256629304470305261492837874448720355982784415447567656743533517852300584612299538432.000000 8.803122e-178 8.152219e-178 25.000000 45
11111111111111116335253467027187317170366112718490851308736951622260397284911793294402818172641389102732072014175951434186818980809853854927053010925183627498226058264576.000000 1.327260e-178 1.321308e-178 39.000000 15
111111111111111156648630705300574621916648628081985449347686605926407283987337211083146166689640402626383571058307800496852260714855513122393588703278551301765436079603712.000000 1.811448e-179 1.780787e-179 25.000000 45
1111111111111111512855075333235357820870386287996469983559402776894499328979126335944405546602216119056338517915464294208395174402610927808920355784999233231919764771700736.000000 1.660762e-180 1.510952e-180 25.000000 45
11111111111111116415700314606842899767810262707725928073613146545814757551253161956733402353082670963543317803177372000327010129928770160049576307796863047176827952301080576.000000 8.999143e-182 8.183008e-182 25.000000 45
111111111111111153859806655872514425205251428455169454831978515243189461420836430789019248434342631451593717039591887537325634212066414544812781078393664752907237086338220032.000000 8.235638e-183 8.159967e-183 37.000000 15
1111111111111111675894019761337338551690530266179558893708491155298002802097633491601056152296547356967129983625009974919182569950281306190567570778269523780552936685683343360.000000 1.102278e-183 1.086670e-183 37.000000 15
11111111111111115880246097116655341999222000379377257126597193134636935618485012140261034048065498897983665831583916712097897841393263233154061243818964829796053745594106118144.000000 1.218190e-184 1.108440e-184 25.000000 45
111111111111111158802460971166553419992220003793772571265971931346369356184850121402610340480654988979836658315839167120978978413932632331540612438189648297960537455941061181440.000000 9.354151e-186 8.499250e-186 25.000000 45
1111111111111111644261032143455488985053931384012498948530933292237651475607945871674073163200148268786375159457027385583801167058337512355509450075575229092211814320225160003584.000000 6.710540e-187 6.161353e-187 25.000000 45
11111111111111115092936183071595975007377761534330431824400197431801524825852786933189457430555121592151545763403016710861738480527106586592614684107462384219563588942702443495424.000000 3.612242e-188 3.293538e-188 81.000000 6
111111111111111161726754937619631068819070033789660779531275058242615167700341243600304767917122104687213104283368224268427570325721214161625985374260943095816072323503417687277568.000000 7.324343e-189 7.302384e-189 39.000000 15
1111111111111111530888404520966940138228360990325756105014565911029352321468905441855766130278653936746549869638977785405794219093610955250661145477118876929197231762423030854189056.000000 9.347556e-190 9.305642e-190 25.000000 45
11111111111111117151639135454562639781480182651435730443173598766758576132758536960366334345827971050144563724543472942665547186426268194972717231101653921909860135706601423605071872.000000 8.726600e-191 7.986589e-191 25.000000 45
111111111111111164145370993566053444218015535521644626859624229041725549655307439436428651286113983770729377132819949072225051882302047379862749205694678608627050084736529775797993472.000000 3.835478e-192 3.468679e-192 47.000000 15
1111111111111111759390035711333701699728736011099849109750030428431018883309521277040041587615791465398753933130035976393137238534390626916458261742096555853815321204637049122023538688.000000 6.737679e-193 6.702227e-193 39.000000 15
11111111111111117593900357113337016997287360110998491097500304284310188833095212770400415876157914653987539331300359763931372385343906269164582617420965558538153212046370491220235386880.000000 8.849897e-194 8.390826e-194 25.000000 45
111111111111111175939003571133370169972873601109984910975003042843101888330952127704004158761579146539875393313003597639313723853439062691645826174209655585381532120463704912202353868800.000000 7.498508e-195 6.841236e-195 25.000000 45
1111111111111111759390035711333701699728736011099849109750030428431018883309521277040041587615791465398753933130035976393137238534390626916458261742096555853815321204637049122023538688000.000000 2.570533e-196 2.384710e-196 25.000000 45
11111111111111115661631595604707844649611414645004818948036639431092689504477587044640844731377702385890656040339070782699564369592817680482043286899471730666698875312830116871744979468288.000000 1.874492e-197 1.868290e-197 39.000000 15
111111111111111172074466048116111825277521710177997566676075713136666889673716876252485016472018722003681626731081019676850107821936885514280747513166667929638623446996624163505373053976576.000000 3.886319e-198 3.879235e-198 39.000000 15
1111111111111111658912060112884984737649586846868178157977919856063708918221404739300543888087220427457716002000048949369083221715334020304966216554978876804499695694492949655902037502590976.000000 5.546496e-199 5.450102e-199 37.000000 15
11111111111111116094459798182640779255490826429387401509516500358213409354087935207210988667808469933944357897514399514495489365121061524346932096936286348109904646741143160725806830728511488.000000 8.058472e-200 8.040863e-200 37.000000 15
111111111111111164901884405396080337522948600608229055657266589201523532165888249558465488382594574064505995955032714978517636467468844673091161518270882840579784949041722293923776661664301056.000000 1.066675e-200 9.741982e-201 25.000000 45
1111111111111111775652009608190324814206776768141651854559916631835697357659167215148034138370261731847057302906766184459184134794951788478810512747765447909181480902586524912540433956776968192.000000 7.862578e-202 7.198646e-202 81.000000 6
11111111111111117249987433864985162386158604633179073353650163359075125432590533273226824365525353353662583655641905705895810267468464517796509537217428001078280283377188041232193670207233851392.000000 1.163404e-202 1.161332e-202 37.000000 15
111111111111111164395351743179162251767039437559991610465317586242241684021887110680211971364417310099698006581606958839821605386987791306099565928010656362566250423393045086030565992303765225472.000000 1.295255e-203 1.183226e-203 25.000000 45
1111111111111111546699246286143350052535835070338326627798967294240301996570652442177444446154138419753846106118324409768578086417515666598609305950143079847063875309384426944809211405814772793344.000000 7.791779e-205 7.789397e-205 43.000000 15
11111111111111114948303016751309380711307367741988122401433893912098407466249358210442843034927865897575079942795269811661045037762558018186699175074958884984779398829598808565444388632959037472768.000000 1.643305e-205 1.617857e-205 37.000000 15
111111111111111137034483460870114931575850086346397770977000242393673374675521593032469996110554219776629652586641315252016790543723212634681538524514262926187169485954097024470898476125061803671552.000000 1.695285e-206 1.539504e-206 25.000000 45
1111111111111111469933208261844980320056289592051845334068711997755219346650991842900367435015337711359265700596904215436917184108451066724299011055025236651156690878276098734177348042886846605164544.000000 9.772443e-208 8.930155e-208 25.000000 45
11111111111111115496039071843600451234945205749221394335076796568100078265676125729609014141431741222336410403812970657703166070454262190262859117029313225625846876932642015257520386681958294599237632.000000 3.947186e-209 3.648830e-209 25.000000 45
111111111111111103971143408026363038148984228455225719709828663885936155510123990057348394772502109263763886576118282363656030024878524429356974755633237272944550807734034365967401866621833918946476032.000000 2.574711e-209 2.565873e-209 37.000000 15
211111111111111100944455629277399204096434556000728082358070414836283003945678065591544733177208361131791398992092164771838165759246802913996359796680477150815574398800824347778583679928001047801364480.000000 6.206769e-209 6.181320e-209 39.000000 15
311111111111111131910599390801529686177530102904222594100271700316672937145656985951568902676458148306219056382740329988937388613391146380816822447500980350895876630929204853994966826699334194686853120.000000 1.462882e-208 1.457271e-208 39.000000 15
411111111111111094891080071779471535991335211091732807654553916736976700816786216659937409986620864867846423824039929588202437227983359883275129878774956906557621580934404311400947306540335305511141376.000000 1.943888e-208 1.773181e-208 25.000000 45
511111111111111057871560752757413385805140319279243021208836133157280464487915447368305917296783581429473791265339529187467485842575573385733437310048933462219366530939603768806927786381336416335429632.000000 1.284421e-208 1.181718e-208 25.000000 45
611111111111111020852041433735355235618945427466753234763118349577584228159044678076674424606946297991101158706639128786732534457167786888191744741322910017881111480944803226212908266222337527159717888.000000 5.726163e-209 5.548575e-209 45.000000 8
711111111111110983832522114713297085432750535654263448317400565997887991830173908785042931917109014552728526147938728385997583071760000390650052172596886573542856430950002683618888746063338637984006144.000000 7.136118e-209 6.573052e-209 81.000000 6
811111111111110946813002795691238935246555643841773661871682782418191755501303139493411439227271731114355893589238327985262631686352213893108359603870863129204601380955202141024869225904339748808294400.000000 1.415362e-208 1.403902e-208 37.000000 15
911111111111110909793483476669180785060360752029283875425964998838495519172432370201779946537434447675983261030537927584527680300944427395566667035144839684866346330960401598430849705745340859632582656.000000 1.519311e-208 1.385217e-208 25.000000 45
1011111111111110872773964157647122634874165860216794088980247215258799282843561600910148453847597164237610628471837527183792728915536640898024974466418816240528091280965601055836830185586341970456870912.000000 4.921970e-209 4.483211e-209 25.000000 45
1111111111111110835754444838625064484687970968404304302534529431679103046514690831618516961157759880799237995913137126783057777530128854400483281897692792796189836230970800513242810665427343081281159168.000000 4.414966e-209 4.066489e-209 47.000000 15
1211111111111110798734925519603006334501776076591814516088811648099406810185820062326885468467922597360865363354436726382322826144721067902941589328966769351851581180975999970648791145268344192105447424.000000 7.910192e-209 7.866254e-209 37.000000 15
1311111111111110897686732361673325448850162062211293326018932002639882912914648672338565300156259455148093310694433457217256223238417541334124207199333799196350440695227561525675576958970009375052136448.000000 8.807184e-209 8.017855e-209 25.000000 45
1411111111111110996638539203743644563198548047830772135949052357180359015643477282350245131844596312935321258034430188052189620332114014765306825069700829040849300209479123080702362772671674557998825472.000000 4.481996e-209 4.102258e-209 81.000000 6
1511111111111111095590346045813963677546934033450250945879172711720835118372305892361924963532933170722549205374426918887123017425810488196489442940067858885348159723730684635729148586373339740945514496.000000 7.087435e-209 7.019219e-209 37.000000 15
1611111111111111194542152887884282791895320019069729755809293066261311221101134502373604795221270028509777152714423649722056414519506961627672060810434888729847019237982246190755934400075004923892203520.000000 7.040457e-209 6.897845e-209 25.000000 45
1711111111111111293493959729954601906243706004689208565739413420801787323829963112385284626909606886297005100054420380556989811613203435058854678680801918574345878752233807745782720213776670106838892544.000000 1.017149e-208 1.007486e-208 39.000000 15
1811111111111111392445766572024921020592091990308687375669533775342263426558791722396964458597943744084233047394417111391923208706899908490037296551168948418844738266485369300809506027478335289785581568.000000 1.304283e-208 1.196586e-208 25.000000 45
1911111111111111491397573414095240134940477975928166185599654129882739529287620332408644290286280601871460994734413842226856605800596381921219914421535978263343597780736930855836291841180000472732270592.000000 1.008540e-208 9.175058e-209 25.000000 45
2011111111111111590349380256165559249288863961547644995529774484423215632016448942420324121974617459658688942074410573061790002894292855352402532291903008107842457294988492410863077654881665655678959616.000000 4.726806e-209 4.413915e-209 25.000000 45
2111111111111111689301187098235878363637249947167123805459894838963691734745277552432003953662954317445916889414407303896723399987989328783585150162270037952341316809240053965889863468583330838625648640.000000 4.063989e-209 4.043270e-209 39.000000 15
2211111111111111788252993940306197477985635932786602615390015193504167837474106162443683785351291175233144836754404034731656797081685802214767768032637067796840176323491615520916649282284996021572337664.000000 6.255665e-209 5.655576e-209 81.000000 6
2311111111111111887204800782376516592334021918406081425320135548044643940202934772455363617039628033020372784094400765566590194175382275645950385903004097641339035837743177075943435095986661204519026688.000000 1.080703e-208 1.074744e-208 39.000000 15
2411111111111111986156607624446835706682407904025560235250255902585120042931763382467043448727964890807600731434397496401523591269078749077133003773371127485837895351994738630970220909688326387465715712.000000 1.318117e-208 1.206377e-208 25.000000 45
2511111111111112085108414466517154821030793889645039045180376257125596145660591992478723280416301748594828678774394227236456988362775222508315621643738157330336754866246300185997006723389991570412404736.000000 6.063059e-209 6.043460e-209 43.000000 15
2611111111111112184060221308587473935379179875264517855110496611666072248389420602490403112104638606382056626114390958071390385456471695939498239514105187174835614380497861741023792537091656753359093760.000000 1.185931e-208 1.159431e-208 37.000000 15
2711111111111112283012028150657793049727565860883996665040616966206548351118249212502082943792975464169284573454387688906323782550168169370680857384472217019334473894749423296050578350793321936305782784.000000 1.017142e-208 9.324382e-209 25.000000 45
2811111111111112381963834992728112164075951846503475474970737320747024453847077822513762775481312321956512520794384419741257179643864642801863475254839246863833333409000984851077364164494987119252471808.000000 6.485023e-209 6.347530e-209 39.000000 15
2911111111111112480915641834798431278424337832122954284900857675287500556575906432525442607169649179743740468134381150576190576737561116233046093125206276708332192923252546406104149978196652302199160832.000000 1.114510e-208 1.097966e-208 37.000000 15
3011111111111112579867448676868750392772723817742433094830978029827976659304735042537122438857986037530968415474377881411123973831257589664228710995573306552831052437504107961130935791898317485145849856.000000 1.340433e-208 1.325008e-208 37.000000 15
3111111111111112678819255518939069507121109803361911904761098384368452762033563652548802270546322895318196362814374612246057370924954063095411328865940336397329911951755669516157721605599982668092538880.000000 1.412929e-208 1.294690e-208 25.000000 45
3211111111111112777771062361009388621469495788981390714691218738908928864762392262560482102234659753105424310154371343080990768018650536526593946736307366241828771466007231071184507419301647851039227904.000000 5.788956e-209 5.289061e-209 25.000000 45
3311111111111112876722869203079707735817881774600869524621339093449404967491220872572161933922996610892652257494368073915924165112347009957776564606674396086327630980258792626211293233003313033985916928.000000 7.875140e-210 7.838313e-210 41.000000 3
3411111111111112975674676045150026850166267760220348334551459447989881070220049482583841765611333468679880204834364804750857562206043483388959182477041425930826490494510354181238079046704978216932605952.000000 5.982512e-209 5.609592e-209 47.000000 15
3511111111111113074626482887220345964514653745839827144481579802530357172948878092595521597299670326467108152174361535585790959299739956820141800347408455775325350008761915736264864860406643399879294976.000000 8.907343e-209 8.373436e-209 25.000000 45
3611111111111113173578289729290665078863039731459305954411700157070833275677706702607201428988007184254336099514358266420724356393436430251324418217775485619824209523013477291291650674108308582825984000.000000 6.497801e-209 5.932075e-209 25.000000 45
3711111111111113272530096571360984193211425717078784764341820511611309378406535312618881260676344042041564046854354997255657753487132903682507036088142515464323069037265038846318436487809973765772673024.000000 2.508893e-209 2.452372e-209 39.000000 15
3811111111111113371481903413431303307559811702698263574271940866151785481135363922630561092364680899828791994194351728090591150580829377113689653958509545308821928551516600401345222301511638948719362048.000000 9.219539e-209 9.032988e-209 47.000000 15
3911111111111113470433710255501622421908197688317742384202061220692261583864192532642240924053017757616019941534348458925524547674525850544872271828876575153320788065768161956372008115213304131666051072.000000 1.657857e-208 1.640276e-208 37.000000 15
4011111111111113569385517097571941536256583673937221194132181575232737686593021142653920755741354615403247888874345189760457944768222323976054889699243604997819647580019723511398793928914969314612740096.000000 1.806716e-208 1.649068e-208 25.000000 45
4111111111111113668337323939642260650604969659556700004062301929773213789321849752665600587429691473190475836214341920595391341861918797407237507569610634842318507094271285066425579742616634497559429120.000000 8.363143e-209 7.580709e-209 25.000000 45
4211111111111113767289130781712579764953355645176178813992422284313689892050678362677280419118028330977703783554338651430324738955615270838420125439977664686817366608522846621452365556318299680506118144.000000 8.421409e-209 8.332730e-209 47.000000 15
4311111111111113866240937623782898879301741630795657623922542638854165994779506972688960250806365188764931730894335382265258136049311744269602743310344694531316226122774408176479151370019964863452807168.000000 1.626166e-208 1.621074e-208 37.000000 15
4411111111111113965192744465853217993650127616415136433852662993394642097508335582700640082494702046552159678234332113100191533143008217700785361180711724375815085637025969731505937183721630046399496192.000000 2.186690e-208 2.153772e-208 37.000000 15
4511111111111114064144551307923537107998513602034615243782783347935118200237164192712319914183038904339387625574328843935124930236704691131967979051078754220313945151277531286532722997423295229346185216.000000 2.358367e-208 2.352112e-208 25.000000 45
4611111111111114163096358149993856222346899587654094053712903702475594302965992802723999745871375762126615572914325574770058327330401164563150596921445784064812804665529092841559508811124960412292874240.000000 2.425501e-208 2.205798e-208 25.000000 45
4711111111111114262048164992064175336695285573273572863643024057016070405694821412735679577559712619913843520254322305604991724424097637994333214791812813909311664179780654396586294624826625595239563264.000000 2.042821e-208 1.877708e-208 25.000000 45
4811111111111114360999971834134494451043671558893051673573144411556546508423650022747359409248049477701071467594319036439925121517794111425515832662179843753810523694032215951613080438528290778186252288.000000 1.841549e-208 1.684246e-208 25.000000 45
4911111111111113916066474031835304507253734034784656097999912213616333254921681115545793943423689770585897095339527242332185124695073545141801208776174660442960924951298329116156644916787299672643338240.000000 1.098420e-208 1.020266e-208 25.000000 45
5011111111111113471132976229536114563463796510676260522426680015676120001419712208344228477599330063470722723084735448224445127872352978858086584890169477132111326208564442280700209395046308567100424192.000000 8.814450e-209 8.765679e-209 39.000000 15
5111111111111113026199478427236924619673858986567864946853447817735906747917743301142663011774970356355548350829943654116705131049632412574371961004164293821261727465830555445243773873305317461557510144.000000 1.064563e-208 9.741112e-209 25.000000 45
5211111111111112581265980624937734675883921462459469371280215619795693494415774393941097545950610649240373978575151860008965134226911846290657337118159110510412128723096668609787338351564326356014596096.000000 9.153733e-209 8.321898e-209 81.000000 6
5311111111111112136332482822638544732093983938351073795706983421855480240913805486739532080126250942125199606320360065901225137404191280006942713232153927199562529980362781774330902829823335250471682048.000000 1.700615e-208 1.692389e-208 39.000000 15
5411111111111111691398985020339354788304046414242678220133751223915266987411836579537966614301891235010025234065568271793485140581470713723228089346148743888712931237628894938874467308082344144928768000.000000 2.125988e-208 1.936628e-208 25.000000 45
5511111111111111246465487218040164844514108890134282644560519025975053733909867672336401148477531527894850861810776477685745143758750147439513465460143560577863332494895008103418031786341353039385853952.000000 1.099766e-208 1.014080e-208 25.000000 45
5611111111111110801531989415740974900724171366025887068987286828034840480407898765134835682653171820779676489555984683578005146936029581155798841574138377267013733752161121267961596264600361933842939904.000000 1.300439e-208 1.295718e-208 37.000000 15
5711111111111110356598491613441784956934233841917491493414054630094627226905929857933270216828812113664502117301192889470265150113309014872084217688133193956164135009427234432505160742859370828300025856.000000 1.631867e-208 1.615611e-208 37.000000 15
5811111111111109911664993811142595013144296317809095917840822432154413973403960950731704751004452406549327745046401095362525153290588448588369593802128010645314536266693347597048725221118379722757111808.000000 1.651147e-208 1.505917e-208 25.000000 45
5911111111111109466731496008843405069354358793700700342267590234214200719901992043530139285180092699434153372791609301254785156467867882304654969916122827334464937523959460761592289699377388617214197760.000000 1.424454e-208 1.298195e-208 25.000000 45
6011111111111109021797998206544215125564421269592304766694358036273987466400023136328573819355732992318979000536817507147045159645147316020940346030117644023615338781225573926135854177636397511671283712.000000 1.063527e-208 1.057885e-208 37.000000 15
6111111111111108576864500404245025181774483745483909191121125838333774212898054229127008353531373285203804628282025713039305162822426749737225722144112460712765740038491687090679418655895406406128369664.000000 1.182102e-208 1.083760e-208 25.000000 45
6211111111111108131931002601945835237984546221375513615547893640393560959396085321925442887707013578088630256027233918931565165999706183453511098258107277401916141295757800255222983134154415300585455616.000000 6.452223e-209 6.002561e-209 25.000000 45
6311111111111107686997504799646645294194608697267118039974661442453347705894116414723877421882653870973455883772442124823825169176985617169796474372102094091066542553023913419766547612413424195042541568.000000 7.815602e-209 7.804789e-209 37.000000 15
6411111111111107242064006997347455350404671173158722464401429244513134452392147507522311956058294163858281511517650330716085172354265050886081850486096910780216943810290026584310112090672433089499627520.000000 8.826003e-209 8.025522e-209 25.000000 45
6511111111111106797130509195048265406614733649050326888828197046572921198890178600320746490233934456743107139262858536608345175531544484602367226600091727469367345067556139748853676568931441983956713472.000000 4.655863e-209 4.227991e-209 47.000000 15
6611111111111106352197011392749075462824796124941931313254964848632707945388209693119181024409574749627932767008066742500605178708823918318652602714086544158517746324822252913397241047190450878413799424.000000 9.463162e-209 9.379906e-209 39.000000 15
6711111111111105907263513590449885519034858600833535737681732650692494691886240785917615558585215042512758394753274948392865181886103352034937978828081360847668147582088366077940805525449459772870885376.000000 1.297258e-208 1.184932e-208 25.000000 45
6811111111111105462330015788150695575244921076725140162108500452752281438384271878716050092760855335397584022498483154285125185063382785751223354942076177536818548839354479242484370003708468667327971328.000000 8.023889e-209 7.325933e-209 25.000000 45
6911111111111105017396517985851505631454983552616744586535268254812068184882302971514484626936495628282409650243691360177385188240662219467508731056070994225968950096620592407027934481967477561785057280.000000 3.057108e-209 3.024698e-209 39.000000 15
7011111111111104572463020183552315687665046028508349010962036056871854931380334064312919161112135921167235277988899566069645191417941653183794107170065810915119351353886705571571498960226486456242143232.000000 7.004536e-209 6.966650e-209 37.000000 15
7111111111111104127529522381253125743875108504399953435388803858931641677878365157111353695287776214052060905734107771961905194595221086900079483284060627604269752611152818736115063438485495350699229184.000000 1.090674e-208 1.081759e-208 37.000000 15
7211111111111103682596024578953935800085170980291557859815571660991428424376396249909788229463416506936886533479315977854165197772500520616364859398055444293420153868418931900658627916744504245156315136.000000 1.700742e-208 1.689891e-208 37.000000 15
7311111111111103237662526776654745856295233456183162284242339463051215170874427342708222763639056799821712161224524183746425200949779954332650235512050260982570555125685045065202192395003513139613401088.000000 2.564573e-208 2.539289e-208 37.000000 15
7411111111111102792729028974355555912505295932074766708669107265111001917372458435506657297814697092706537788969732389638685204127059388048935611626045077671720956382951158229745756873262522034070487040.000000 2.995018e-208 2.727401e-208 25.000000 45
7511111111111102347795531172056365968715358407966371133095875067170788663870489528305091831990337385591363416714940595530945207304338821765220987740039894360871357640217271394289321351521530928527572992.000000 2.181226e-208 2.002063e-208 25.000000 45
7611111111111101902862033369757176024925420883857975557522642869230575410368520621103526366165977678476189044460148801423205210481618255481506363854034711050021758897483384558832885829780539822984658944.000000 5.734743e-209 5.729207e-209 39.000000 15
7711111111111101457928535567457986081135483359749579981949410671290362156866551713901960900341617971361014672205357007315465213658897689197791739968029527739172160154749497723376450308039548717441744896.000000 9.572392e-209 9.338344e-209 25.000000 45
7811111111111101012995037765158796137345545835641184406376178473350148903364582806700395434517258264245840299950565213207725216836177122914077116082024344428322561412015610887920014786298557611898830848.000000 7.787440e-209 7.011751e-209 25.000000 45
7911111111111100568061539962859606193555608311532788830802946275409935649862613899498829968692898557130665927695773419099985220013456556630362492196019161117472962669281724052463579264557566506355916800.000000 8.805568e-209 8.790108e-209 37.000000 15
8011111111111100123128042160560416249765670787424393255229714077469722396360644992297264502868538850015491555440981624992245223190735990346647868310013977806623363926547837217007143742816575400813002752.000000 1.108965e-208 1.022972e-208 25.000000 45
8111111111111099678194544358261226305975733263315997679656481879529509142858676085095699037044179142900317183186189830884505226368015424062933244424008794495773765183813950381550708221075584295270088704.000000 3.845225e-209 3.552020e-209 81.000000 6
8211111111111099233261046555962036362185795739207602104083249681589295889356707177894133571219819435785142810931398036776765229545294857779218620538003611184924166441080063546094272699334593189727174656.000000 6.633271e-209 6.286545e-209 25.000000 45
8311111111111098788327548753662846418395858215099206528510017483649082635854738270692568105395459728669968438676606242669025232722574291495503996651998427874074567698346176710637837177593602084184260608.000000 4.468030e-209 4.061651e-209 25.000000 45
8411111111111098343394050951363656474605920690990810952936785285708869382352769363491002639571100021554794066421814448561285235899853725211789372765993244563224968955612289875181401655852610978641346560.000000 5.830503e-209 5.807790e-209 47.000000 15
8511111111111097898460553149064466530815983166882415377363553087768656128850800456289437173746740314439619694167022654453545239077133158928074748879988061252375370212878403039724966134111619873098432512.000000 1.397024e-208 1.394121e-208 37.000000 15
8611111111111097453527055346765276587026045642774019801790320889828442875348831549087871707922380607324445321912230860345805242254412592644360124993982877941525771470144516204268530612370628767555518464.000000 1.755449e-208 1.706750e-208 25.000000 45
8711111111111097008593557544466086643236108118665624226217088691888229621846862641886306242098020900209270949657439066238065245431692026360645501107977694630676172727410629368812095090629637662012604416.000000 1.581451e-208 1.446682e-208 25.000000 45
8811111111111096563660059742166896699446170594557228650643856493948016368344893734684740776273661193094096577402647272130325248608971460076930877221972511319826573984676742533355659568888646556469690368.000000 5.013755e-209 4.607480e-209 25.000000 45
8911111111111096118726561939867706755656233070448833075070624296007803114842924827483175310449301485978922205147855478022585251786250893793216253335967328008976975241942855697899224047147655450926776320.000000 2.259668e-209 2.007524e-209 47.000000 15
9011111111111095673793064137568516811866295546340437499497392098067589861340955920281609844624941778863747832893063683914845254963530327509501629449962144698127376499208968862442788525406664345383862272.000000 2.821486e-209 2.646750e-209 25.000000 45
9111111111111095228859566335269326868076358022232041923924159900127376607838987013080044378800582071748573460638271889807105258140809761225787005563956961387277777756475082026986353003665673239840948224.000000 5.716049e-209 5.658426e-209 47.000000 15
9211111111111094783926068532970136924286420498123646348350927702187163354337018105878478912976222364633399088383480095699365261318089194942072381677951778076428179013741195191529917481924682134298034176.000000 1.369106e-208 1.367751e-208 37.000000 15
9311111111111094338992570730670946980496482974015250772777695504246950100835049198676913447151862657518224716128688301591625264495368628658357757791946594765578580271007308356073481960183691028755120128.000000 1.761008e-208 1.736817e-208 37.000000 15
9411111111111093894059072928371757036706545449906855197204463306306736847333080291475347981327502950403050343873896507483885267672648062374643133905941411454728981528273421520617046438442699923212206080.000000 1.708162e-208 1.568776e-208 25.000000 45
9511111111111093449125575126072567092916607925798459621631231108366523593831111384273782515503143243287875971619104713376145270849927496090928510019936228143879382785539534685160610916701708817669292032.000000 4.101855e-209 3.988782e-209 41.000000 15
9611111111111093004192077323773377149126670401690064046057998910426310340329142477072217049678783536172701599364312919268405274027206929807213886133931044833029784042805647849704175394960717712126377984.000000 7.466122e-209 7.277012e-209 25.000000 45
9711111111111092559258579521474187205336732877581668470484766712486097086827173569870651583854423829057527227109521125160665277204486363523499262247925861522180185300071761014247739873219726606583463936.000000 5.664259e-209 5.142170e-209 25.000000 45
9811111111111093202095691007914015377823442372929021665918239619507262545786799697095576713055457251747157494044306380938272068214599876669579121874665104522027503071308770959757747022364048078019756032.000000 2.243951e-209 2.054275e-209 81.000000 6
9911111111111093844932802494353843550310151868276374861351712526528428004746425824320501842256490674436787760979091636715878859224713389815658981501404347521874820842545780905267754171508369549456048128.000000 4.290440e-209 4.206489e-209 37.000000 15
10011111111111094487769913980793671722796861363623728056785185433549593463706051951545426971457524097126418027913876892493485650234826902961738841128143590521722138613782790850777761320652691020892340224.000000 3.857500e-209 3.556398e-209 25.000000 45
10111111111111095130607025467233499895283570858971081252218658340570758922665678078770352100658557519816048294848662148271092441244940416107818700754882833521569456385019800796287768469797012492328632320.000000 4.611082e-209 4.555453e-209 39.000000 15
10211111111111095773444136953673328067770280354318434447652131247591924381625304205995277229859590942505678561783447404048699232255053929253898560381622076521416774156256810741797775618941333963764924416.000000 6.432784e-209 5.887494e-209 25.000000 45
10311111111111096416281248440113156240256989849665787643085604154613089840584930333220202359060624365195308828718232659826306023265167442399978420008361319521264091927493820687307782768085655435201216512.000000 1.759516e-209 1.748357e-209 49.000000 15
10411111111111097059118359926552984412743699345013140838519077061634255299544556460445127488261657787884939095653017915603912814275280955546058279635100562521111409698730830632817789917229976906637508608.000000 1.594327e-209 1.584638e-209 39.000000 15
10511111111111097701955471412992812585230408840360494033952549968655420758504182587670052617462691210574569362587803171381519605285394468692138139261839805520958727469967840578327797066374298378073800704.000000 1.780392e-209 1.723172e-209 25.000000 45
10611111111111098344792582899432640757717118335707847229386022875676586217463808714894977746663724633264199629522588427159126396295507981838217998888579048520806045241204850523837804215518619849510092800.000000 2.347681e-209 2.115543e-209 81.000000 6
10711111111111098987629694385872468930203827831055200424819495782697751676423434842119902875864758055953829896457373682936733187305621494984297858515318291520653363012441860469347811364662941320946384896.000000 3.195293e-209 3.168161e-209 37.000000 15
10811111111111099630466805872312297102690537326402553620252968689718917135383060969344828005065791478643460163392158938714339978315735008130377718142057534520500680783678870414857818513807262792382676992.000000 5.012446e-209 4.536487e-209 81.000000 6
10911111111111100273303917358752125275177246821749906815686441596740082594342687096569753134266824901333090430326944194491946769325848521276457577768796777520347998554915880360367825662951584263818969088.000000 9.960476e-209 9.946930e-209 39.000000 15
11011111111111100916141028845191953447663956317097260011119914503761248053302313223794678263467858324022720697261729450269553560335962034422537437395536020520195316326152890305877832812095905735255261184.000000 1.183612e-208 1.082975e-208 25.000000 45
11111111111111101558978140331631781620150665812444613206553387410782413512261939351019603392668891746712350964196514706047160351346075547568617297022275263520042634097389900251387839961240227206691553280.000000 3.977042e-209 3.677216e-209 81.000000 6
11211111111111102201815251818071609792637375307791966401986860317803578971221565478244528521869925169401981231131299961824767142356189060714697156649014506519889951868626910196897847110384548678127845376.000000 1.048668e-208 1.047132e-208 37.000000 15
11311111111111102844652363304511437965124084803139319597420333224824744430181191605469453651070958592091611498066085217602373933366302573860777016275753749519737269639863920142407854259528870149564137472.000000 1.319474e-208 1.219806e-208 25.000000 45
11411111111111103487489474790951266137610794298486672792853806131845909889140817732694378780271992014781241765000870473379980724376416087006856875902492992519584587411100930087917861408673191621000429568.000000 1.048672e-208 9.626233e-209 25.000000 45
11511111111111104130326586277391094310097503793834025988287279038867075348100443859919303909473025437470872031935655729157587515386529600152936735529232235519431905182337940033427868557817513092436721664.000000 3.651632e-209 3.618547e-209 41.000000 15
11611111111111104773163697763830922482584213289181379183720751945888240807060069987144229038674058860160502298870440984935194306396643113299016595155971478519279222953574949978937875706961834563873013760.000000 7.816632e-209 7.712878e-209 37.000000 15
11711111111111105416000809250270750655070922784528732379154224852909406266019696114369154167875092282850132565805226240712801097406756626445096454782710721519126540724811959924447882856106156035309305856.000000 1.043958e-208 1.030633e-208 37.000000 15
11811111111111106058837920736710578827557632279876085574587697759930571724979322241594079297076125705539762832740011496490407888416870139591176314409449964518973858496048969869957890005250477506745597952.000000 1.399331e-208 1.380497e-208 37.000000 15
11911111111111106701675032223150407000044341775223438770021170666951737183938948368819004426277159128229393099674796752268014679426983652737256174036189207518821176267285979815467897154394798978181890048.000000 1.600725e-208 1.597356e-208 37.000000 15
12011111111111107344512143709590235172531051270570791965454643573972902642898574496043929555478192550919023366609582008045621470437097165883336033662928450518668494038522989760977904303539120449618182144.000000 1.975777e-208 1.955549e-208 37.000000 15
12111111111111107987349255196030063345017760765918145160888116480994068101858200623268854684679225973608653633544367263823228261447210679029415893289667693518515811809759999706487911452683441921054474240.000000 2.468277e-208 2.434807e-208 37.000000 15
12211111111111108630186366682469891517504470261265498356321589388015233560817826750493779813880259396298283900479152519600835052457324192175495752916406936518363129580997009651997918601827763392490766336.000000 2.526265e-208 2.297372e-208 25.000000 45
12311111111111109273023478168909719689991179756612851551755062295036399019777452877718704943081292818987914167413937775378441843467437705321575612543146179518210447352234019597507925750972084863927058432.000000 1.844664e-208 1.687381e-208 25.000000 45
12411111111111109915860589655349547862477889251960204747188535202057564478737079004943630072282326241677544434348723031156048634477551218467655472169885422518057765123471029543017932900116406335363350528.000000 7.419894e-209 6.973716e-209 25.000000 45
12511111111111110558697701141789376034964598747307557942622008109078729937696705132168555201483359664367174701283508286933655425487664731613735331796624665517905082894708039488527940049260727806799642624.000000 1.183489e-208 1.178415e-208 39.000000 15
12611111111111111201534812628229204207451308242654911138055481016099895396656331259393480330684393087056804968218293542711262216497778244759815191423363908517752400665945049434037947198405049278235934720.000000 1.512036e-208 1.371764e-208 25.000000 45
12711111111111111844371924114669032379938017738002264333488953923121060855615957386618405459885426509746435235153078798488869007507891757905895051050103151517599718437182059379547954347549370749672226816.000000 1.117523e-208 1.010142e-208 25.000000 45
12811111111111112487209035601108860552424727233349617528922426830142226314575583513843330589086459932436065502087864054266475798518005271051974910676842394517447036208419069325057961496693692221108518912.000000 9.456898e-209 8.644970e-209 25.000000 45
12911111111111113130046147087548688724911436728696970724355899737163391773535209641068255718287493355125695769022649310044082589528118784198054770303581637517294353979656079270567968645838013692544811008.000000 7.570635e-209 6.984001e-209 25.000000 45
13011111111111113772883258573988516897398146224044323919789372644184557232494835768293180847488526777815326035957434565821689380538232297344134629930320880517141671750893089216077975794982335163981103104.000000 2.015883e-209 2.012861e-209 41.000000 15
13111111111111114415720370060428345069884855719391677115222845551205722691454461895518105976689560200504956302892219821599296171548345810490214489557060123516988989522130099161587982944126656635417395200.000000 3.185410e-209 2.968138e-209 25.000000 45
13211111111111115058557481546868173242371565214739030310656318458226888150414088022743031105890593623194586569827005077376902962558459323636294349183799366516836307293367109107097990093270978106853687296.000000 2.037488e-209 1.872896e-209 25.000000 45
13311111111111115701394593033308001414858274710086383506089791365248053609373714149967956235091627045884216836761790333154509753568572836782374208810538609516683625064604119052607997242415299578289979392.000000 5.097642e-209 4.583683e-209 47.000000 15
13411111111111116344231704519747829587344984205433736701523264272269219068333340277192881364292660468573847103696575588932116544578686349928454068437277852516530942835841128998118004391559621049726271488.000000 1.030867e-208 1.029233e-208 37.000000 15
13511111111111116987068816006187657759831693700781089896956737179290384527292966404417806493493693891263477370631360844709723335588799863074533928064017095516378260607078138943628011540703942521162563584.000000 1.221021e-208 1.108857e-208 25.000000 45
13611111111111117629905927492627485932318403196128443092390210086311549986252592531642731622694727313953107637566146100487330126598913376220613787690756338516225578378315148889138018689848263992598855680.000000 8.606872e-209 8.330813e-209 25.000000 45
13711111111111118272743038979067314104805112691475796287823682993332715445212218658867656751895760736642737904500931356264936917609026889366693647317495581516072896149552158834648025838992585464035147776.000000 9.266149e-209 8.476023e-209 25.000000 45
13811111111111118915580150465507142277291822186823149483257155900353880904171844786092581881096794159332368171435716612042543708619140402512773506944234824515920213920789168780158032988136906935471439872.000000 7.387412e-209 6.785439e-209 25.000000 45
13911111111111119558417261951946970449778531682170502678690628807375046363131470913317507010297827582021998438370501867820150499629253915658853366570974067515767531692026178725668040137281228406907731968.000000 2.159614e-209 2.127438e-209 47.000000 15
14011111111111120201254373438386798622265241177517855874124101714396211822091097040542432139498861004711628705305287123597757290639367428804933226197713310515614849463263188671178047286425549878344024064.000000 6.136044e-209 6.119780e-209 45.000000 15
14111111111111120844091484924826626794751950672865209069557574621417377281050723167767357268699894427401258972240072379375364081649480941951013085824452553515462167234500198616688054435569871349780316160.000000 9.442181e-209 9.212162e-209 25.000000 45
14211111111111121486928596411266454967238660168212562264991047528438542740010349294992282397900927850090889239174857635152970872659594455097092945451191796515309485005737208562198061584714192821216608256.000000 8.445023e-209 8.028097e-209 25.000000 45
14311111111111122129765707897706283139725369663559915460424520435459708198969975422217207527101961272780519506109642890930577663669707968243172805077931039515156802776974218507708068733858514292652900352.000000 1.017241e-208 1.009523e-208 37.000000 15
14411111111111122772602819384146111312212079158907268655857993342480873657929601549442132656302994695470149773044428146708184454679821481389252664704670282515004120548211228453218075883002835764089192448.000000 1.219176e-208 1.118976e-208 25.000000 45
14511111111111123415439930870585939484698788654254621851291466249502039116889227676667057785504028118159780039979213402485791245689934994535332524331409525514851438319448238398728083032147157235525484544.000000 6.353050e-209 5.813592e-209 81.000000 6
14611111111111124058277042357025767657185498149601975046724939156523204575848853803891982914705061540849410306913998658263398036700048507681412383958148768514698756090685248344238090181291478706961776640.000000 1.510424e-208 1.501767e-208 39.000000 15
14711111111111124701114153843465595829672207644949328242158412063544370034808479931116908043906094963539040573848783914041004827710162020827492243584888011514546073861922258289748097330435800178398068736.000000 2.312140e-208 2.277202e-208 37.000000 15
14811111111111125343951265329905424002158917140296681437591884970565535493768106058341833173107128386228670840783569169818611618720275533973572103211627254514393391633159268235258104479580121649834360832.000000 2.545786e-208 2.361334e-208 25.000000 45
14911111111111125986788376816345252174645626635644034633025357877586700952727732185566758302308161808918301107718354425596218409730389047119651962838366497514240709404396278180768111628724443121270652928.000000 2.199308e-208 2.005333e-208 25.000000 45
15011111111111126629625488302785080347132336130991387828458830784607866411687358312791683431509195231607931374653139681373825200740502560265731822465105740514088027175633288126278118777868764592706945024.000000 1.295036e-208 1.194378e-208 25.000000 45
15111111111111127272462599789224908519619045626338741023892303691629031870646984440016608560710228654297561641587924937151431991750616073411811682091844983513935344946870298071788125927013086064143237120.000000 3.360547e-209 3.330293e-209 39.000000 15
15211111111111127915299711275664736692105755121686094219325776598650197329606610567241533689911262076987191908522710192929038782760729586557891541718584226513782662718107308017298133076157407535579529216.000000 6.021760e-209 5.435280e-209 81.000000 6
15311111111111128558136822762104564864592464617033447414759249505671362788566236694466458819112295499676822175457495448706645573770843099703971401345323469513629980489344317962808140225301729007015821312.000000 1.262367e-208 1.254499e-208 39.000000 15
15411111111111129200973934248544393037079174112380800610192722412692528247525862821691383948313328922366452442392280704484252364780956612850051260972062712513477298260581327908318147374446050478452113408.000000 1.845562e-208 1.839765e-208 37.000000 15
15511111111111129843811045734984221209565883607728153805626195319713693706485488948916309077514362345056082709327065960261859155791070125996131120598801955513324616031818337853828154523590371949888405504.000000 1.692839e-208 1.543925e-208 25.000000 45
15611111111111130486648157221424049382052593103075507001059668226734859165445115076141234206715395767745712976261851216039465946801183639142210980225541198513171933803055347799338161672734693421324697600.000000 5.908010e-209 5.414854e-209 25.000000 45
15711111111111131129485268707863877554539302598422860196493141133756024624404741203366159335916429190435343243196636471817072737811297152288290839852280441513019251574292357744848168821879014892760989696.000000 2.999812e-209 2.868814e-209 47.000000 15
15811111111111131772322380194303705727026012093770213391926614040777190083364367330591084465117462613124973510131421727594679528821410665434370699479019684512866569345529367690358175971023336364197281792.000000 5.078863e-209 5.049129e-209 37.000000 15
15911111111111132415159491680743533899512721589117566587360086947798355542323993457816009594318496035814603777066206983372286319831524178580450559105758927512713887116766377635868183120167657835633573888.000000 8.062534e-209 8.024971e-209 37.000000 15
16011111111111133057996603167183362071999431084464919782793559854819521001283619585040934723519529458504234044000992239149893110841637691726530418732498170512561204888003387581378190269311979307069865984.000000 1.035720e-208 1.027971e-208 25.000000 45
16111111111111133700833714653623190244486140579812272978227032761840686460243245712265859852720562881193864310935777494927499901851751204872610278359237413512408522659240397526888197418456300778506158080.000000 9.885247e-209 9.031924e-209 25.000000 45
16211111111111134343670826140063018416972850075159626173660505668861851919202871839490784981921596303883494577870562750705106692861864718018690137985976656512255840430477407472398204567600622249942450176.000000 4.089676e-209 3.893467e-209 25.000000 45
16311111111111134986507937626502846589459559570506979369093978575883017378162497966715710111122629726573124844805348006482713483871978231164769997612715899512103158201714417417908211716744943721378742272.000000 8.442496e-209 8.428698e-209 41.000000 15
16411111111111135629345049112942674761946269065854332564527451482904182837122124093940635240323663149262755111740133262260320274882091744310849857239455142511950475972951427363418218865889265192815034368.000000 1.224078e-208 1.118550e-208 25.000000 45
16511111111111136272182160599382502934432978561201685759960924389925348296081750221165560369524696571952385378674918518037927065892205257456929716866194385511797793744188437308928226015033586664251326464.000000 8.352218e-209 7.625769e-209 25.000000 45
16611111111111136915019272085822331106919688056549038955394397296946513755041376348390485498725729994642015645609703773815533856902318770603009576492933628511645111515425447254438233164177908135687618560.000000 2.651692e-209 2.617561e-209 39.000000 15
16711111111111137557856383572262159279406397551896392150827870203967679214001002475615410627926763417331645912544489029593140647912432283749089436119672871511492429286662457199948240313322229607123910656.000000 4.146999e-209 4.023004e-209 25.000000 45
16811111111111138200693495058701987451893107047243745346261343110988844672960628602840335757127796840021276179479274285370747438922545796895169295746412114511339747057899467145458247462466551078560202752.000000 3.943485e-209 3.585653e-209 81.000000 6
16911111111111138843530606545141815624379816542591098541694816018010010131920254730065260886328830262710906446414059541148354229932659310041249155373151357511187064829136477090968254611610872549996494848.000000 8.587338e-209 8.515324e-209 39.000000 15
17011111111111139486367718031581643796866526037938451737128288925031175590879880857290186015529863685400536713348844796925961020942772823187329014999890600511034382600373487036478261760755194021432786944.000000 1.158810e-208 1.153331e-208 37.000000 15
17111111111111140129204829518021471969353235533285804932561761832052341049839506984515111144730897108090166980283630052703567811952886336333408874626629843510881700371610496981988268909899515492869079040.000000 1.109714e-208 1.010967e-208 25.000000 45
17211111111111140772041941004461300141839945028633158127995234739073506508799133111740036273931930530779797247218415308481174602962999849479488734253369086510729018142847506927498276059043836964305371136.000000 5.630576e-209 5.164054e-209 25.000000 45
17311111111111141414879052490901128314326654523980511323428707646094671967758759238964961403132963953469427514153200564258781393973113362625568593880108329510576335914084516873008283208188158435741663232.000000 2.459979e-209 2.243055e-209 81.000000 6
17411111111111142057716163977340956486813364019327864518862180553115837426718385366189886532333997376159057781087985820036388184983226875771648453506847572510423653685321526818518290357332479907177955328.000000 4.259767e-209 4.176192e-209 37.000000 15
17511111111111142700553275463780784659300073514675217714295653460137002885678011493414811661535030798848688048022771075813994975993340388917728313133586815510270971456558536764028297506476801378614247424.000000 4.044232e-209 3.685878e-209 25.000000 45
17611111111111143343390386950220612831786783010022570909729126367158168344637637620639736790736064221538318314957556331591601767003453902063808172760326058510118289227795546709538304655621122850050539520.000000 7.080689e-209 6.975561e-209 47.000000 15
17711111111111143986227498436660441004273492505369924105162599274179333803597263747864661919937097644227948581892341587369208558013567415209888032387065301509965606999032556655048311804765444321486831616.000000 1.225660e-208 1.212602e-208 37.000000 15
17811111111111144629064609923100269176760202000717277300596072181200499262556889875089587049138131066917578848827126843146815349023680928355967892013804544509812924770269566600558318953909765792923123712.000000 1.345726e-208 1.226274e-208 25.000000 45
17911111111111145271901721409540097349246911496064630496029545088221664721516516002314512178339164489607209115761912098924422140033794441502047751640543787509660242541506576546068326103054087264359415808.000000 7.333579e-209 6.747145e-209 25.000000 45
18011111111111145914738832895979925521733620991411983691463017995242830180476142129539437307540197912296839382696697354702028931043907954648127611267283030509507560312743586491578333252198408735795707904.000000 3.572392e-209 3.519781e-209 39.000000 15
18111111111111146557575944382419753694220330486759336886896490902263995639435768256764362436741231334986469649631482610479635722054021467794207470894022273509354878083980596437088340401342730207232000000.000000 4.413254e-209 4.062926e-209 25.000000 45
18211111111111147200413055868859581866707039982106690082329963809285161098395394383989287565942264757676099916566267866257242513064134980940287330520761516509202195855217606382598347550487051678668292096.000000 5.551310e-209 5.491157e-209 39.000000 15
18311111111111147843250167355299410039193749477454043277763436716306326557355020511214212695143298180365730183501053122034849304074248494086367190147500759509049513626454616328108354699631373150104584192.000000 7.744157e-209 7.055611e-209 25.000000 45
18411111111111148486087278841739238211680458972801396473196909623327492016314646638439137824344331603055360450435838377812456095084362007232447049774240002508896831397691626273618361848775694621540876288.000000 3.516674e-209 3.244713e-209 25.000000 45
18511111111111149128924390328179066384167168468148749668630382530348657475274272765664062953545365025744990717370623633590062886094475520378526909400979245508744149168928636219128368997920016092977168384.000000 4.878838e-209 4.855887e-209 37.000000 15
18611111111111149771761501814618894556653877963496102864063855437369822934233898892888988082746398448434620984305408889367669677104589033524606769027718488508591466940165646164638376147064337564413460480.000000 5.619717e-209 5.126962e-209 25.000000 45
18711111111111150414598613301058722729140587458843456059497328344390988393193525020113913211947431871124251251240194145145276468114702546670686628654457731508438784711402656110148383296208659035849752576.000000 4.201333e-209 4.009407e-209 25.000000 45
18811111111111151057435724787498550901627296954190809254930801251412153852153151147338838341148465293813881518174979400922883259124816059816766488281196974508286102482639666055658390445352980507286044672.000000 7.424403e-209 7.321964e-209 39.000000 15
18911111111111151700272836273938379074114006449538162450364274158433319311112777274563763470349498716503511785109764656700490050134929572962846347907936217508133420253876676001168397594497301978722336768.000000 1.358945e-208 1.348730e-208 37.000000 15
19011111111111152343109947760378207246600715944885515645797747065454484770072403401788688599550532139193142052044549912478096841145043086108926207534675460507980738025113685946678404743641623450158628864.000000 1.747233e-208 1.723122e-208 37.000000 15
19111111111111152985947059246818035419087425440232868841231219972475650229032029529013613728751565561882772318979335168255703632155156599255006067161414703507828055796350695892188411892785944921594920960.000000 1.809105e-208 1.652261e-208 25.000000 45
19211111111111153628784170733257863591574134935580222036664692879496815687991655656238538857952598984572402585914120424033310423165270112401085926788153946507675373567587705837698419041930266393031213056.000000 9.574369e-209 8.718575e-209 25.000000 45
19311111111111154271621282219697691764060844430927575232098165786517981146951281783463463987153632407262032852848905679810917214175383625547165786414893189507522691338824715783208426191074587864467505152.000000 6.923366e-209 6.830628e-209 47.000000 15
19411111111111154914458393706137519936547553926274928427531638693539146605910907910688389116354665829951663119783690935588524005185497138693245646041632432507370009110061725728718433340218909335903797248.000000 9.674567e-209 9.506736e-209 37.000000 15
19511111111111155557295505192577348109034263421622281622965111600560312064870534037913314245555699252641293386718476191366130796195610651839325505668371675507217326881298735674228440489363230807340089344.000000 8.974229e-209 8.268831e-209 25.000000 45
19611111111111156200132616679017176281520972916969634818398584507581477523830160165138239374756732675330923653653261447143737587205724164985405365295110918507064644652535745619738447638507552278776381440.000000 5.029515e-209 4.922880e-209 39.000000 15
19711111111111154667428509587978968221454388373405490471818647204679885557866596223510183313906979838410944642208892603150650802550169519271896257896361308885518129395830962003315569445881248596254261248.000000 6.406509e-209 5.833451e-209 25.000000 45
19811111111111153134724402496940760161387803829841346125238709901778293591903032281882127253057227001490965630764523759157564017894614873558387150497611699263971614139126178386892691253254944913732141056.000000 1.943528e-209 1.602307e-209 87.000000 80
19911111111111151602020295405902552101321219286277201778658772598876701625939468340254071192207474164570986619320154915164477233239060227844878043098862089642425098882421394770469813060628641231210020864.000000 2.537892e-209 2.424246e-209 81.000000 6
20011111111111150069316188314864344041254634742713057432078835295975109659975904398626015131357721327651007607875786071171390448583505582131368935700112480020878583625716611154046934868002337548687900672.000000 5.970440e-209 5.939131e-209 39.000000 15
20111111111111148536612081223826135981188050199148913085498897993073517694012340456997959070507968490731028596431417227178303663927950936417859828301362870399332068369011827537624056675376033866165780480.000000 8.266074e-209 8.139990e-209 37.000000 15
20211111111111147003907974132787927921121465655584768738918960690171925728048776515369903009658215653811049584987048383185216879272396290704350720902613260777785553112307043921201178482749730183643660288.000000 8.501624e-209 7.732152e-209 25.000000 45
20311111111111145471203867041749719861054881112020624392339023387270333762085212573741846948808462816891070573542679539192130094616841644990841613503863651156239037855602260304778300290123426501121540096.000000 6.069126e-209 5.987348e-209 25.000000 45
20411111111111143938499759950711511800988296568456480045759086084368741796121648632113790887958709979971091562098310695199043309961286999277332506105114041534692522598897476688355422097497122818599419904.000000 6.495300e-209 5.999662e-209 25.000000 45
20511111111111142405795652859673303740921712024892335699179148781467149830158084690485734827108957143051112550653941851205956525305732353563823398706364431913146007342192693071932543904870819136077299712.000000 6.013885e-209 5.867930e-209 47.000000 15
20611111111111140873091545768635095680855127481328191352599211478565557864194520748857678766259204306131133539209573007212869740650177707850314291307614822291599492085487909455509665712244515453555179520.000000 1.011720e-208 9.502679e-209 25.000000 45
20711111111111139340387438677596887620788542937764047006019274175663965898230956807229622705409451469211154527765204163219782955994623062136805183908865212670052976828783125839086787519618211771033059328.000000 7.210709e-209 6.836828e-209 81.000000 6
20811111111111137807683331586558679560721958394199902659439336872762373932267392865601566644559698632291175516320835319226696171339068416423296076510115603048506461572078342222663909326991908088510939136.000000 1.127759e-208 1.126882e-208 39.000000 15
20911111111111136274979224495520471500655373850635758312859399569860781966303828923973510583709945795371196504876466475233609386683513770709786969111365993426959946315373558606241031134365604405988818944.000000 1.326259e-208 1.205776e-208 25.000000 45
21011111111111134742275117404482263440588789307071613966279462266959190000340264982345454522860192958451217493432097631240522602027959124996277861712616383805413431058668774989818152941739300723466698752.000000 5.978526e-209 5.518705e-209 25.000000 45
21111111111111133209571010313444055380522204763507469619699524964057598034376701040717398462010440121531238481987728787247435817372404479282768754313866774183866915801963991373395274749112997040944578560.000000 4.064602e-209 3.965075e-209 37.000000 15
21211111111111131676866903222405847320455620219943325273119587661156006068413137099089342401160687284611259470543359943254349032716849833569259646915117164562320400545259207756972396556486693358422458368.000000 2.999974e-209 2.716926e-209 25.000000 45
21311111111111130144162796131367639260389035676379180926539650358254414102449573157461286340310934447691280459098991099261262248061295187855750539516367554940773885288554424140549518363860389675900338176.000000 2.476029e-209 2.452762e-209 39.000000 15
21411111111111128611458689040329431200322451132815036579959713055352822136486009215833230279461181610771301447654622255268175463405740542142241432117617945319227370031849640524126640171234085993378217984.000000 3.085199e-209 2.805824e-209 25.000000 45
21511111111111127078754581949291223140255866589250892233379775752451230170522445274205174218611428773851322436210253411275088678750185896428732324718868335697680854775144856907703761978607782310856097792.000000 4.414217e-209 4.214759e-209 47.000000 15
21611111111111125546050474858253015080189282045686747886799838449549638204558881332577118157761675936931343424765884567282001894094631250715223217320118726076134339518440073291280883785981478628333977600.000000 8.013952e-209 7.879618e-209 37.000000 15
21711111111111124013346367767214807020122697502122603540219901146648046238595317390949062096911923100011364413321515723288915109439076605001714109921369116454587824261735289674858005593355174945811857408.000000 7.711873e-209 7.009925e-209 25.000000 45
21811111111111122480642260676176598960056112958558459193639963843746454272631753449321006036062170263091385401877146879295828324783521959288205002522619506833041309005030506058435127400728871263289737216.000000 3.757871e-209 3.515708e-209 47.000000 15
21911111111111120947938153585138390899989528414994314847060026540844862306668189507692949975212417426171406390432778035302741540127967313574695895123869897211494793748325722442012249208102567580767617024.000000 7.610334e-209 7.545608e-209 39.000000 15
22011111111111119415234046494100182839922943871430170500480089237943270340704625566064893914362664589251427378988409191309654755472412667861186787725120287589948278491620938825589371015476263898245496832.000000 1.054331e-208 9.967865e-209 25.000000 45
22111111111111117882529939403061974779856359327866026153900151935041678374741061624436837853512911752331448367544040347316567970816858022147677680326370677968401763234916155209166492822849960215723376640.000000 8.654442e-209 7.865473e-209 25.000000 45
22211111111111116349825832312023766719789774784301881807320214632140086408777497682808781792663158915411469356099671503323481186161303376434168572927621068346855247978211371592743614630223656533201256448.000000 4.267891e-209 3.935798e-209 25.000000 45
22311111111111114817121725220985558659723190240737737460740277329238494442813933741180725731813406078491490344655302659330394401505748730720659465528871458725308732721506587976320736437597352850679136256.00