0.000000 2.956025e+02 1.406677e+02 65.000000 4
0.000010 2.364306e+02 9.709570e+01 65.000000 4
0.000060 1.732549e+02 8.103035e+01 65.000000 4
0.000135 1.117035e+02 6.241628e+01 65.000000 4
0.000247 6.091318e+01 4.307562e+01 65.000000 4
0.000416 2.692672e+01 2.569269e+01 65.000000 4
0.000669 1.087683e+01 7.592385e+00 75.000000 4
0.001176 6.614961e+00 2.913114e+00 5.000000 1
0.002188 5.722951e+00 2.566362e+00 5.000000 1
0.004213 4.648818e+00 2.319596e+00 5.000000 1
0.007251 3.446344e+00 1.999630e+00 5.000000 1
0.011807 2.255499e+00 1.611363e+00 5.000000 1
0.018641 1.252819e+00 1.242324e+00 5.000000 1
0.028893 8.847838e-01 7.630930e-01 5.000000 10
0.044270 5.491815e-01 4.494129e-01 5.000000 10
0.067336 3.596046e-01 3.140091e-01 35.000000 10
0.101935 3.084501e-01 1.901742e-01 35.000000 10
0.153834 2.473693e-01 9.584548e-02 35.000000 10
0.231682 1.809928e-01 7.412174e-02 35.000000 10
0.348453 1.172755e-01 6.029936e-02 35.000000 10
0.523611 6.503181e-02 4.481295e-02 35.000000 10
0.786347 2.973105e-02 2.944758e-02 35.000000 10
1.180452 1.998187e-02 1.646135e-02 65.000000 1
1.771608 1.382830e-02 1.129324e-02 65.000000 1
2.658344 8.917450e-03 8.266190e-03 35.000000 3
3.988446 6.346661e-03 5.455903e-03 35.000000 3
5.983600 5.085924e-03 3.948559e-03 275.000000 60
8.976331 4.583131e-03 2.320786e-03 275.000000 60
13.465428 3.931272e-03 2.039611e-03 275.000000 60
20.199073 3.141411e-03 1.741863e-03 275.000000 60
30.299540 2.366233e-03 1.425961e-03 275.000000 60
43.430148 1.647364e-03 1.103871e-03 275.000000 60
60.499937 9.833983e-04 7.629485e-04 275.000000 60
86.104622 4.837361e-04 4.545479e-04 275.000000 60
124.511649 2.335585e-04 2.237303e-04 315.000000 60
182.122189 1.784915e-04 1.457321e-04 65.000000 76
268.538000 1.501033e-04 1.403108e-04 65.000000 77
398.161716 1.395837e-04 1.119798e-04 65.000000 77
592.597290 1.162445e-04 1.012976e-04 65.000000 77
884.250651 8.871761e-05 8.487635e-05 65.000000 77
1263.400021 6.609958e-05 6.188433e-05 75.000000 77
1756.294201 4.746076e-05 3.885548e-05 75.000000 77
2397.056635 3.090894e-05 2.578645e-05 75.000000 77
3230.047800 1.671229e-05 1.660008e-05 85.000000 77
4479.534547 1.184096e-05 9.705108e-06 85.000000 77
6353.764667 7.105355e-06 6.920738e-06 85.000000 77
9165.109848 5.809889e-06 4.722504e-06 35.000000 77
13382.127619 5.197236e-06 4.277218e-06 35.000000 77
19707.654275 4.695528e-06 3.876401e-06 35.000000 77
27930.838928 4.179766e-06 3.453380e-06 35.000000 77
38620.978977 3.613828e-06 2.986975e-06 35.000000 77
52518.161041 3.070785e-06 2.540022e-06 35.000000 77
67805.061312 2.541967e-06 2.101172e-06 35.000000 77
87678.031663 2.043137e-06 1.689940e-06 35.000000 77
109538.299050 1.581092e-06 1.306482e-06 35.000000 77
137956.646652 1.136764e-06 9.393478e-07 35.000000 77
174900.498536 7.565949e-07 6.251561e-07 35.000000 77
222927.505984 4.594001e-07 3.794945e-07 35.000000 77
285362.615667 2.342454e-07 2.085082e-07 35.000000 77
379015.280191 1.818395e-07 1.524538e-07 105.000000 77
519494.276977 1.683237e-07 1.357331e-07 105.000000 77
730212.772157 1.374387e-07 1.106437e-07 105.000000 77
1004146.815890 1.009721e-07 8.119777e-08 105.000000 77
1360261.072743 6.703778e-08 6.075976e-08 105.000000 77
1823209.606652 4.824477e-08 4.688917e-08 115.000000 106
2425042.700734 3.414093e-08 3.315890e-08 115.000000 106
3327792.341857 2.191831e-08 2.128700e-08 115.000000 106
4501366.875317 1.197525e-08 1.164289e-08 115.000000 106
6261728.675506 6.095802e-09 5.539351e-09 115.000000 77
8902271.375790 3.614914e-09 3.177852e-09 115.000000 77
12863085.426217 9.843531e-09 8.913724e-09 5.000000 109
15833695.964037 1.098208e-08 1.095521e-08 15.000000 109
18061653.867402 1.375438e-08 1.342286e-08 25.000000 109
19732622.294925 1.898758e-08 1.643009e-08 35.000000 77
20985848.615568 3.331363e-08 2.743375e-08 35.000000 77
21925768.356050 7.247981e-08 5.969350e-08 35.000000 77
22536716.187364 1.467194e-07 1.208640e-07 35.000000 77
22933832.277717 3.542191e-07 2.919232e-07 35.000000 77
23152246.127412 1.154541e-06 9.648302e-07 35.000000 77
23392501.362076 1.104276e-06 9.006772e-07 35.000000 77
23560680.026341 3.888335e-07 3.112632e-07 35.000000 77
23712040.824179 1.208865e-07 9.894580e-08 35.000000 77
23878537.701801 3.197131e-08 2.638801e-08 35.000000 77
24128283.018234 1.608850e-08 1.602477e-08 15.000000 106
24627773.651101 9.419982e-09 8.792287e-09 25.000000 109
25626754.916833 5.897894e-09 5.207997e-09 5.000000 109
27624717.448299 3.928387e-09 3.842985e-09 5.000000 24
30621661.245497 3.298512e-09 3.151297e-09 5.000000 24
35117076.941295 2.405632e-09 2.263075e-09 5.000000 24
41860200.484991 1.851187e-09 1.781885e-09 25.000000 77
51974885.800536 1.572769e-09 1.511708e-09 25.000000 77
67146913.773853 1.256847e-09 1.217537e-09 25.000000 77
89904955.733828 9.185487e-10 8.947469e-10 25.000000 77
124042018.673792 2.067744e-09 1.673588e-09 45.000000 77
168420200.495744 4.827522e-10 4.583936e-10 25.000000 77
217236200.499891 2.968478e-10 2.810099e-10 25.000000 77
290460200.506112 2.014262e-10 2.013163e-10 5.000000 72
400296200.515443 1.489240e-10 1.486141e-10 5.000000 72
565050200.529440 1.021153e-10 1.020887e-10 155.000000 72
812181200.550436 7.975244e-11 7.941408e-11 215.000000 72
997529450.566183 7.893441e-11 7.863077e-11 215.000000 72
1136540638.077993 7.753255e-11 7.723134e-11 215.000000 72
1240799028.711850 7.260447e-11 7.229299e-11 215.000000 72
1345057419.345708 6.770870e-11 6.742639e-11 215.000000 72
1449315809.979565 6.424405e-11 6.422551e-11 495.000000 37
1553574200.613423 6.092067e-11 6.089690e-11 495.000000 37
1657832591.247280 5.751929e-11 5.749148e-11 495.000000 37
1762090981.881138 5.410438e-11 5.407363e-11 495.000000 37
1866349372.514995 5.072783e-11 5.069510e-11 495.000000 37
1970607763.148853 4.742391e-11 4.738998e-11 495.000000 37
2074866153.782710 4.422014e-11 4.418566e-11 495.000000 37
2179124544.416568 4.114020e-11 4.110574e-11 495.000000 37
2283382935.050426 3.819511e-11 3.816108e-11 495.000000 37
2387641325.684283 3.540490e-11 3.537169e-11 495.000000 37
2491899716.318141 3.276758e-11 3.273544e-11 495.000000 37
2596158106.951999 3.029012e-11 3.025927e-11 495.000000 37
2700416497.585856 2.797155e-11 2.794212e-11 495.000000 37
2804674888.219714 1.781378e-11 1.779299e-11 495.000000 37
3065320864.804358 1.546192e-11 1.544403e-11 495.000000 37
3325966841.389002 1.465187e-11 1.461533e-11 65.000000 77
3586612817.973646 1.457677e-11 1.455216e-11 65.000000 77
3847258794.558290 1.449953e-11 1.448635e-11 65.000000 77
4107904771.142933 1.442072e-11 1.441850e-11 65.000000 77
4368550747.727577 1.434911e-11 1.434082e-11 75.000000 77
4629196724.312221 1.427861e-11 1.426022e-11 75.000000 77
4889842700.896864 1.420732e-11 1.417924e-11 75.000000 77
5150488677.481507 1.413555e-11 1.409815e-11 75.000000 77
5411134654.066151 1.406353e-11 1.401716e-11 75.000000 77
5671780630.650794 1.399142e-11 1.393643e-11 75.000000 77
5932426607.235437 1.391940e-11 1.385609e-11 75.000000 77
6193072583.820081 1.384757e-11 1.377625e-11 75.000000 77
6453718560.404724 1.377603e-11 1.369697e-11 75.000000 77
6714364536.989367 1.370484e-11 1.361832e-11 75.000000 77
6975010513.574011 1.363405e-11 1.354032e-11 75.000000 77
7235656490.158654 1.356373e-11 1.346303e-11 75.000000 77
7496302466.743298 1.349387e-11 1.338643e-11 75.000000 77
7756948443.327941 1.342450e-11 1.331053e-11 75.000000 77
8017594419.912584 1.335563e-11 1.323535e-11 75.000000 77
8278240396.497228 1.328726e-11 1.316087e-11 75.000000 77
8538886373.081871 1.321939e-11 1.308707e-11 75.000000 77
8799532349.666515 1.315202e-11 1.301395e-11 75.000000 77
9060178326.251160 1.308514e-11 1.294149e-11 75.000000 77
9320824302.835804 1.301873e-11 1.286967e-11 75.000000 77
9581470279.420448 1.295278e-11 1.279847e-11 75.000000 77
9842116256.005093 1.288729e-11 1.272788e-11 75.000000 77
10102762232.589737 1.282223e-11 1.265787e-11 75.000000 77
10363408209.174381 1.275760e-11 1.258843e-11 75.000000 77
10624054185.759026 1.269338e-11 1.251953e-11 75.000000 77
10884700162.343670 1.262956e-11 1.245117e-11 75.000000 77
11145346138.928314 1.256614e-11 1.238333e-11 75.000000 77
11405992115.512959 1.250308e-11 1.231598e-11 75.000000 77
11666638092.097603 1.244039e-11 1.224911e-11 75.000000 77
11927284068.682247 1.237806e-11 1.218272e-11 75.000000 77
12187930045.266891 1.231606e-11 1.211678e-11 75.000000 77
12448576021.851536 1.225440e-11 1.205129e-11 75.000000 77
12709221998.436180 1.219307e-11 1.198623e-11 75.000000 77
12969867975.020824 1.213205e-11 1.192158e-11 75.000000 77
13230513951.605469 1.207135e-11 1.185735e-11 75.000000 77
13491159928.190113 1.201096e-11 1.179353e-11 75.000000 77
13751805904.774757 1.195085e-11 1.173009e-11 75.000000 77
14012451881.359402 1.189104e-11 1.166704e-11 75.000000 77
14273097857.944046 1.183152e-11 1.160437e-11 75.000000 77
14533743834.528690 1.177229e-11 1.154208e-11 75.000000 77
14794389811.113335 1.171333e-11 1.148015e-11 75.000000 77
15055035787.697979 1.165465e-11 1.141858e-11 75.000000 77
15315681764.282623 1.159625e-11 1.135737e-11 75.000000 77
15576327740.867268 1.153811e-11 1.129650e-11 75.000000 77
15836973717.451912 1.148024e-11 1.123598e-11 75.000000 77
16097619694.036556 1.127239e-11 1.102623e-11 75.000000 77
16749234635.498165 1.113390e-11 1.088320e-11 75.000000 77
17400849576.959774 1.099613e-11 1.074123e-11 75.000000 77
18052464518.421383 1.085922e-11 1.060044e-11 75.000000 77
18704079459.882992 1.072327e-11 1.046094e-11 75.000000 77
19355694401.344601 1.058838e-11 1.032280e-11 75.000000 77
20007309342.806210 1.045461e-11 1.018609e-11 75.000000 77
20658924284.267818 1.032205e-11 1.005088e-11 75.000000 77
21310539225.729427 1.019075e-11 9.917199e-12 75.000000 77
21962154167.191036 1.006076e-11 9.785095e-12 75.000000 77
22613769108.652645 9.932118e-12 9.654594e-12 75.000000 77
23265384050.114254 9.804856e-12 9.525716e-12 75.000000 77
23916998991.575863 9.679003e-12 9.398478e-12 75.000000 77
24568613933.037472 9.554584e-12 9.272893e-12 75.000000 77
25220228874.499081 9.431616e-12 9.148967e-12 75.000000 77
25871843815.960690 9.310109e-12 9.026700e-12 75.000000 77
26523458757.422298 9.190075e-12 8.906093e-12 75.000000 77
27175073698.883907 9.071519e-12 8.787140e-12 75.000000 77
27826688640.345516 8.954444e-12 8.669835e-12 75.000000 77
28478303581.807125 8.838852e-12 8.554170e-12 75.000000 77
29129918523.268734 8.724736e-12 8.440132e-12 75.000000 77
29781533464.730343 8.612096e-12 8.327707e-12 75.000000 77
30433148406.191952 8.500926e-12 8.216885e-12 75.000000 77
31084763347.653561 8.391217e-12 8.107648e-12 75.000000 77
31736378289.115170 8.282958e-12 7.999977e-12 75.000000 77
32387993230.576778 8.176143e-12 7.893859e-12 75.000000 77
33039608172.038387 8.070759e-12 7.789274e-12 75.000000 77
33691223113.499996 7.966793e-12 7.686203e-12 75.000000 77
34342838054.961605 7.864231e-12 7.584626e-12 75.000000 77
34994452996.423218 7.763058e-12 7.484522e-12 75.000000 77
35646067937.884827 7.663265e-12 7.385877e-12 75.000000 77
36297682879.346436 7.564830e-12 7.288661e-12 75.000000 77
36949297820.808044 7.467742e-12 7.192861e-12 75.000000 77
37600912762.269653 7.371983e-12 7.098453e-12 75.000000 77
38252527703.731262 7.277538e-12 7.005417e-12 75.000000 77
38904142645.192871 7.184389e-12 6.913731e-12 75.000000 77
39555757586.654480 7.092518e-12 6.823374e-12 75.000000 77
40207372528.116089 7.001913e-12 6.734329e-12 75.000000 77
40858987469.577698 6.912552e-12 6.646572e-12 75.000000 77
41510602411.039307 6.824419e-12 6.560082e-12 75.000000 77
42162217352.500916 6.737499e-12 6.474840e-12 75.000000 77
42813832293.962524 6.651774e-12 6.390827e-12 75.000000 77
43465447235.424133 6.567224e-12 6.308020e-12 75.000000 77
44117062176.885742 6.483835e-12 6.226401e-12 75.000000 77
44768677118.347351 6.401591e-12 6.145951e-12 75.000000 77
45420292059.808960 6.320471e-12 6.066648e-12 75.000000 77
46071907001.270569 6.240463e-12 5.988477e-12 75.000000 77
46723521942.732178 6.161548e-12 5.911418e-12 75.000000 77
47375136884.193787 6.083709e-12 5.835450e-12 75.000000 77
48026751825.655396 6.006932e-12 5.760558e-12 75.000000 77
48678366767.117004 5.931198e-12 5.686722e-12 75.000000 77
49329981708.578613 5.856495e-12 5.613926e-12 75.000000 77
49981596650.040222 5.782802e-12 5.542150e-12 75.000000 77
50633211591.501831 5.710108e-12 5.471380e-12 75.000000 77
51284826532.963440 5.638397e-12 5.401598e-12 75.000000 77
51936441474.425049 5.567651e-12 5.332786e-12 75.000000 77
52588056415.886658 5.497858e-12 5.264930e-12 75.000000 77
53239671357.348267 5.429002e-12 5.198014e-12 75.000000 77
53891286298.809875 5.361070e-12 5.132022e-12 75.000000 77
54542901240.271484 5.294124e-12 5.067011e-12 75.000000 77
55194516181.733093 5.228094e-12 5.002915e-12 75.000000 77
55846131123.194702 5.162945e-12 4.939697e-12 75.000000 77
56497746064.656311 5.098659e-12 4.877340e-12 75.000000 77
57149361006.117920 5.035226e-12 4.815831e-12 75.000000 77
57800975947.579529 4.972631e-12 4.755157e-12 75.000000 77
58452590889.041138 4.910864e-12 4.695305e-12 75.000000 77
59104205830.502747 4.849908e-12 4.636258e-12 75.000000 77
59755820771.964355 4.789755e-12 4.578008e-12 75.000000 77
60407435713.425964 4.730389e-12 4.520538e-12 75.000000 77
61059050654.887573 4.671800e-12 4.463837e-12 75.000000 77
61710665596.349182 4.613976e-12 4.407893e-12 75.000000 77
62362280537.810791 4.556904e-12 4.352691e-12 75.000000 77
63013895479.272400 4.350023e-12 4.168149e-12 75.000000 77
64642932832.926422 4.222957e-12 4.045302e-12 75.000000 77
66271970186.580444 4.099283e-12 3.925796e-12 75.000000 77
67901007540.234467 3.978930e-12 3.809552e-12 75.000000 77
69530044893.888489 3.861822e-12 3.696494e-12 75.000000 77
71159082247.542511 3.747885e-12 3.586544e-12 75.000000 77
72788119601.196533 3.637042e-12 3.479623e-12 75.000000 77
74417156954.850555 3.529221e-12 3.375656e-12 75.000000 77
76046194308.504578 3.424347e-12 3.274569e-12 75.000000 77
77675231662.158600 3.322350e-12 3.176288e-12 75.000000 77
79304269015.812622 3.223154e-12 3.080739e-12 75.000000 77
80933306369.466644 3.126692e-12 2.987851e-12 75.000000 77
82562343723.120667 3.032892e-12 2.897555e-12 75.000000 77
84191381076.774689 2.941685e-12 2.809781e-12 75.000000 77
85820418430.428711 2.853009e-12 2.724465e-12 75.000000 77
87449455784.082733 2.766791e-12 2.641536e-12 75.000000 77
89078493137.736755 2.682971e-12 2.560934e-12 75.000000 77
90707530491.390778 2.601484e-12 2.482595e-12 75.000000 77
92336567845.044800 2.522268e-12 2.406456e-12 75.000000 77
93965605198.698822 2.445263e-12 2.332459e-12 75.000000 77
95594642552.352844 2.370409e-12 2.260545e-12 75.000000 77
97223679906.006866 2.297648e-12 2.190655e-12 75.000000 77
98852717259.660889 2.226925e-12 2.122738e-12 75.000000 77
100481754613.314911 2.158183e-12 2.056734e-12 75.000000 77
102110791966.968933 2.091370e-12 1.992596e-12 75.000000 77
103739829320.622955 2.026432e-12 1.930268e-12 75.000000 77
105368866674.276978 1.963318e-12 1.869702e-12 75.000000 77
106997904027.931000 1.901979e-12 1.810849e-12 75.000000 77
108626941381.585022 1.842367e-12 1.753662e-12 75.000000 77
110255978735.239044 1.784432e-12 1.698092e-12 75.000000 77
111885016088.893066 1.584006e-12 1.512640e-12 75.000000 77
115957609473.028122 1.476325e-12 1.409519e-12 75.000000 77
120030202857.163177 1.375151e-12 1.312651e-12 75.000000 77
124102796241.298233 1.280075e-12 1.221638e-12 75.000000 77
128175389625.433289 1.190721e-12 1.136116e-12 75.000000 77
132247983009.568344 1.106736e-12 1.055743e-12 75.000000 77
136320576393.703400 1.027786e-12 9.801983e-13 75.000000 77
140393169777.838470 9.535625e-13 9.091838e-13 75.000000 77
144465763161.973541 8.837783e-13 8.424222e-13 75.000000 77
148538356546.108612 8.202329e-13 8.200881e-13 75.000000 30
152610949930.243683 8.041048e-13 8.039629e-13 75.000000 30
156683543314.378754 7.886114e-13 7.872006e-13 75.000000 30
160756136698.513824 7.737130e-13 7.710803e-13 75.000000 30
164828730082.648895 7.593785e-13 7.570280e-13 75.000000 30
168901323466.783966 7.455742e-13 7.434889e-13 75.000000 30
172973916850.919037 7.322703e-13 7.304344e-13 75.000000 30
177046510235.054108 6.744159e-13 6.726291e-13 75.000000 30
187227993695.391754 6.502403e-13 6.487979e-13 75.000000 30
197409477155.729401 6.275261e-13 6.263880e-13 75.000000 30
207590960616.067047 6.061233e-13 6.052542e-13 75.000000 30
217772444076.404694 5.858999e-13 5.852686e-13 75.000000 30
227953927536.742340 5.667383e-13 5.663175e-13 75.000000 30
238135410997.079987 5.485396e-13 5.483050e-13 75.000000 30
248316894457.417633 5.312106e-13 5.311410e-13 75.000000 30
258498377917.755280 5.147526e-13 5.147502e-13 65.000000 29
268679861378.092926 4.990688e-13 4.990654e-13 65.000000 29
278861344838.430603 4.883301e-13 4.882939e-13 135.000000 36
289042828298.768250 4.789848e-13 4.788434e-13 135.000000 36
299224311759.105896 4.695783e-13 4.695495e-13 135.000000 36
309405795219.443542 4.609931e-13 4.608608e-13 135.000000 27
319587278679.781189 4.523302e-13 4.521257e-13 135.000000 27
329768762140.118835 4.435905e-13 4.433222e-13 135.000000 27
339950245600.456482 4.348073e-13 4.344808e-13 135.000000 27
350131729060.794128 4.260051e-13 4.256269e-13 135.000000 27
360313212521.131775 4.172058e-13 4.167814e-13 135.000000 27
370494695981.469421 4.084331e-13 4.079662e-13 135.000000 27
380676179441.807068 3.997029e-13 3.991983e-13 135.000000 27
390857662902.144714 3.910267e-13 3.904879e-13 135.000000 27
401039146362.482361 3.824224e-13 3.818524e-13 135.000000 27
411220629822.820007 3.738980e-13 3.733001e-13 135.000000 27
421402113283.157654 3.654643e-13 3.648417e-13 135.000000 27
431583596743.495300 3.571321e-13 3.564871e-13 135.000000 27
441765080203.832947 3.489064e-13 3.482404e-13 135.000000 27
451946563664.170593 3.407918e-13 3.401069e-13 135.000000 27
462128047124.508240 3.327969e-13 3.320957e-13 135.000000 27
472309530584.845886 3.249246e-13 3.242277e-13 135.000000 27
482491014045.183533 3.171744e-13 3.164995e-13 135.000000 27
492672497505.521179 3.095571e-13 3.089002e-13 135.000000 27
502853980965.858826 3.020678e-13 3.014322e-13 135.000000 27
513035464426.196472 2.947069e-13 2.940907e-13 135.000000 27
523216947886.534119 2.874849e-13 2.868862e-13 135.000000 27
533398431346.871765 2.420416e-13 2.415563e-13 135.000000 27
558852139997.715942 2.298510e-13 2.293633e-13 135.000000 27
584305848648.560059 2.179963e-13 2.175195e-13 135.000000 27
609759557299.404175 2.065122e-13 2.060473e-13 135.000000 27
635213265950.248291 1.954235e-13 1.949708e-13 135.000000 27
660666974601.092407 1.847485e-13 1.843092e-13 135.000000 27
686120683251.936523 1.744917e-13 1.740642e-13 135.000000 27
711574391902.780640 1.646618e-13 1.642489e-13 135.000000 27
737028100553.624756 1.552584e-13 1.548584e-13 135.000000 27
762481809204.468872 1.546253e-13 1.479905e-13 75.000000 77
787935517855.312988 1.561484e-13 1.494623e-13 75.000000 77
813389226506.157104 1.573266e-13 1.506049e-13 75.000000 77
838842935157.001221 1.582214e-13 1.514770e-13 75.000000 77
864296643807.845337 1.588845e-13 1.521278e-13 75.000000 77
889750352458.689453 1.593578e-13 1.525976e-13 75.000000 77
915204061109.533569 1.596749e-13 1.529183e-13 75.000000 77
940657769760.377686 1.598654e-13 1.531182e-13 75.000000 77
966111478411.221802 1.599522e-13 1.532192e-13 75.000000 77
991565187062.065918 1.599547e-13 1.532398e-13 75.000000 77
1017018895712.910034 1.598884e-13 1.531947e-13 75.000000 77
1042472604363.754150 1.597668e-13 1.530969e-13 75.000000 77
1067926313014.598267 1.595999e-13 1.529560e-13 75.000000 77
1093380021665.442383 1.593964e-13 1.527802e-13 75.000000 77
1118833730316.286621 1.591637e-13 1.525766e-13 75.000000 77
1144287438967.130859 1.589068e-13 1.523501e-13 75.000000 77
1169741147617.975098 1.586312e-13 1.521057e-13 75.000000 77
1195194856268.819336 1.583401e-13 1.518467e-13 75.000000 77
1220648564919.663574 1.580363e-13 1.515756e-13 75.000000 77
1246102273570.507812 1.577237e-13 1.512962e-13 75.000000 77
1271555982221.352051 1.574021e-13 1.510085e-13 75.000000 77
1297009690872.196289 1.570750e-13 1.507154e-13 75.000000 77
1322463399523.040527 1.567430e-13 1.504179e-13 75.000000 77
1347917108173.884766 1.564068e-13 1.501164e-13 75.000000 77
1373370816824.729004 1.560678e-13 1.498123e-13 75.000000 77
1398824525475.573242 1.557261e-13 1.495058e-13 75.000000 77
1424278234126.417480 1.553824e-13 1.491975e-13 75.000000 77
1449731942777.261719 1.550374e-13 1.488881e-13 75.000000 77
1475185651428.105957 1.546908e-13 1.485771e-13 75.000000 77
1500639360078.950195 1.543434e-13 1.482656e-13 75.000000 77
1526093068729.794434 1.539957e-13 1.479539e-13 75.000000 77
1551546777380.638672 1.536463e-13 1.476407e-13 75.000000 77
1577000486031.482910 1.532968e-13 1.473275e-13 75.000000 77
1602454194682.327148 1.529470e-13 1.470140e-13 75.000000 77
1627907903333.171387 1.525967e-13 1.467002e-13 75.000000 77
1653361611984.015625 1.522455e-13 1.463857e-13 75.000000 77
1678815320634.859863 1.518945e-13 1.460715e-13 75.000000 77
1704269029285.704102 1.515434e-13 1.457573e-13 75.000000 77
1729722737936.548340 1.511917e-13 1.454425e-13 75.000000 77
1755176446587.392578 1.508392e-13 1.451271e-13 75.000000 77
1780630155238.236816 1.504873e-13 1.448124e-13 75.000000 77
1806083863889.081055 1.501338e-13 1.444962e-13 75.000000 77
1831537572539.925293 1.497813e-13 1.441812e-13 75.000000 77
1856991281190.769531 1.494280e-13 1.438654e-13 75.000000 77
1882444989841.613770 1.490743e-13 1.435494e-13 75.000000 77
1907898698492.458008 1.487199e-13 1.432326e-13 75.000000 77
1933352407143.302246 1.483656e-13 1.429162e-13 75.000000 77
1958806115794.146484 1.480111e-13 1.425997e-13 75.000000 77
1984259824444.990723 1.476559e-13 1.422825e-13 75.000000 77
2009713533095.834961 1.473002e-13 1.419651e-13 75.000000 77
2035167241746.679199 1.469452e-13 1.416483e-13 75.000000 77
2060620950397.523438 1.465890e-13 1.413305e-13 75.000000 77
2086074659048.367676 1.462324e-13 1.410124e-13 75.000000 77
2111528367699.211914 1.458540e-13 1.406734e-13 75.000000 77
2136982076350.056152 1.454636e-13 1.403230e-13 75.000000 77
2162435785000.900391 1.450779e-13 1.399771e-13 75.000000 77
2187889493651.744629 1.446959e-13 1.396348e-13 75.000000 77
2213343202302.588867 1.443173e-13 1.392960e-13 75.000000 77
2238796910953.433105 1.439412e-13 1.389596e-13 75.000000 77
2264250619604.277344 1.435682e-13 1.386263e-13 75.000000 77
2289704328255.121582 1.431975e-13 1.382951e-13 75.000000 77
2315158036905.965820 1.428276e-13 1.379649e-13 75.000000 77
2340611745556.810059 1.424594e-13 1.376364e-13 75.000000 77
2366065454207.654297 1.420920e-13 1.373087e-13 75.000000 77
2391519162858.498535 1.417259e-13 1.369823e-13 75.000000 77
2416972871509.342773 1.413612e-13 1.366573e-13 75.000000 77
2442426580160.187012 1.409959e-13 1.363319e-13 75.000000 77
2467880288811.031250 1.406315e-13 1.360074e-13 75.000000 77
2493333997461.875488 1.402678e-13 1.356836e-13 75.000000 77
2518787706112.719727 1.399032e-13 1.353590e-13 75.000000 77
2544241414763.563965 1.395402e-13 1.350360e-13 75.000000 77
2569695123414.408203 1.391764e-13 1.347123e-13 75.000000 77
2595148832065.252441 1.388129e-13 1.343889e-13 75.000000 77
2620602540716.096680 1.384493e-13 1.340655e-13 75.000000 77
2646056249366.940918 1.380858e-13 1.337423e-13 75.000000 77
2671509958017.785156 1.377216e-13 1.334185e-13 75.000000 77
2696963666668.629395 1.373574e-13 1.330947e-13 75.000000 77
2722417375319.473633 1.369935e-13 1.327712e-13 75.000000 77
2747871083970.317871 1.366296e-13 1.324477e-13 75.000000 77
2773324792621.162109 1.362652e-13 1.321239e-13 75.000000 77
2798778501272.006348 1.301844e-13 1.227192e-13 455.000000 54
2824232209922.850586 1.298354e-13 1.223113e-13 455.000000 54
2849685918573.694824 1.294427e-13 1.218791e-13 455.000000 54
2875139627224.539062 1.290242e-13 1.214370e-13 455.000000 54
2900593335875.383301 1.285931e-13 1.209949e-13 455.000000 54
2926047044526.227539 1.281601e-13 1.205613e-13 455.000000 54
2951500753177.071777 1.277307e-13 1.201395e-13 455.000000 54
2976954461827.916016 1.273106e-13 1.197335e-13 455.000000 54
3002408170478.760254 1.269017e-13 1.193442e-13 455.000000 54
3027861879129.604492 1.265037e-13 1.189702e-13 455.000000 54
3053315587780.448730 1.261204e-13 1.186142e-13 455.000000 54
3078769296431.292969 1.257516e-13 1.198719e-13 455.000000 54
3104223005082.137207 1.253935e-13 1.219684e-13 455.000000 54
3129676713732.981445 1.250518e-13 1.236219e-13 455.000000 54
3155130422383.825684 1.248962e-13 1.247205e-13 75.000000 77
3180584131034.669922 1.259162e-13 1.187522e-13 455.000000 54
3206037839685.514160 1.255970e-13 1.184290e-13 455.000000 54
3231491548336.358398 1.252628e-13 1.180999e-13 455.000000 54
3256945256987.202637 1.249174e-13 1.177673e-13 455.000000 54
3282398965638.046875 1.245721e-13 1.174405e-13 455.000000 54
3307852674288.891113 1.242265e-13 1.171184e-13 455.000000 54
3333306382939.735352 1.238834e-13 1.168028e-13 455.000000 54
3358760091590.579590 1.235472e-13 1.164972e-13 455.000000 54
3384213800241.423828 1.232157e-13 1.182766e-13 455.000000 54
3409667508892.268066 1.228894e-13 1.198920e-13 455.000000 54
3435121217543.112305 1.225739e-13 1.211532e-13 455.000000 54
3460574926193.956543 1.222629e-13 1.221213e-13 455.000000 54
3486028634844.800781 1.228474e-13 1.219589e-13 75.000000 77
3511482343495.645020 1.233762e-13 1.216604e-13 75.000000 77
3536936052146.489258 1.237401e-13 1.213672e-13 75.000000 77
3562389760797.333496 1.239696e-13 1.210798e-13 75.000000 77
3587843469448.177734 2.339714e-12 2.269778e-12 75.000000 77
3613297178099.021973 9.281632e-12 9.168998e-12 75.000000 77
3641296257614.950684 4.935542e-12 4.401255e-12 65.000000 65
3660895613276.100586 5.343495e-12 4.294000e-12 45.000000 77
3682454904503.365723 1.076105e-12 1.013035e-12 55.000000 1
3704014195730.630859 4.251002e-13 4.248180e-13 65.000000 30
3736353132571.528320 3.377020e-13 3.374267e-13 75.000000 30
3784861537832.874512 2.618957e-13 2.618770e-13 75.000000 30
3857624145724.893555 1.902085e-13 1.902029e-13 75.000000 30
3966768057562.922363 1.261386e-13 1.261381e-13 65.000000 30
4130483925319.965820 7.413141e-14 7.413019e-14 65.000000 29
4376057726955.530762 3.799695e-14 3.799661e-14 65.000000 29
4744418429408.878906 1.762631e-14 1.762434e-14 65.000000 30
5296959483088.900391 1.370764e-14 1.305281e-14 455.000000 54
6402041590448.943359 1.113347e-14 1.061857e-14 65.000000 77
8059664751489.007812 8.163569e-15 7.749686e-15 65.000000 77
10546099493049.105469 5.121028e-15 4.836769e-15 65.000000 77
14275751605389.250000 5.023200e-15 4.987902e-15 455.000000 54
19870229773899.468750 4.431840e-15 4.143130e-15 65.000000 77
28261947026664.796875 8.492881e-16 8.162228e-16 455.000000 54
39171179455259.718750 5.636973e-16 5.315649e-16 65.000000 77
60989644312449.562500 1.803645e-16 1.689609e-16 65.000000 77
93717341598234.343750 7.538373e-17 7.104600e-17 65.000000 77
159172736169803.875000 3.648109e-17 3.436728e-17 65.000000 77
290083525312943.000000 1.901940e-17 1.792602e-17 65.000000 77
551905103599221.187500 1.059196e-17 9.982581e-18 65.000000 77
1075548260171777.500000 5.983527e-18 5.639981e-18 65.000000 77
2122834573316890.250000 3.461765e-18 3.262930e-18 65.000000 77
4217407199607116.000000 1.992136e-18 1.896966e-18 65.000000 77
8406552452187567.000000 1.166140e-18 1.099190e-18 65.000000 77
16784842957348468.000000 6.729754e-19 6.438379e-19 65.000000 77
33541423967670272.000000 5.279053e-19 4.975992e-19 65.000000 77
58676295483152976.000000 4.054520e-19 3.892024e-19 65.000000 77
96378602756377024.000000 3.193343e-19 3.010002e-19 65.000000 77
152932063666213120.000000 2.443283e-19 2.354986e-19 65.000000 77
237762255030967232.000000 1.934139e-19 1.823070e-19 65.000000 77
365007542078098432.000000 1.471921e-19 1.426489e-19 65.000000 77
555875472648795200.000000 1.173196e-19 1.105798e-19 65.000000 77
842177368504840320.000000 1.022477e-19 9.980494e-20 65.000000 77
1214369833117699072.000000 9.488898e-20 8.943362e-20 65.000000 77
1698220037114415360.000000 8.185358e-20 8.068711e-20 65.000000 77
2327225302310146560.000000 1.039433e-19 8.674835e-20 45.000000 77
3019131094025451008.000000 1.161744e-19 1.116805e-19 455.000000 54
3780227464912285696.000000 1.256169e-19 1.171317e-19 65.000000 77
4617433472887803904.000000 1.462944e-19 1.371958e-19 65.000000 77
5454639480863322112.000000 1.766677e-19 1.684711e-19 455.000000 54
6291845488838840320.000000 2.266072e-19 2.146083e-19 65.000000 77
7129051496814358528.000000 1.486145e-19 1.428171e-19 65.000000 77
7882536903992325120.000000 1.311219e-19 1.259498e-19 455.000000 54
8636022311170291712.000000 1.572552e-19 1.507618e-19 455.000000 54
9464856259066054656.000000 2.008368e-19 1.903405e-19 65.000000 77
10293690206961817600.000000 1.216108e-19 1.214258e-19 65.000000 77
11039640760068003840.000000 8.911439e-20 8.555892e-20 455.000000 54
11860186368484808704.000000 9.886040e-20 9.768843e-20 455.000000 54
12762786537743294464.000000 1.059339e-19 1.007400e-19 65.000000 77
13755646723927629824.000000 5.062040e-20 4.233517e-20 45.000000 77
14748506910111965184.000000 3.578911e-20 3.366382e-20 65.000000 77
15840653114914734080.000000 1.985349e-20 1.858299e-20 65.000000 77
17260443181158332416.000000 1.505046e-20 1.471964e-20 65.000000 77
19390128280523730944.000000 1.396798e-20 1.316595e-20 65.000000 77
22158718909698748416.000000 1.209272e-20 1.185680e-20 65.000000 77
25757886727626272768.000000 1.411518e-20 1.173810e-20 45.000000 77
30436804890932051968.000000 1.930682e-20 1.857192e-20 455.000000 54
35583614870568411136.000000 5.745391e-25 5.460500e-25 455.000000 54
38414360359368409088.000000 2.298201e-26 2.184242e-26 455.000000 54
52568087803368398848.000000 9.192788e-28 8.736953e-28 455.000000 54
123336725023368347648.000000 3.677052e-29 3.494721e-29 455.000000 54
477179911123368083456.000000 1.470826e-30 1.397894e-30 455.000000 54
2246395841623366828032.000000 5.883347e-32 5.591614e-32 455.000000 54
11092475494123360485376.000000 2.353371e-33 2.236677e-33 455.000000 54
55322873756623331917824.000000 9.413326e-35 8.946555e-35 455.000000 54
276474865069123197468672.000000 3.765332e-36 3.578624e-36 455.000000 54
1382234821631622357450752.000000 1.506153e-37 1.431469e-37 455.000000 54
6911034604444117855371264.000000 6.024580e-39 5.725844e-39 455.000000 54
34555033518506595613409280.000000 2.409818e-40 2.290324e-40 455.000000 54
172775028088818981182373888.000000 9.639136e-42 9.161168e-42 455.000000 54
863875000940380951976869888.000000 3.855649e-43 3.664462e-43 455.000000 54
4319374865198190634150658048.000000 1.542287e-44 1.465811e-44 455.000000 54
21596874186487239457336459264.000000 6.169092e-46 5.863191e-46 455.000000 54
107984370792932475326928257024.000000 2.467662e-47 2.345300e-47 455.000000 54
539921853825158733839724445696.000000 9.870621e-49 9.381175e-49 455.000000 54
2699609268986290167141193744384.000000 3.948214e-50 3.752437e-50 455.000000 54
13498046344791947896598493659136.000000 1.579288e-51 1.500977e-51 455.000000 54
67490231723820240484534667182080.000000 6.317213e-53 6.003966e-53 455.000000 54
337451158618961698920615907426304.000000 2.526867e-54 2.401569e-54 455.000000 54
1687255793094668919043428070719488.000000 1.010737e-55 9.606184e-56 455.000000 54
8436278965473204803484706773401600.000000 4.042974e-57 3.842499e-57 455.000000 54
42181394827365883360999971831676928.000000 1.617216e-58 1.537024e-58 455.000000 54
210906974136829315347907453755850752.000000 6.468766e-60 6.148005e-60 455.000000 54
1054534870684146392272096531683737600.000000 2.587536e-61 2.459230e-61 455.000000 54
5272674353420731961360482658418688000.000000 1.035005e-62 9.836829e-63 455.000000 54
26363371767103658626210792574682136576.000000 4.139997e-64 3.934710e-64 455.000000 54
131816858835518293131053962873410682880.000000 1.656014e-65 1.573898e-65 455.000000 54
659084294177591465655269814367053414400.000000 6.624094e-67 6.295631e-67 455.000000 54
3295421470887957328276349071835267072000.000000 2.649644e-68 2.518258e-68 455.000000 54
16477107354439786641381745359176335360000.000000 1.059847e-69 1.007293e-69 455.000000 54
82385536772198938042612005254398375624704.000000 4.239372e-71 4.029158e-71 455.000000 54
411927683860994728898686253940125468721152.000000 1.695743e-72 1.611658e-72 455.000000 54
2059638419304973799235936180373161705996288.000000 6.783032e-74 6.446687e-74 455.000000 54
10298192096524868996179680901865808529981440.000000 2.713222e-75 2.578684e-75 455.000000 54
51490960482624348694718522365469867347279872.000000 1.085282e-76 1.031467e-76 455.000000 54
257454802413121723666551983261264938350411776.000000 4.341179e-78 4.125917e-78 455.000000 54
1287274012065608697560922430570662285296009216.000000 1.736450e-79 1.650346e-79 455.000000 54
6436370060328043804717262209910661800655847424.000000 6.945988e-81 6.601563e-81 455.000000 54
32181850301640220291236911277782710499982442496.000000 2.778304e-82 2.640539e-82 455.000000 54
160909251508201096385582155475995946513099390976.000000 1.111323e-83 1.056217e-83 455.000000 54
804546257541005522492729984683320580459999526912.000000 4.445340e-85 4.224912e-85 455.000000 54
4022731287705027612463649923416602902299997634560.000000 1.778126e-86 1.689955e-86 455.000000 54
20113656438525139360392464250789921644124070477824.000000 7.112503e-88 6.759821e-88 455.000000 54
100568282192625691609665462719121979690124023169024.000000 2.845012e-89 2.703939e-89 455.000000 54
502841410963128499586702181874230926694590749605888.000000 1.137995e-90 1.081566e-90 455.000000 54
2514207054815642331780011436256670520497071212986368.000000 4.552030e-92 4.326313e-92 455.000000 54
12571035274078210994286059288825416150581825924759552.000000 1.820796e-93 1.730510e-93 455.000000 54
62855176370391060288342279583790572368137370745176064.000000 7.283293e-95 6.922143e-95 455.000000 54
314275881851955280174063465360298895379773889240367104.000000 2.913279e-96 2.768821e-96 455.000000 54
1571379409259776315799725596566878611055217588259782656.000000 1.165312e-97 1.107529e-97 455.000000 54
7856897046298882259563361824711319982025302804835336192.000000 4.661299e-99 4.430163e-99 455.000000 54
39284485231494411297816809123556599910126514024176680960.000000 1.864504e-100 1.772050e-100 455.000000 54
196422426157472040155530433412736753308651413396009254912.000000 7.458030e-102 7.088215e-102 455.000000 54
982112130787360244333795132943807089855206818246377340928.000000 2.983185e-103 2.835260e-103 455.000000 54
4910560653936801047444403801198542156028235086166562439168.000000 1.193294e-104 1.134123e-104 455.000000 54
24552803269684004540323731551910737607149979410571515133952.000000 4.773170e-106 4.536487e-106 455.000000 54
122764016348420025489211807575881580727714681133902763917312.000000 1.909230e-107 1.814558e-107 455.000000 54
613820081742100149746804236410031045174291678317875325566976.000000 7.637028e-109 7.258337e-109 455.000000 54
3069100408710500659531040387927662659728585300995930603913216.000000 3.054805e-110 2.903329e-110 455.000000 54
15345502043552502584031355586658372769499941780232084828192768.000000 1.221921e-111 1.161331e-111 455.000000 54
76727510217762507211166007109452339614355831103179878609977344.000000 4.887635e-113 4.645276e-113 455.000000 54
383637551088812513219866952251903601139203644323977210925940736.000000 1.955090e-114 1.858145e-114 455.000000 54
1918187755444062657443187094440950393426320266387574783125487616.000000 7.820313e-116 7.432534e-116 455.000000 54
9590938777220314017966754137656211068974017690079383743593709568.000000 3.128123e-117 2.973011e-117 455.000000 54
47954693886101570089833770688281055344870088450396918717968547840.000000 1.251228e-118 1.189185e-118 455.000000 54
239773469430507850449168853441405276724350442251984593589842739200.000000 5.004988e-120 4.756810e-120 455.000000 54
1198867347152539158709739478029239618585922917417809709969530945536.000000 2.001985e-121 1.902715e-121 455.000000 54
5994336735762695793548697390146198092929614587089048549847654727680.000000 8.007993e-123 7.610907e-123 455.000000 54
29971683678813477471165810323886402224074804233971430621563349630976.000000 3.203196e-124 3.044362e-124 455.000000 54
149858418394067381369518345112053658158080946363961904597117052125184.000000 1.281282e-125 1.217748e-125 455.000000 54
749292091970336882902348899530754878941232432596228528942786476507136.000000 5.125043e-127 4.870912e-127 455.000000 54
3746460459851684701854658410007935336896229753664114573227517791961088.000000 2.050061e-128 1.948406e-128 455.000000 54
18732302299258422743025521617095247505307635193165981056768027868004352.000000 8.200272e-130 7.793652e-130 455.000000 54
93661511496292110650136526353698520809844121665211538046361894972817408.000000 3.280052e-131 3.117407e-131 455.000000 54
468307557481460577770611285622714337782773042731004628131635429801721856.000000 1.312027e-132 1.246969e-132 455.000000 54
2341537787407302790773341812696684753979655476035235389058873329258070016.000000 5.248090e-134 4.987858e-134 455.000000 54
11707688937036514738504425986818519249371955281134478958088797204294664192.000000 2.099241e-135 1.995148e-135 455.000000 54
58538444685182567415420394547411832411070353198005978688088541557438808064.000000 8.396966e-137 7.980593e-137 455.000000 54
292692223425912862185508914283782217398509458820695557849864485643332091904.000000 3.358772e-138 3.192224e-138 455.000000 54
1463461117129564310927544571418911086992547294103477789249322428216660459520.000000 1.343512e-139 1.276893e-139 455.000000 54
7317305585647821152903211792346986549472213385226738315695863695385093472256.000000 5.374061e-141 5.107582e-141 455.000000 54
36586527928239102550639970443754381663436882243808486534073330911339796758528.000000 2.149616e-142 2.043025e-142 455.000000 54
182932639641195512753199852218771908317184411219042432670366654556698983792640.000000 8.598530e-144 8.172162e-144 455.000000 54
914663198205977589477007969237703950257315533553813803707081173308180283785216.000000 3.439410e-145 3.268863e-145 455.000000 54
4573315991029888050229074678763897385972151577603475579956397468639642878214144.000000 1.375751e-146 1.307533e-146 455.000000 54
22866579955149439428393094733216465852376166609342125408414054526408282716766208.000000 5.503041e-148 5.230166e-148 455.000000 54
114332899775747190559947244381258160642004102817308607111126810097721960189394944.000000 2.201217e-149 2.092067e-149 455.000000 54
571664498878735979127809139045587477689527435004151115279407900625887614524719104.000000 8.804989e-151 8.368384e-151 455.000000 54
2858322494393679895639045695227937388447637175020755576397039503129438072623595520.000000 3.522000e-152 3.347357e-152 455.000000 54
14291612471968399478195228476139686942238185875103777881985197515647190363117977600.000000 1.408786e-153 1.338930e-153 455.000000 54
71458062359841997390976142380698434711190929375518889409925987578235951815589888000.000000 5.635137e-155 5.355712e-155 455.000000 54
357290311799209973474907378328172276222447103367779110231057726620893518526144315392.000000 2.254036e-156 2.142267e-156 455.000000 54
1786451558996049813454643557339581791778205342799634203880999788023322630423501078528.000000 9.016115e-158 8.569040e-158 455.000000 54
8932257794980249714311937798313264030899388802469307186696465081090352698604151373824.000000 3.606454e-159 3.427624e-159 455.000000 54
44661288974901252022432862386848213871874875150859262159036811490645041074282868768768.000000 1.442594e-160 1.371061e-160 455.000000 54
223306444874506273915657005515368644228886100308347215697402001793998315696462791442432.000000 5.770304e-162 5.484176e-162 455.000000 54
1116532224372531259150343478927822622188336705109328839269266454243806695881926376423424.000000 2.308148e-163 2.193696e-163 455.000000 54
5582661121862656295751717394639113110941683525546644196346332271219033479409631882117120.000000 9.232566e-165 8.774759e-165 455.000000 54
27913305609313280595335054584003400763059667256273963067989712918285688336245058764275712.000000 3.693057e-166 3.509933e-166 455.000000 54
139566528046566399442981143363248344648703334795532783684980770840190525438012891236139008.000000 1.477194e-167 1.403945e-167 455.000000 54
697832640232832025484458753270390996576276685864360171664646204210855957135763676862611456.000000 5.908826e-169 5.615830e-169 455.000000 54
3489163201164160353578718057985149169543463524415370884241169821133506425244412149768388608.000000 2.363522e-170 2.246324e-170 455.000000 54
17445816005820801767893590289925745847717317622076854421205849105667532126222060748841943040.000000 9.454036e-172 8.985247e-172 455.000000 54
87229080029104012457970740115759836225179869631881392520716266329605286864159803991495016448.000000 3.781683e-173 3.594164e-173 455.000000 54
436145400145520076763864855243323609072272474245395444262329414853096939252997020946616287232.000000 1.512646e-174 1.437639e-174 455.000000 54
2180727000727600557507458132190911180717839884258839001216624072726330755451361116602775896064.000000 6.050750e-176 5.750717e-176 455.000000 54
10903635003638002324368933711689774209305259386542563593003181701069397619426469551361360920576.000000 2.420283e-177 2.300270e-177 455.000000 54
54518175018190013474518096355507997823662057071719343617335663155596012728453691883416878841856.000000 9.681059e-179 9.201013e-179 455.000000 54
272590875090950089604671615342249510443939407026675025914515371580968359218124588936405285076992.000000 3.872447e-180 3.680428e-180 455.000000 54
1362954375454750448023358076711247552219697035133375129572576857904841796090622944682026425384960.000000 1.548966e-181 1.472159e-181 455.000000 54
6814771877273752002974591625532669533625107877874040364365955694292333827643982675204042624335872.000000 6.195905e-183 5.888673e-183 455.000000 54
34073859386368760014872958127663347668125539389370201821829778471461669138219913376020213121679360.000000 2.478359e-184 2.355467e-184 455.000000 54
170369296931843792485814430381562555061479623417480280037247177309888340801207341337506201525551104.000000 9.913352e-186 9.421787e-186 455.000000 54
851846484659219023137475033961846241540582705322367232761449606928801743125174511028289920290521088.000000 3.965355e-187 3.768728e-187 455.000000 54
4259232423296095358520986698025365072635651879551699494108102916161448872102423772504485252103667712.000000 1.586159e-188 1.507507e-188 455.000000 54
21296162116480476792604933490126825363178259397758497470540514580807244360512118862522426260518338560.000000 6.344533e-190 6.029932e-190 455.000000 54
106480810582402376192349098547717843138043669694716860783075216695478136795310955356994990481757700096.000000 2.537819e-191 2.411978e-191 455.000000 54
532404052912011880961745492738589215690218348473584303915376083477390683976554776784974952408788500480.000000 1.015135e-192 9.647979e-193 455.000000 54
2662020264560059653470345668586267156142215815778341569804955816060812140114762330504623268310630268928.000000 4.060545e-194 3.859198e-194 455.000000 54
13310101322800298267351728342931335780711079078891707849024779080304060700573811652523116341553151344640.000000 1.624222e-195 1.543683e-195 455.000000 54
66550506614001491336758641714656678903555395394458539245123895401520303502869058262615581707765756723200.000000 6.496807e-197 6.174655e-197 455.000000 54
332752533070007480555308556243042217976124888019693021047514715280291954656616182184733765140430809202688.000000 2.598709e-198 2.469849e-198 455.000000 54
1663762665350037530091291302120591481658479965684600170954348180522475438041858995572500060910698182475776.000000 1.039493e-199 9.879482e-200 455.000000 54
8318813326750188159715450594224478975403821930767541117638839319096439849244407316457825245387667458228224.000000 4.157946e-201 3.951769e-201 455.000000 54
41594066633750942835613229305608481145464798063215866639662590261418449882362485936670425990275043474538496.000000 1.663187e-202 1.580716e-202 455.000000 54
207970333168754714178066146528042405727323990316079333198312951307092249411812429683352129951375217372692480.000000 6.652832e-204 6.322944e-204 455.000000 54
1039851665843773570890330732640212028636619951580396665991564756535461247059062148416760649756876086863462400.000000 2.661121e-205 2.529166e-205 455.000000 54
5199258329218867984821956148608169664363623816102185637251800977297226276008299500764206433637929630054744064.000000 1.064444e-206 1.011662e-206 455.000000 54
25996291646094337838184940976527095982929734149307691269555369772567410728633677364934581210532861018474807296.000000 4.257739e-208 4.046614e-208 455.000000 54
129981458230471689190924704882635479914648670746538456347776848862837053643168386824672906052664305092374036480.000000 1.703114e-209 1.618663e-209 455.000000 54
649907291152358512704218396941617474417671671531195863073400567959584329060892178567730960908338713679435399168.000000 6.812430e-211 6.474628e-211 455.000000 54
3249536455761792563521091984708087372088358357655979315367002839797921645304460892838654804541693568397176995840.000000 2.724970e-212 2.589850e-212 455.000000 54
16247682278808963885598977883995478057952644873055953878187275377315993200043108375303136913028742853466928447488.000000 1.090005e-213 1.035956e-213 455.000000 54
81238411394044815156020817578157225499719812026175540185527332173274426106132326232076233003862614221410468364288.000000 4.360017e-215 4.143821e-215 455.000000 54
406192056970224092868000375258066786658772709487294617749272839719594290106994493738138971264437471290749037314048.000000 1.743983e-216 1.657506e-216 455.000000 54
2030960284851120327636831577352088660012474352585137754173274767772194173924309568068632406361192154984171622629376.000000 6.975909e-218 6.630000e-218 455.000000 54
10154801424255601091371476691007462206936814983520347432574016115557861763178896237854912231961979969042563857383424.000000 2.790415e-219 2.652049e-219 455.000000 54
50774007121278005456857383455037311034684074917601737162870080577789308815894481189274561159809899845212819286917120.000000 1.116150e-220 1.060804e-220 455.000000 54
253870035606390027284286917275186555173420374588008685814350402888946544079472405946372805799049499226064096434585600.000000 4.464609e-222 4.243226e-222 455.000000 54
1269350178031950206413457779432314355787173140703927120373173803027530686022021434850360003375277039282742146910650368.000000 1.785856e-223 1.697302e-223 455.000000 54
6346750890159751032067288897161571778935865703519635601865869015137653430110107174251800016876385196413710734553251840.000000 7.143416e-225 6.789202e-225 455.000000 54
31733754450798754040464073396905753615958188233376038948506596458363499700555985389363064494301453291629807036962701312.000000 2.857355e-226 2.715670e-226 455.000000 54
158668772253993765722830882628920346964906380029991638499241987822518428702801725019231580111185375696394048641599275008.000000 1.142938e-227 1.086264e-227 455.000000 54
793343861269968864450070287989469103743608389245066642442537894866984701913834240516827839438502004576010135553710227456.000000 4.571836e-229 4.345136e-229 455.000000 54
3966719306349844608937678438706284470070653858986200811783313120370063976767776125949498708253111031632369816534261956608.000000 1.828703e-230 1.738024e-230 455.000000 54
19833596531749223044688392193531422350353269294931004058916565601850319883838880629747493541265555158161849082671309783040.000000 7.314755e-232 6.952044e-232 455.000000 54
99167982658746122103937808937871646584229032380915842684277795514094970631960921309506095971782200000864904743733608579072.000000 2.925897e-233 2.780813e-233 455.000000 54
495839913293730592171700116768786140034577999487883687048869064224225863259093891452147471151032535444176098837662550458368.000000 1.170374e-234 1.112339e-234 455.000000 54
2479199566468653034250456295526219071719158647106200540734424974506125275898312317642269390586676535461474193712334722039808.000000 4.681477e-236 4.449340e-236 455.000000 54
12395997832343264584116635784172788386225644038196745859751487645450658702668818705159090674281271811382621372369497852215296.000000 1.872579e-237 1.779725e-237 455.000000 54
61979989161716325269125761694697169820608816980320756674439987135573164220635065058004478486014802520612105246616192293011456.000000 7.490344e-239 7.118926e-239 455.000000 54
309899945808581645133969470664151672218888859216300002377660326944424786761503097547694593346941560312652513311230585720537088.000000 2.996114e-240 2.847548e-240 455.000000 54
1549499729042908375976572650846084946021202490599069763931984764854595659074137665799850574069648183239998463181349922646523904.000000 1.198454e-241 1.139027e-241 455.000000 54
7747498645214541879882863254230424730106012452995348819659923824272978295370688328999252870348240916199992315906749613232619520.000000 4.793798e-243 4.556092e-243 455.000000 54
38737493226072711804321921031557349009358193377257860130998549203484439081119396493978306069100250687827735925536899970864513024.000000 1.917529e-244 1.822446e-244 455.000000 54
193687466130363539782348767074544942176165917988040372393401305360465814571469343678035196606628884584516484859659284616711241728.000000 7.670068e-246 7.289738e-246 455.000000 54
968437330651817698911743835372724710880829589940201861967006526802329072857346718390175983033144422922582424298296423083556208640.000000 3.068015e-247 2.915884e-247 455.000000 54
4842186653259088648472805881529557977369148340887000735927764159267296410959754702285730585076701065449889679635683837318671630336.000000 1.227217e-248 1.166364e-248 455.000000 54
24210933266295441395394988951656576811265737010203106566526042493268669494722520187410444886451757917205717700447998523782671106048.000000 4.908939e-250 4.665524e-250 455.000000 54
121054666331477197126473395659663080986568660015112081562695394849981680486539249875621781557956136732462024781011082417256357953536.000000 1.963558e-251 1.866193e-251 455.000000 54
605273331657385946230360781903836192653803199931946602733737703784461734484402845132387136292570072248043869020139771279653799460864.000000 7.854176e-253 7.464718e-253 455.000000 54
3026366658286929731151803909519180963269015999659733013668688518922308672422014225661935681462850361240219345100698856398268997304320.000000 3.141698e-254 2.985913e-254 455.000000 54
15131833291434648655759019547595904816345079998298665068343442594611543362110071128309678407314251806201096725503494281991344986521600.000000 1.256666e-255 1.194353e-255 455.000000 54
75659166457173245800523494307226193667583966400684608866820526282846303559241133513274585412392738161518523940152072421580916312244224.000000 5.026689e-257 4.777434e-257 455.000000 54
378295832285866259263358230367091003368222628913718446635342391131694558780495002027087247571821440373749103452375574247394878116855808.000000 2.010669e-258 1.910967e-258 455.000000 54
1891479161429331457707408532267241870336061394756834378783324007484942345818684793925912613911681866221580097270492335980922638880997376.000000 8.042805e-260 7.643993e-260 455.000000 54
9457395807146657934099512183063356765660099974537140476343068244730589936758263104791468573768707988519238806386919538880406187591860224.000000 3.217113e-261 3.057589e-261 455.000000 54
47286979035733292252747439002225373484219671875697576711421134052876462514450672064604964885684734572241547312072429130305202910706794496.000000 1.286828e-262 1.223019e-262 455.000000 54
236434895178666450934737682663492508797421671366440386238282498947488261249615934160434336361058894342626323439810819907913326662543998976.000000 5.147300e-264 4.892066e-264 455.000000 54
1182174475893332172041692314536387674997694852735821952640827124202288895666980261501447777266376243564480312234643493590665130184800206848.000000 2.058941e-265 1.956846e-265 455.000000 54
5910872379466661190736445967806237850946128280064629677406477103152054120659298944710134504487554130417006781030859891748931663435680186368.000000 8.235737e-267 7.827358e-267 455.000000 54
29554361897333305953682229839031189254730641400323148387032385515760270603296494723550672522437770652085033905154299458744658317178400931840.000000 3.294283e-268 3.130932e-268 455.000000 54
147771809486666529768411149195155946273653207001615741935161927578801353016482473617753362612188853260425169525771497293723291585892004659200.000000 1.317726e-269 1.252385e-269 455.000000 54
738859047433332627688264744687824564906976177959405435166859783037007747973650919307781493498981199896071113557968371345697673128712557559808.000000 5.270862e-271 5.009500e-271 455.000000 54
3694295237166663476901979744046405487915518602575799567977496592897023013608437777034672580486315061977231312924067698695188922455522239578112.000000 2.108365e-272 2.003819e-272 455.000000 54
18471476185833318738352522802661158093100143863994087408460273675333052163002921607156423354397211559873659545157241861342746839525449005006848.000000 8.433504e-274 8.015319e-274 455.000000 54
92357380929166588276392117683589267851410515915510078768010205533273512435171677147849874964123512799418285803638595835246525288635893796569088.000000 3.373364e-275 3.206092e-275 455.000000 54
461786904645832941381960588417946339257052579577550393840051027666367562175858385739249374820617563997091429018192979176232626443179468982845440.000000 1.349345e-276 1.282436e-276 455.000000 54
2308934523229164620263875000814267334459819643416386236811596532837569836801805034489331005177287099986256954336603080337687789672035725258784768.000000 5.397361e-278 5.129727e-278 455.000000 54
11544672616145822754735663238969479224997325199196468254503348242210777287699077595618991550183232619934484008665568139514537578184732147672154112.000000 2.158946e-279 2.051892e-279 455.000000 54
57723363080729111001008622074032536546572441852898637836079665835237311268015807363473649945290540059698013939188262600181476929520088909386612736.000000 8.635860e-281 8.207641e-281 455.000000 54
288616815403645555005043110370162682732862209264493189180398329176186556340079036817368249726452700298490069695941313000907384647600444546933063680.000000 3.454303e-282 3.283017e-282 455.000000 54
1443084077018227819387930657783851166918937992611805200884984851893997984428068473920782173522273470132040846145939814562796298620459371998251843584.000000 1.381704e-283 1.313191e-283 455.000000 54
7215420385091139629292234560115708873650213318531097064220842731626772354872421847611201966291486974335290202724498067513093997691782651154297520128.000000 5.526917e-285 5.252859e-285 455.000000 54
36077101925455698146461172800578544368251066592655485321104213658133861774362109238056009831457434871676451013622490337565469988458913255771487600640.000000 2.210741e-286 2.101119e-286 455.000000 54
180385509627278479375450796884035057008070834713206577329874807551324616973526183992791172385444622386647087665556739800912949844385536067379287556096.000000 8.843045e-288 8.404552e-288 455.000000 54
901927548136392442304674252895605944373092166566316283751959080714001852460768368753911369014593319820176107938006546552222349613563801182809039568896.000000 3.537174e-289 3.361779e-289 455.000000 54
4509637740681962211523371264478029721865460832831581418759795403570009262303841843769556845072966599100880539690032732761111748067819005914045197844480.000000 1.414884e-290 1.344726e-290 455.000000 54
22548188703409810330778132026783258060003496276153372740157616330531986030029010038208496111966909669313351984686598103043037134072917096035624360607744.000000 5.659604e-292 5.378966e-292 455.000000 54
112740943517049057468600454498771414694607944484803138529918967151204412402066643636156785467017934956095165633541515001315358520494008948454934831955968.000000 2.263837e-293 2.151582e-293 455.000000 54
563704717585245264084163095034436575894677870007870593333071293761844133002646844400326707706356128342362205327273477062176101201952350869167422044110848.000000 9.055166e-295 8.606155e-295 455.000000 54
2818523587926226320420815475172182879473389350039352966665356468809220665013234222001633538531780641711811026636367385310880506009761754345837110220554240.000000 3.622089e-296 3.442483e-296 455.000000 54
14092617939631132718528357893913098281128315666171729600519912359766643917435117051470114234838113437588509029522673627885635717273658077638333652654882816.000000 1.448851e-297 1.377008e-297 455.000000 54
70463089698155669546904618899177138785702212549391793427629588549342769413143296945147619399146355076099632594764497213194755584900820019707124804885676032.000000 5.795340e-299 5.507971e-299 455.000000 54
352315448490778323917471776777439104408268525872826385438027835744675647761845637974549904095908623827869813185217969770907469930373981572473797857983332352.000000 2.318160e-300 2.203212e-300 455.000000 54
1761577242453891714855564154760981880122312776860662253990619606731531036024711576877502292078835725349862465080507914034802581628390381966616293955696852992.000000 9.272566e-302 8.812775e-302 455.000000 54
8807886212269458574277820773804909400611563884303311269953098033657655180123557884387511460394178626749312325402539570174012908141951909833081469778484264960.000000 3.709074e-303 3.525155e-303 455.000000 54
44039431061347291347097819535043965273762297061572071120957803320157831145170055229861512956382211434378347240542008807985820829085431963497450474239938265088.000000 1.483604e-304 1.410038e-304 455.000000 54
220197155306736456735489097675219826368811485307860355604789016600789155725850276149307564781911057171891736202710044039929104145427159817487252371199691325440.000000 5.934531e-306 5.640260e-306 455.000000 54
1100985776533682332454766587063477747181514142057525305345791062144120010803578874892971242968393100239241541380612269571941319499114281828810881844877914537984.000000 2.373802e-307 2.256095e-307 455.000000 54
5504928882668411857383117330066903197257397572360520636016339227281296982715204351050589891077316758715339148371309545348889792583485340109552889179907404333056.000000 9.495150e-309 9.024322e-309 455.000000 54
27524644413342060067352724229332573831686295310094179617231231802649272628365261661595884160327988823653221507729540516701181743269082424409758365721608348237824.000000 3.798029e-310 3.609699e-310 455.000000 54
137623222066710303458512171462655100540028706343637203834754301678217514000983267933351159621405564238572210602139673743332839837752035017496767507896327047479296.000000 1.519205e-311 1.443874e-311 455.000000 54
688116110333551517292560857313275502700143531718186019173771508391087570004916339666755798107027821192861053010698368716664199188760175087483837539481635237396480.000000 6.076868e-313 5.775539e-313 455.000000 54
3440580551667757486566850676454626109289606305209608311913716976676361022531558990321883348302639262114509967021748766468859200058788942783083965960183046385696768.000000 2.431517e-314 2.310952e-314 455.000000 54
17202902758338788232001882263167141780136922353098615831209709405614419732601976615704581879373195061370912219362688449259990367374040175150101603698716270338768896.000000 1.225429e-315 9.744097e-316 235.000000 27
86014513791693934766668380268683619031173485149088484982919550850211181703456429765761588293985985300467662022781885310974396900229437185873053827311173044411564032.000000 8.566296e-316 7.711059e-316 235.000000 27
430072568958469673833341901343418095155867425745442424914597754251055908517282148828807941469929926502338310113909426554871984501147185929365269136555865222057820160.000000 1.102305e-315 2.574150e-316 235.000000 27
2150362844792348266873253009962657037867159102864738617802924832409504871233555491139858569703569792409501165385042221809151043519483710608787078623860793193772613632.000000 9.095257e-316 3.640503e-316 225.000000 27
10751814223961740925192439062795551437687083410873799061934368406664425670756356443682568297933529601638744286187191465184919701652409676891778324883629834302797119488.000000 8.299056e-316 6.074106e-316 225.000000 27
53759071119808702989266891365906822181840568640569419201350819011789733612136098170345943287330370566558675267983878750481256444482012879850263351475452644849721802752.000000 1.089683e-315 1.804655e-316 235.000000 27
268795355599043521493115672621817850935582236858045400440038187145078247027263227043997309246000962599333560991727708054179650477530206417685829849148049330905664192512.000000 1.308340e-315 5.866065e-316 235.000000 27
1343976777995217712214077815785629095099981482773399873132736409103464498601639914296268031179590569261310759387571569099272144469573304383381358714072824361041203822592.000000 7.819562e-316 7.500488e-316 235.000000 27
6719883889976088561070389078928145475499907413866999365663682045517322493008199571481340155897952846306553796937857845496360722347866521916906793570364121805206019112960.000000 1.283310e-315 1.071853e-315 235.000000 27
33599419449880442805351945394640727377499537069334996828318410227586612465040997857406700779489764231532768984689289227481803611739332609584533967851820609026030095564800.000000 0.000000e+00 0.000000e+00 0.000000 3
