Std No.	Outgassing	ChemProd	ChemLoss	DryDepo		WetDepo		Escape		Condensation	Net Flux	Global Change
3	0.000000e+00	2.471248e+12	-2.412986e+12	-2.120137e+01	-6.370959e-07	-5.826252e+10	0.000000e+00	7.171631e-04	6.998942e-20
53	3.000000e+10	2.031925e+11	-1.228114e+10	-0.000000e+00	0.000000e+00	-2.209114e+11	0.000000e+00	6.925629e+00	1.714617e-22
1	0.000000e+00	1.553350e+12	-1.553350e+12	-1.170897e+00	-9.577295e-04	-0.000000e+00	0.000000e+00	-2.241249e-04	-1.096845e-20
56	0.000000e+00	6.114742e+10	-6.114742e+10	-0.000000e+00	-4.809946e-20	-0.000000e+00	0.000000e+00	-1.449585e-04	-6.482310e-12
54	0.000000e+00	4.603794e+11	-4.603794e+11	-0.000000e+00	0.000000e+00	-0.000000e+00	0.000000e+00	0.000000e+00	0.000000e+00
2	0.000000e+00	1.532034e+10	-1.532034e+10	-3.523062e-19	-4.454412e-05	-0.000000e+00	0.000000e+00	3.139598e-06	8.651395e-19
4	0.000000e+00	6.034362e+11	-6.034362e+11	-1.433673e-02	-1.881827e-05	-0.000000e+00	0.000000e+00	4.149606e-04	9.067252e-14
5	0.000000e+00	4.429476e+11	-4.429476e+11	-4.409896e-10	-5.126952e+00	-0.000000e+00	0.000000e+00	-6.030059e-05	-4.339556e-18
7	1.000000e-02	3.060391e+08	-1.311700e+10	-0.000000e+00	0.000000e+00	-0.000000e+00	-3.688523e+26	-3.688523e+26	-1.410189e+04
6	0.000000e+00	1.201677e+09	-1.201677e+09	-3.758343e-10	-1.460709e+01	-0.000000e+00	0.000000e+00	-4.474913e-09	-1.192746e-22
52	9.000000e-01	1.497272e+12	-1.594874e+12	-0.000000e+00	-4.771530e+13	-0.000000e+00	0.000000e+00	-4.781290e+13	-3.675388e-12
20	1.000000e+08	3.737748e+12	-3.551928e+12	-1.859196e+11	0.000000e+00	-0.000000e+00	0.000000e+00	3.205082e+03	2.814451e-22
22	0.000000e+00	7.949061e+10	-7.506750e+10	-2.719638e+08	-4.151150e+09	-0.000000e+00	0.000000e+00	-2.193451e-05	-1.409807e-20
61	0.000000e+00	2.258414e+12	-2.258410e+12	-4.022472e+06	-1.406854e-05	-0.000000e+00	0.000000e+00	-7.707756e-04	-3.493503e-17
19	0.000000e+00	2.741788e+09	-2.741788e+09	-0.000000e+00	-4.168675e-12	-0.000000e+00	0.000000e+00	2.384185e-05	1.015625e-20
58	0.000000e+00	1.983723e+10	-1.983723e+10	-0.000000e+00	-1.314710e-18	-0.000000e+00	0.000000e+00	-3.433228e-05	-5.436205e-14
59	0.000000e+00	2.223638e+10	-2.223638e+10	-0.000000e+00	-1.862833e-18	-0.000000e+00	0.000000e+00	-7.629395e-06	-6.415750e-15
80	0.000000e+00	4.696849e+10	-4.696849e+10	-0.000000e+00	-1.745175e-18	-0.000000e+00	0.000000e+00	7.629395e-06	9.406959e-15
60	0.000000e+00	1.903136e+11	-1.903136e+11	-0.000000e+00	-9.066131e-11	-0.000000e+00	0.000000e+00	-9.066131e-11	-8.605310e-25
21	3.000000e+11	2.482545e+10	-1.521959e+11	-1.726295e+11	0.000000e+00	-0.000000e+00	0.000000e+00	3.989422e+02	3.772965e-22
62	0.000000e+00	7.138458e+09	-7.138458e+09	-2.031805e-04	-8.480523e-16	-0.000000e+00	0.000000e+00	-4.783320e-08	-2.235274e-17
24	0.000000e+00	3.999221e+09	-3.999126e+09	-7.182919e+04	-2.334894e+04	-0.000000e+00	0.000000e+00	-2.150482e-07	-5.824495e-23
63	0.000000e+00	1.448640e+10	-5.903156e+09	-5.336070e+08	-8.049635e+09	-0.000000e+00	0.000000e+00	-6.675720e-06	-1.497730e-21
23	0.000000e+00	3.482646e-02	-3.482646e-02	-1.177056e-15	-1.424023e-09	-0.000000e+00	0.000000e+00	5.259772e-18	9.428354e-22
71	0.000000e+00	7.062027e+07	-7.062027e+07	-4.382704e-24	-3.513573e-10	-0.000000e+00	0.000000e+00	1.454980e-08	1.030177e-11
25	0.000000e+00	1.736982e+03	-1.736982e+03	-5.887346e-11	-3.581460e-05	-0.000000e+00	0.000000e+00	4.675733e-11	4.903942e-19
26	0.000000e+00	4.211375e-26	-1.724038e-10	-0.000000e+00	-1.804565e-37	-0.000000e+00	0.000000e+00	-1.724038e-10	-3.029935e+04
64	0.000000e+00	5.417326e+10	-5.417326e+10	-0.000000e+00	-1.609912e-17	-0.000000e+00	0.000000e+00	-1.609912e-17	-1.754469e-27
27	0.000000e+00	7.293695e+10	-7.293695e+10	-0.000000e+00	0.000000e+00	-0.000000e+00	0.000000e+00	3.051758e-05	9.183928e-22
28	0.000000e+00	1.085991e+10	-1.085991e+10	-0.000000e+00	-1.025533e-17	-0.000000e+00	0.000000e+00	-1.025533e-17	-1.770422e-27
29	0.000000e+00	3.335021e+10	-3.335021e+10	-0.000000e+00	0.000000e+00	-0.000000e+00	0.000000e+00	0.000000e+00	0.000000e+00
30	0.000000e+00	1.912585e+10	-1.912585e+10	-0.000000e+00	-1.916359e-10	-0.000000e+00	0.000000e+00	3.814506e-06	8.480750e-17
31	0.000000e+00	4.345275e+10	-3.049428e+10	-1.295847e+10	0.000000e+00	-0.000000e+00	0.000000e+00	2.471752e-01	3.107098e-22
32	0.000000e+00	7.962818e+07	-7.962818e+07	-0.000000e+00	-2.826024e-15	-0.000000e+00	0.000000e+00	-8.022785e-05	-5.509249e-17
33	0.000000e+00	2.002828e+09	-1.890111e+09	-5.735455e+06	-1.069821e+08	-0.000000e+00	0.000000e+00	-8.642673e-07	-5.757980e-23
34	0.000000e+00	1.754414e+10	-1.754412e+10	-1.316404e+04	-4.522768e-08	-0.000000e+00	0.000000e+00	-1.089725e-05	-2.600627e-17
35	0.000000e+00	1.284303e+09	-1.284210e+09	-9.057459e+04	-1.941431e+03	-0.000000e+00	0.000000e+00	-2.519250e-07	-1.399618e-20
36	0.000000e+00	6.328587e+08	-6.328587e+08	-9.853276e-07	-8.100575e-15	-0.000000e+00	0.000000e+00	-1.508626e-07	-6.562892e-19
40	0.000000e+00	7.420551e+10	-7.420551e+10	-0.000000e+00	-1.155062e-08	-0.000000e+00	0.000000e+00	-9.156428e-05	-2.303267e-17
41	0.000000e+00	5.675868e+08	-5.675868e+08	-0.000000e+00	-2.371586e-09	-0.000000e+00	0.000000e+00	-5.984180e-07	-2.474830e-18
76	0.000000e+00	1.007864e+07	-1.007864e+07	-0.000000e+00	-3.210860e-14	-0.000000e+00	0.000000e+00	1.862613e-09	7.695715e-17
77	0.000000e+00	2.229713e+07	-2.229713e+07	-0.000000e+00	-3.133125e-13	-0.000000e+00	0.000000e+00	-3.725604e-09	-1.225088e-17
42	0.000000e+00	2.026217e+11	-2.026217e+11	-0.000000e+00	-3.648291e-04	-0.000000e+00	0.000000e+00	1.381887e-06	8.862766e-22
43	3.000000e+09	3.052325e+11	-3.049879e+11	-2.904953e+09	-3.396374e+08	-0.000000e+00	0.000000e+00	7.152557e-06	4.177322e-21
74	0.000000e+00	2.959210e+11	-2.959210e+11	-0.000000e+00	-2.265957e-16	-0.000000e+00	0.000000e+00	-1.220703e-04	-6.390409e-09
75	0.000000e+00	2.797418e+10	-2.797418e+10	-0.000000e+00	-1.603178e-15	-0.000000e+00	0.000000e+00	-7.629395e-06	-7.344744e-11
44	0.000000e+00	4.344882e+05	-4.344882e+05	-7.660780e-07	-1.215460e-02	-0.000000e+00	0.000000e+00	1.053164e-10	6.928612e-21
45	3.000000e+08	4.777028e+09	-5.021856e+09	-5.514949e+07	-2.247828e+04	-0.000000e+00	0.000000e+00	-4.043301e-06	-3.173514e-21
46	0.000000e+00	5.784242e+09	-5.784242e+09	-0.000000e+00	-3.362823e-07	-0.000000e+00	0.000000e+00	1.571066e-06	2.892584e-19
47	0.000000e+00	1.216172e+11	-1.216172e+11	-0.000000e+00	-1.481765e-06	-0.000000e+00	0.000000e+00	-9.303450e-05	-5.110622e-17
48	0.000000e+00	4.962770e+05	-4.962770e+05	-0.000000e+00	-5.027891e-11	-0.000000e+00	0.000000e+00	2.989671e-10	1.034520e-22
68	0.000000e+00	2.434615e+02	-2.407557e+02	-1.199429e+00	-1.506453e+00	-0.000000e+00	0.000000e+00	1.865175e-14	1.579030e-21
73	0.000000e+00	2.415492e+05	-4.866531e+03	-7.458059e+04	-1.255808e+05	-0.000000e+00	-3.652127e+04	1.164153e-10	4.979255e-23
78	0.000000e+00	0.000000e+00	0.000000e+00	-3.652127e+04	-7.570976e-08	-0.000000e+00	3.652127e+04	5.748007e-10	3.990723e-23
79	0.000000e+00	7.402088e+01	0.000000e+00	-0.000000e+00	-5.375580e-06	-0.000000e+00	-7.402087e+01	-1.418144e-09	-2.187943e-22
111	0.000000e+00	0.000000e+00	0.000000e+00	-7.402087e+01	-1.193340e-08	-0.000000e+00	7.402087e+01	8.147509e-10	3.107213e-22
8	0.000000e+00	4.892852e+05	-4.892852e+05	-0.000000e+00	-1.756752e-10	-0.000000e+00	0.000000e+00	2.899861e-10	3.446735e-20
9	0.000000e+00	2.577256e+02	-2.577256e+02	-0.000000e+00	0.000000e+00	-0.000000e+00	0.000000e+00	-1.705303e-13	-6.637417e-21
10	0.000000e+00	1.696991e+04	-1.696991e+04	-0.000000e+00	-1.547476e-03	-0.000000e+00	0.000000e+00	9.221625e-12	3.432747e-18
57	0.000000e+00	2.257119e+03	-2.257119e+03	-0.000000e+00	-4.054644e-21	-0.000000e+00	0.000000e+00	4.547473e-13	1.968268e-18
11	0.000000e+00	5.847346e+03	-5.847274e+03	-0.000000e+00	-7.238512e-02	-0.000000e+00	0.000000e+00	9.362094e-13	1.069602e-23
12	1.000000e+08	1.508683e+12	-1.508781e+12	-1.797764e+06	-6.670611e+02	-0.000000e+00	0.000000e+00	-4.811033e-04	-6.043460e-20
13	0.000000e+00	7.098670e+09	-7.098670e+09	-4.966821e-03	-5.492153e-05	-0.000000e+00	0.000000e+00	3.167390e-06	2.907263e-18
14	0.000000e+00	2.126122e+07	-2.126122e+07	-7.766240e-11	-1.330233e-04	-0.000000e+00	0.000000e+00	1.420160e-08	5.464180e-17
15	0.000000e+00	7.671081e+02	-7.671081e+02	-1.790553e-21	-2.890770e-06	-0.000000e+00	0.000000e+00	5.311379e-13	9.324445e-20
16	0.000000e+00	1.501700e+12	-1.501603e+12	-0.000000e+00	-9.725428e+07	-0.000000e+00	0.000000e+00	-6.549507e-04	-1.130198e-19
17	0.000000e+00	2.822418e+06	-2.822411e+06	-4.330779e+00	-1.867315e+00	-0.000000e+00	0.000000e+00	-8.176211e-10	-1.794063e-19
18	0.000000e+00	2.794338e+02	-2.794338e+02	-1.712066e-06	-9.499918e-06	-0.000000e+00	0.000000e+00	-5.990178e-15	-5.922342e-22
70	0.000000e+00	4.401876e+06	-4.401876e+06	-6.049799e-18	-1.335548e-02	-0.000000e+00	0.000000e+00	4.384730e-09	1.533822e-19
37	0.000000e+00	3.696997e+03	-1.346734e+01	-2.989507e+03	-6.940220e+02	-0.000000e+00	0.000000e+00	3.486355e-08	4.787611e-20
38	0.000000e+00	2.464501e+02	-2.464501e+02	-7.497500e-24	-5.991052e-18	-0.000000e+00	0.000000e+00	-3.922202e-12	-1.891973e-13
39	0.000000e+00	4.452363e-01	-4.452363e-01	-0.000000e+00	-1.942031e-22	-0.000000e+00	0.000000e+00	-4.585221e-14	-2.532216e-14
72	0.000000e+00	4.772456e+03	-4.772456e+03	-0.000000e+00	-2.400587e-04	-0.000000e+00	0.000000e+00	8.407882e-08	2.036885e-22
65	0.000000e+00	4.615238e+06	-4.615238e+06	-3.920183e-02	-3.012700e-02	-0.000000e+00	0.000000e+00	-4.940004e-09	-1.141075e-18
66	0.000000e+00	9.266817e+03	-9.266817e+03	-3.249638e-07	-7.119407e-05	-0.000000e+00	0.000000e+00	1.476342e-12	1.134555e-20
109	0.000000e+00	2.969610e+02	-2.969608e+02	-0.000000e+00	-2.789367e-04	-0.000000e+00	0.000000e+00	7.796162e-14	2.046548e-21
67	0.000000e+00	4.690203e+00	-4.690203e+00	-0.000000e+00	-5.805605e-25	-0.000000e+00	0.000000e+00	2.664535e-15	5.981764e-18
110	0.000000e+00	3.177793e-02	-3.177793e-02	-0.000000e+00	-2.659086e-10	-0.000000e+00	0.000000e+00	6.078599e-18	1.953503e-21
106	0.000000e+00	1.249368e-08	-1.249368e-08	-0.000000e+00	-4.660159e-21	-0.000000e+00	0.000000e+00	1.837444e-23	5.209555e-21
107	0.000000e+00	2.614737e-05	-2.614737e-05	-0.000000e+00	-1.487316e-14	-0.000000e+00	0.000000e+00	1.767261e-18	6.866748e-23
108	0.000000e+00	2.614737e-05	-2.614737e-05	-0.000000e+00	-4.848430e-21	-0.000000e+00	0.000000e+00	-4.848430e-21	-1.309831e-20
49	0.000000e+00	1.646401e+00	-1.646401e+00	-3.493707e-14	-1.523722e-12	-0.000000e+00	0.000000e+00	1.426801e-15	1.104241e-20
50	0.000000e+00	6.130492e-02	-6.130492e-02	-0.000000e+00	-5.145486e-24	-0.000000e+00	0.000000e+00	-1.727785e-15	-4.147209e-19
51	0.000000e+00	0.000000e+00	0.000000e+00	-0.000000e+00	0.000000e+00	-0.000000e+00	0.000000e+00	0.000000e+00	nan
69	0.000000e+00	0.000000e+00	0.000000e+00	-0.000000e+00	0.000000e+00	-0.000000e+00	0.000000e+00	0.000000e+00	nan
