Std No.	Outgassing	ChemProd	ChemLoss	DryDepo		WetDepo		Escape		Condensation	Net Flux	Global Change
3	0.000000e+00	2.444474e+12	-2.444433e+12	-1.900454e-02	-2.304090e-08	-4.092942e+07	0.000000e+00	8.196384e-05	4.981261e-19
53	3.000000e+10	1.990215e+08	-3.018445e+10	-0.000000e+00	0.000000e+00	-1.457303e+07	0.000000e+00	1.150476e-03	9.444651e-23
1	0.000000e+00	6.479606e+15	-6.479606e+15	-3.598179e+02	-1.431543e-02	-0.000000e+00	0.000000e+00	-1.832212e+00	-6.776564e-19
56	0.000000e+00	1.373865e+15	-1.373865e+15	-0.000000e+00	-1.521662e-15	-0.000000e+00	0.000000e+00	5.000000e-01	2.917196e-10
54	6.000000e+11	6.744968e+15	-6.745084e+15	-4.843806e+11	0.000000e+00	-0.000000e+00	0.000000e+00	2.510228e+02	5.452303e-23
2	0.000000e+00	6.473774e+15	-6.473709e+15	-6.446437e+10	-3.835736e+05	-0.000000e+00	0.000000e+00	2.497964e+00	1.129145e-19
4	0.000000e+00	3.045221e+12	-3.045219e+12	-1.498592e+06	-3.920245e+03	-0.000000e+00	0.000000e+00	-2.480152e-04	-1.141321e-17
5	0.000000e+00	2.198530e+12	-2.198258e+12	-8.998372e+07	-1.818696e+08	-0.000000e+00	0.000000e+00	-4.847348e-04	-5.913551e-18
7	1.000000e-02	5.708610e+10	-3.167139e+10	-0.000000e+00	0.000000e+00	-0.000000e+00	-7.052209e+26	-7.052209e+26	-1.380731e+04
6	0.000000e+00	8.931986e+09	-4.654263e+09	-6.516750e+08	-3.626049e+09	-0.000000e+00	0.000000e+00	0.000000e+00	0.000000e+00
52	1.000000e-02	3.866785e+13	-3.866751e+13	-0.000000e+00	-1.017799e+12	-0.000000e+00	0.000000e+00	-1.017450e+12	-4.656319e-12
20	1.000000e+08	2.580311e+10	-2.590311e+10	-2.907693e+01	0.000000e+00	-0.000000e+00	0.000000e+00	-2.503981e-05	-1.979558e-22
22	0.000000e+00	2.991195e+08	-2.487323e+08	-1.683953e+06	-4.870326e+07	-0.000000e+00	0.000000e+00	1.117587e-07	1.685205e-20
61	0.000000e+00	1.369441e+08	-1.369441e+08	-1.437198e-06	-9.537762e-18	-0.000000e+00	0.000000e+00	5.291848e-08	1.432743e-10
19	0.000000e+00	3.240754e+07	-3.240754e+07	-0.000000e+00	-5.253091e-25	-0.000000e+00	0.000000e+00	-4.619360e-07	-4.506011e-13
58	0.000000e+00	8.681148e+02	-8.681148e+02	-0.000000e+00	-2.234868e-25	-0.000000e+00	0.000000e+00	-7.908739e-09	-1.207781e-10
59	0.000000e+00	8.850045e+02	-8.850045e+02	-0.000000e+00	-9.454948e-26	-0.000000e+00	0.000000e+00	2.273737e-13	1.047907e-14
80	0.000000e+00	7.373411e+03	-7.373411e+03	-0.000000e+00	-6.872288e-22	-0.000000e+00	0.000000e+00	-6.872288e-22	-3.903169e-28
60	0.000000e+00	2.968992e+08	-2.968992e+08	-0.000000e+00	-1.501643e-16	-0.000000e+00	0.000000e+00	-1.192093e-07	-4.090082e-12
21	3.000000e+08	6.410576e-01	-3.000000e+08	-0.000000e+00	0.000000e+00	-0.000000e+00	0.000000e+00	-4.827976e-06	-3.857781e-23
62	0.000000e+00	2.496446e+06	-2.496446e+06	-7.270322e-12	-1.014281e-22	-0.000000e+00	0.000000e+00	1.378285e-07	7.438411e-09
24	0.000000e+00	8.038643e-01	-6.310040e-01	-1.120477e-01	-6.081252e-02	-0.000000e+00	0.000000e+00	-2.775558e-17	-3.803864e-23
63	0.000000e+00	4.212804e+08	-4.212804e+08	-4.235515e-06	-1.155686e-04	-0.000000e+00	0.000000e+00	-3.563888e-07	-7.285882e-11
23	0.000000e+00	8.683980e+05	-6.344802e+04	-2.787745e+04	-7.770725e+05	-0.000000e+00	0.000000e+00	-5.820766e-10	-3.525382e-21
71	0.000000e+00	2.968463e+08	-2.968463e+08	-1.737117e-03	-8.468959e-03	-0.000000e+00	0.000000e+00	-3.167228e-08	-5.350446e-12
25	0.000000e+00	2.501158e+00	-2.397617e+00	-6.193968e-02	-4.160122e-02	-0.000000e+00	0.000000e+00	1.734723e-16	8.059812e-22
26	0.000000e+00	1.963140e-43	-1.963140e-43	-0.000000e+00	-2.778077e-64	-0.000000e+00	0.000000e+00	9.160278e-57	2.677892e-19
64	0.000000e+00	7.061284e-11	-7.067049e-11	-0.000000e+00	-3.067079e-35	-0.000000e+00	0.000000e+00	-5.765757e-14	-1.131838e-04
27	0.000000e+00	1.402767e-08	-1.402763e-08	-0.000000e+00	0.000000e+00	-0.000000e+00	0.000000e+00	3.720855e-14	7.813287e-10
28	0.000000e+00	2.085843e-08	-2.085843e-08	-0.000000e+00	-1.531995e-31	-0.000000e+00	0.000000e+00	1.217936e-15	3.731000e-07
29	0.000000e+00	2.323904e-04	-2.323904e-04	-0.000000e+00	0.000000e+00	-0.000000e+00	0.000000e+00	-6.356802e-14	-2.335523e-12
30	0.000000e+00	1.078783e-07	-1.078783e-07	-0.000000e+00	-1.814878e-24	-0.000000e+00	0.000000e+00	6.334598e-22	6.937025e-16
31	0.000000e+00	1.072912e-07	-1.072907e-07	-5.404138e-13	0.000000e+00	-0.000000e+00	0.000000e+00	-9.024872e-24	-2.946093e-23
32	0.000000e+00	2.566970e-03	-2.566970e-03	-0.000000e+00	-1.448988e-24	-0.000000e+00	0.000000e+00	3.194060e-15	5.820085e-18
33	0.000000e+00	3.284044e-05	-3.284041e-05	-8.218767e-13	-2.598509e-11	-0.000000e+00	0.000000e+00	4.573181e-16	2.305812e-17
34	0.000000e+00	7.600967e-05	-7.600967e-05	-7.293810e-13	-5.149494e-24	-0.000000e+00	0.000000e+00	6.189158e-13	1.894405e-11
35	0.000000e+00	1.004061e-07	-1.002562e-07	-5.795834e-11	-2.211675e-12	-0.000000e+00	0.000000e+00	8.978360e-11	1.603552e-07
36	0.000000e+00	6.438237e-08	-6.438558e-08	-3.561740e-20	-2.390415e-31	-0.000000e+00	0.000000e+00	-3.207882e-12	-2.059087e-04
40	0.000000e+00	5.978761e+03	-5.978761e+03	-0.000000e+00	-1.473690e-25	-0.000000e+00	0.000000e+00	-2.983325e-08	-6.575684e-11
41	0.000000e+00	5.941283e-18	-5.941283e-18	-0.000000e+00	-6.325168e-42	-0.000000e+00	0.000000e+00	3.210217e-29	2.391043e-11
76	0.000000e+00	1.315903e-38	-1.315903e-38	-0.000000e+00	-9.624073e-65	-0.000000e+00	0.000000e+00	2.610122e-54	1.466219e-16
77	0.000000e+00	1.264579e-56	-1.264579e-56	-0.000000e+00	-1.502655e-79	-0.000000e+00	0.000000e+00	1.159987e-64	1.169726e-09
42	0.000000e+00	2.841356e+04	-2.841356e+04	-0.000000e+00	-5.742726e-17	-0.000000e+00	0.000000e+00	2.307643e-07	1.436371e-14
43	3.000000e+09	2.951421e+10	-3.014371e+10	-1.949536e+09	-4.209665e+08	-0.000000e+00	0.000000e+00	3.635883e-06	4.307888e-21
74	0.000000e+00	2.845909e+10	-2.845909e+10	-0.000000e+00	-1.458859e-16	-0.000000e+00	0.000000e+00	-3.814697e-06	-2.317227e-08
75	0.000000e+00	3.344615e+09	-3.344615e+09	-0.000000e+00	-1.238148e-15	-0.000000e+00	0.000000e+00	-4.768372e-07	-3.351806e-10
44	0.000000e+00	9.271097e+08	-9.271097e+08	-1.074873e+01	-4.665156e+01	-0.000000e+00	0.000000e+00	2.013624e-07	5.700964e-16
45	3.000000e+08	3.899938e-02	-2.973632e+08	-2.634806e+06	-1.961375e+03	-0.000000e+00	0.000000e+00	6.098639e-08	1.220174e-21
46	0.000000e+00	2.973632e+08	-2.973632e+08	-0.000000e+00	-7.006465e-15	-0.000000e+00	0.000000e+00	-7.006465e-15	-2.428890e-18
47	0.000000e+00	1.885202e+03	-1.885202e+03	-0.000000e+00	-4.669037e-19	-0.000000e+00	0.000000e+00	4.547469e-13	1.575101e-12
48	0.000000e+00	2.976141e+08	-2.976141e+08	-0.000000e+00	-5.474201e-16	-0.000000e+00	0.000000e+00	-5.474201e-16	-2.526641e-18
68	0.000000e+00	9.267976e+08	-9.267976e+08	-1.530608e-04	-3.236824e-04	-0.000000e+00	0.000000e+00	2.132459e-07	3.482068e-10
73	0.000000e+00	9.271097e+08	-2.491263e+05	-1.212500e+08	-3.615627e+08	-0.000000e+00	-4.440478e+08	-5.960464e-08	-7.201370e-22
78	0.000000e+00	0.000000e+00	0.000000e+00	-4.440478e+08	-1.567116e-03	-0.000000e+00	4.440478e+08	-2.384186e-07	-7.886036e-23
79	0.000000e+00	1.689032e-130	0.000000e+00	-0.000000e+00	0.000000e+00	-0.000000e+00	0.000000e+00	1.689032e-130	inf
111	0.000000e+00	0.000000e+00	0.000000e+00	-0.000000e+00	0.000000e+00	-0.000000e+00	0.000000e+00	0.000000e+00	nan
8	0.000000e+00	4.637917e+06	-4.637917e+06	-0.000000e+00	-1.236122e-09	-0.000000e+00	0.000000e+00	1.557846e-09	1.558922e-19
9	0.000000e+00	1.185111e-03	-1.185111e-03	-0.000000e+00	0.000000e+00	-0.000000e+00	0.000000e+00	-4.336809e-19	-4.521130e-22
10	0.000000e+00	8.891985e-01	-8.891985e-01	-0.000000e+00	-4.169473e-09	-0.000000e+00	0.000000e+00	-4.696673e-16	-1.335792e-16
57	0.000000e+00	4.058304e+00	-4.058304e+00	-0.000000e+00	-5.405229e-26	-0.000000e+00	0.000000e+00	-1.332268e-14	-7.780934e-15
11	0.000000e+00	5.141711e+07	-5.083177e+07	-0.000000e+00	-5.853422e+05	-0.000000e+00	0.000000e+00	1.154840e-05	7.204424e-23
12	1.000000e+08	2.285550e+12	-2.285650e+12	-7.868949e+03	-5.013924e+00	-0.000000e+00	0.000000e+00	1.807059e-03	7.409680e-18
13	0.000000e+00	2.293102e+12	-2.293101e+12	-7.734526e+04	-3.688066e+01	-0.000000e+00	0.000000e+00	-2.601761e-04	-6.831245e-19
14	0.000000e+00	5.025924e+09	-5.025920e+09	-9.971969e+02	-2.881401e+03	-0.000000e+00	0.000000e+00	4.298358e-07	1.100617e-17
15	0.000000e+00	6.839641e+06	-6.839474e+06	-1.307207e-01	-1.677628e+02	-0.000000e+00	0.000000e+00	-2.354341e-09	-3.070128e-21
16	0.000000e+00	3.216496e+03	-3.216496e+03	-0.000000e+00	-8.574559e-06	-0.000000e+00	0.000000e+00	6.158534e-13	2.933661e-17
17	0.000000e+00	4.584858e+08	-4.574893e+08	-5.391146e+05	-4.573405e+05	-0.000000e+00	0.000000e+00	1.185690e-07	1.952702e-19
18	0.000000e+00	1.304915e+09	-1.196001e+09	-2.529042e+07	-8.362398e+07	-0.000000e+00	0.000000e+00	-8.940697e-08	-1.110073e-22
70	0.000000e+00	2.950695e+09	-2.950275e+09	-8.001899e+04	-3.398908e+05	-0.000000e+00	0.000000e+00	8.731149e-09	5.147838e-23
37	0.000000e+00	3.072599e-03	-5.462538e-05	-2.026918e-03	-9.910557e-04	-0.000000e+00	0.000000e+00	6.614084e-13	6.869636e-19
38	0.000000e+00	7.861077e-03	-7.861077e-03	-1.353629e-16	-1.148672e-19	-0.000000e+00	0.000000e+00	1.455474e-16	3.610730e-14
39	0.000000e+00	4.531557e-03	-4.531557e-03	-0.000000e+00	-5.945237e-20	-0.000000e+00	0.000000e+00	3.550238e-17	3.966636e-17
72	0.000000e+00	5.766344e-03	-5.766344e-03	-0.000000e+00	-7.224100e-12	-0.000000e+00	0.000000e+00	3.710744e-15	3.672759e-22
65	0.000000e+00	4.263196e+00	-4.263191e+00	-3.261270e-06	-1.818029e-06	-0.000000e+00	0.000000e+00	1.022489e-16	3.290765e-20
66	0.000000e+00	6.146149e-03	-6.145906e-03	-1.997920e-07	-4.318161e-08	-0.000000e+00	0.000000e+00	-1.091283e-19	-5.459378e-23
109	0.000000e+00	4.422460e-12	-4.309355e-12	-0.000000e+00	-1.131046e-13	-0.000000e+00	0.000000e+00	1.199069e-27	5.644059e-23
67	0.000000e+00	3.679384e-16	-3.679384e-16	-0.000000e+00	-8.082399e-42	-0.000000e+00	0.000000e+00	-1.255870e-23	-1.931915e-08
110	0.000000e+00	7.832047e-28	-7.782200e-28	-0.000000e+00	-4.449773e-30	-0.000000e+00	0.000000e+00	5.349132e-31	6.421633e-10
106	0.000000e+00	1.503855e-29	-1.503855e-29	-0.000000e+00	-1.193477e-38	-0.000000e+00	0.000000e+00	2.513249e-42	1.679891e-22
107	0.000000e+00	8.601744e-17	-8.601744e-17	-0.000000e+00	-8.073480e-25	-0.000000e+00	0.000000e+00	-9.468370e-29	-8.516669e-23
108	0.000000e+00	8.537994e-17	-8.537994e-17	-0.000000e+00	-4.641907e-27	-0.000000e+00	0.000000e+00	3.423568e-31	5.701933e-23
49	0.000000e+00	1.032739e-17	-9.439550e-20	-0.000000e+00	-4.303868e-32	-0.000000e+00	0.000000e+00	1.023300e-17	2.161221e-03
50	0.000000e+00	4.564975e-29	-4.564975e-29	-0.000000e+00	-7.837328e-54	-0.000000e+00	0.000000e+00	-7.305856e-38	-8.303982e-11
51	0.000000e+00	0.000000e+00	0.000000e+00	-0.000000e+00	0.000000e+00	-0.000000e+00	0.000000e+00	0.000000e+00	nan
69	0.000000e+00	0.000000e+00	0.000000e+00	-0.000000e+00	0.000000e+00	-0.000000e+00	0.000000e+00	0.000000e+00	nan
