0.000000 3.736084e-01 3.702070e-01 445.000000 56
0.000010 1.879536e-01 1.793070e-01 445.000000 56
0.000110 2.214743e-02 2.192604e-02 465.000000 56
0.001110 1.800846e-02 1.571927e-02 435.000000 58
0.011110 1.370111e-02 1.322058e-02 415.000000 38
0.111110 9.413178e-03 7.890109e-03 425.000000 38
0.611110 5.189932e-03 3.190524e-03 425.000000 38
1.611110 1.977848e-03 1.639492e-03 425.000000 38
3.611110 9.149201e-04 6.920517e-04 15.000000 60
7.611110 5.543770e-04 3.712008e-04 15.000000 60
15.611110 2.410061e-04 2.011420e-04 15.000000 60
31.611110 1.553475e-04 1.205667e-04 55.000000 60
63.611110 1.212419e-04 5.774865e-05 55.000000 60
127.611110 8.282075e-05 3.008914e-05 55.000000 60
255.611110 5.053749e-05 1.892079e-05 55.000000 60
447.611110 2.254183e-05 1.616550e-05 55.000000 60
831.611110 1.205580e-05 6.500398e-06 15.000000 62
1599.611110 7.168408e-06 2.323398e-06 15.000000 62
3135.611110 3.543971e-06 1.188467e-06 15.000000 62
5439.611110 1.163682e-06 1.059291e-06 15.000000 62
10047.611110 8.837916e-07 7.282268e-07 55.000000 35
19263.611110 8.328037e-07 5.457628e-07 55.000000 35
37695.611110 7.686231e-07 4.605281e-07 55.000000 35
65343.611110 6.832057e-07 3.741495e-07 55.000000 35
106815.611110 5.753757e-07 2.920957e-07 55.000000 35
169023.611110 4.645479e-07 2.358846e-07 55.000000 35
249894.011110 3.540904e-07 1.915148e-07 55.000000 35
355025.531110 2.517749e-07 1.485507e-07 55.000000 35
491696.507110 1.650205e-07 1.065841e-07 55.000000 35
669368.775910 9.280301e-08 7.263164e-08 55.000000 35
935877.179110 4.352473e-08 4.335938e-08 45.000000 35
1335639.783910 2.065218e-08 1.572290e-08 45.000000 35
1935283.691110 9.145464e-09 6.787877e-09 65.000000 35
2834749.551910 3.821508e-09 2.346027e-09 35.000000 35
4633681.273510 7.084560e-10 6.682141e-10 45.000000 16
8231544.716710 4.188449e-10 2.891929e-10 45.000000 35
26220861.932710 1.220287e-09 6.184548e-10 65.000000 35
62199496.364710 4.940597e-09 1.575341e-09 65.000000 35
108971721.126310 9.720496e-10 6.026080e-10 45.000000 35
125341999.792870 8.148120e-09 2.579750e-09 65.000000 35
149897417.792710 2.214992e-09 1.654310e-09 55.000000 35
167086210.392598 9.659363e-10 7.784352e-10 65.000000 35
189431640.772452 8.247489e-09 2.692303e-09 65.000000 35
222949786.342234 7.504051e-09 2.446661e-09 65.000000 35
246412488.241081 5.183641e-09 2.760088e-09 65.000000 35
267528919.950044 1.916883e-09 1.848801e-09 65.000000 35
288645351.659006 4.199556e-09 8.878031e-10 65.000000 35
316096712.880657 9.284996e-10 4.197877e-10 45.000000 35
343548074.102308 5.085030e-10 4.391027e-10 15.000000 62
384725115.934785 1.896959e-09 9.682825e-10 65.000000 35
446490678.683500 2.198791e-09 9.498726e-10 55.000000 35
508256241.432215 1.576323e-09 1.557992e-09 65.000000 35
570021804.180930 2.657207e-09 1.218799e-09 55.000000 35
637963923.204517 3.535899e-09 3.286338e-09 55.000000 35
699111830.325745 4.427520e-09 3.763457e-09 65.000000 35
741915365.310604 1.595710e-09 4.920551e-10 65.000000 35
780438546.796978 1.702080e-09 7.458489e-10 65.000000 35
822814046.431989 2.360870e-10 2.243442e-10 45.000000 35
869427096.030501 1.523346e-09 3.153552e-10 65.000000 35
939346670.428269 9.806132e-10 1.827296e-10 55.000000 35
1009266244.826037 9.148316e-10 5.489780e-10 65.000000 35
1086177776.663582 2.813967e-09 1.804863e-09 65.000000 35
1170780461.684881 1.386717e-09 7.765714e-10 65.000000 35
1230002341.199790 4.892748e-10 2.510949e-10 55.000000 35
1295146408.666191 4.475133e-10 1.735327e-10 55.000000 35
1379833696.372511 1.535910e-10 1.094222e-10 55.000000 35
1489927170.390728 7.607736e-11 6.847576e-11 35.000000 35
1655067381.418053 2.257158e-10 7.401328e-11 55.000000 35
1902777697.959041 2.325355e-10 1.527109e-10 55.000000 35
2175259046.154128 9.836634e-11 8.795734e-11 75.000000 35
2474988529.168723 6.145495e-11 5.432701e-11 55.000000 35
2924582753.690616 2.402568e-11 1.061602e-11 75.000000 35
3598974090.473455 3.062420e-12 1.995331e-12 15.000000 62
4610561095.647715 1.131433e-12 7.586212e-13 75.000000 35
6633735105.996233 1.542828e-13 9.977208e-14 75.000000 35
16749605157.738827 1.367680e-13 1.014777e-13 85.000000 35
67328955416.451797 1.103818e-13 1.022267e-13 65.000000 35
168487655933.877747 5.388973e-14 3.461723e-14 85.000000 35
320225706710.016663 3.517073e-14 3.251205e-14 65.000000 35
623701808262.294434 4.960088e-14 1.782834e-14 85.000000 35
1078915960590.711182 3.655823e-14 1.654158e-14 85.000000 35
1761737189083.336426 1.772442e-14 4.520722e-15 65.000000 35
2785969031822.274414 1.563576e-14 1.186911e-14 75.000000 35
4322316795930.681152 3.609127e-15 3.094587e-15 85.000000 35
6626838442093.291016 5.817667e-15 3.657006e-15 55.000000 35
11235881734418.511719 1.790331e-15 1.513964e-15 55.000000 35
18149446672906.343750 3.992700e-15 3.668180e-15 55.000000 35
28519794080638.089844 3.593431e-15 2.797694e-15 85.000000 35
42001245710689.359375 2.119675e-15 1.615844e-15 55.000000 35
59527132829756.007812 1.879797e-15 1.248012e-15 55.000000 35
82310786084542.656250 2.500751e-15 9.214333e-16 65.000000 35
111929535315765.296875 1.270526e-15 1.118619e-15 65.000000 35
144510159470110.187500 2.058269e-15 1.737173e-15 55.000000 35
186864970870758.562500 5.646084e-16 3.763220e-16 65.000000 35
233455263411471.781250 3.684328e-16 1.590732e-16 85.000000 35
303340702222541.625000 9.868033e-17 6.767604e-17 75.000000 35
408168860439146.375000 4.841286e-17 3.809682e-17 75.000000 35
565411097764053.500000 1.104772e-17 5.341998e-18 75.000000 35
879895572413867.750000 1.332545e-17 5.695389e-18 65.000000 35
1508864521713496.500000 5.534268e-18 3.827152e-18 65.000000 35
2766802420312754.000000 5.034531e-18 4.388151e-18 55.000000 35
5282678217511268.000000 4.672671e-18 3.419546e-18 55.000000 35
9056491913309040.000000 1.055164e-17 9.447440e-18 75.000000 35
14717212457005698.000000 1.208965e-17 5.467856e-18 75.000000 35
20944005055072024.000000 9.753732e-18 7.671761e-18 55.000000 35
27793476912944980.000000 6.810033e-18 2.127677e-18 75.000000 35
35327895956605232.000000 4.680755e-18 3.074078e-18 65.000000 35
43615756904631512.000000 3.486698e-18 3.302468e-18 75.000000 35
54389976137065680.000000 9.788716e-18 3.022448e-18 55.000000 35
68396461139230096.000000 1.004843e-17 3.526312e-18 55.000000 35
82402946141394512.000000 5.091914e-18 2.700682e-18 85.000000 35
96409431143558928.000000 5.200727e-18 4.250205e-18 85.000000 35
111816564645939776.000000 3.415767e-18 1.426906e-18 75.000000 35
128764411498558720.000000 3.120096e-18 3.076924e-18 55.000000 35
147407043036439552.000000 4.499241e-18 2.142313e-18 85.000000 35
167913937728108480.000000 2.824502e-18 2.455880e-18 55.000000 35
190471521888944288.000000 3.345176e-18 2.476781e-18 75.000000 35
215284864465863680.000000 1.143195e-18 9.585113e-19 75.000000 35
242579541300475008.000000 8.697532e-19 4.654598e-19 55.000000 35
278062621185469760.000000 5.401652e-19 3.420691e-19 65.000000 35
324190625035962944.000000 6.589535e-19 1.927657e-19 85.000000 35
393382630811702656.000000 5.487277e-19 3.682044e-19 85.000000 35
483332238320164352.000000 1.844464e-19 1.552192e-19 85.000000 35
600266728081164544.000000 9.433558e-20 5.952367e-20 55.000000 35
775668462722664704.000000 4.436799e-20 1.333920e-20 85.000000 35
1038771064684915072.000000 1.840855e-20 1.530723e-20 65.000000 35
1433424967628290560.000000 5.353684e-21 3.432362e-21 65.000000 35
2222732773515041536.000000 2.295618e-22 7.541088e-23 65.000000 35
3801348385288543232.000000 2.106979e-23 5.956977e-24 55.000000 35
19587504503023562752.000000 6.489482e-24 5.648570e-24 55.000000 35
177449065680373743616.000000 1.193371e-24 1.155200e-24 55.000000 35
966756871567124725760.000000 7.079934e-26 5.947667e-26 55.000000 35
8859834930434632843264.000000 8.874552e-27 7.046185e-27 75.000000 35
87790615519109715066880.000000 1.313340e-27 3.517940e-28 65.000000 35
877098421405860570857472.000000 5.408444e-28 2.593073e-28 55.000000 35
4823637450839614547820544.000000 1.626102e-28 7.767107e-29 55.000000 35
24556332598008381211410432.000000 2.981889e-29 2.898310e-29 75.000000 35
64021722892345917759815680.000000 4.969826e-30 4.355386e-30 75.000000 35
261348674364033600501841920.000000 5.520568e-31 3.250674e-31 65.000000 35
2234618189080910874598703104.000000 1.703179e-31 1.697157e-31 55.000000 35
12100965762665295458376613888.000000 4.353329e-32 3.103069e-32 65.000000 35
61432703630587227173359190016.000000 1.385589e-32 7.816669e-33 65.000000 35
308091392970196894544365092864.000000 8.060520e-33 7.814077e-33 55.000000 35
801408771649416194102004809728.000000 3.909238e-33 3.734438e-33 55.000000 35
1788043529007854793217284243456.000000 1.741784e-33 8.381814e-34 55.000000 35
3761313043724731991447843110912.000000 1.089828e-33 4.530139e-34 55.000000 35
7707852073158485824959007424512.000000 6.900198e-34 3.556585e-34 65.000000 35
15600930132025994617881242894336.000000 2.718480e-34 2.244722e-34 55.000000 35
31387086249761009951925900148736.000000 2.970708e-34 1.565314e-34 85.000000 35
62959398485231045123614842028032.000000 7.347471e-35 6.462813e-35 55.000000 35
126104022956171124474191980527616.000000 3.502365e-35 1.559076e-35 75.000000 35
252393271898051265160947748044800.000000 2.871021e-35 2.510906e-35 65.000000 35
504971769781811546534459283079168.000000 4.262947e-35 1.501066e-35 55.000000 35
1010128765549332037223888315219968.000000 2.410400e-35 2.283873e-35 85.000000 35
1767864259200612737229234844467200.000000 1.241969e-35 6.544140e-36 65.000000 35
2904467499677534219582818865905664.000000 1.895034e-35 1.309538e-35 65.000000 35
4609372360392915866652442594639872.000000 9.189375e-36 8.897368e-36 55.000000 35
6825748679322911834904727750967296.000000 6.117862e-36 6.010083e-36 75.000000 35
10150313157717906651974283940593664.000000 5.831739e-36 3.444108e-36 75.000000 35
15137159875310397148196361314762752.000000 6.067924e-36 2.650960e-36 55.000000 35
22617429951699135198372486589710336.000000 5.284438e-36 3.590891e-36 65.000000 35
32341781051004495585938653132619776.000000 4.827215e-36 3.148892e-36 85.000000 35
43038567260240394318104445543514112.000000 7.807001e-36 5.728331e-36 65.000000 35
54805032090399883384655419038236672.000000 5.921867e-36 2.368016e-36 75.000000 35
67748143403575321357861489882431488.000000 5.527600e-36 3.504091e-36 75.000000 35
81985565848068301283713760440090624.000000 3.673929e-36 2.368806e-36 55.000000 35
97646730537010581969162869109948416.000000 3.291353e-36 2.803110e-36 55.000000 35
114874011694847091645494092332269568.000000 9.888734e-36 2.275247e-36 75.000000 35
133824020968467257823481659989688320.000000 1.737876e-35 7.613032e-36 55.000000 35
150879029314725411073019285623275520.000000 1.342743e-35 1.224328e-35 55.000000 35
162817535157106109124323586712010752.000000 1.974280e-53 1.809700e-53 15.000000 111
168189862786177406645340855863345152.000000 4.259082e-36 1.760136e-36 75.000000 35
221913139076890566322954284472205312.000000 1.879123e-54 1.722073e-54 15.000000 111
240716285778640162986746947630530560.000000 9.477176e-37 6.541045e-37 85.000000 35
428747752796136129624673579213783040.000000 1.062344e-55 9.738171e-56 15.000000 111
513361912954009351505228710845349888.000000 2.512770e-37 1.320116e-37 85.000000 35
1359503514532741422736827437484605440.000000 1.049237e-56 9.614983e-57 15.000000 111
1655653075085297551744817808518676480.000000 4.132333e-58 3.786783e-58 15.000000 111
3136400877848078787080580022394683392.000000 1.966046e-38 1.094359e-38 85.000000 35
17943878905475889959846581443743449088.000000 2.263516e-38 1.599239e-38 35.000000 35
28309113524815358607196916940875497472.000000 3.981339e-38 3.434981e-38 75.000000 35
35564777758352982882448965493151760384.000000 2.218508e-58 2.033862e-58 15.000000 111
38104260240091153976088748064753319936.000000 8.842068e-60 8.106144e-60 15.000000 111
50801672648781995277188212313825476608.000000 3.526562e-61 3.233047e-61 15.000000 111
114288734692236201782685533559186259968.000000 1.417651e-62 1.299660e-62 15.000000 111
431724044909507281533836968482442313728.000000 5.691064e-64 5.217398e-64 15.000000 111
2018900595995862566952798554227237453824.000000 2.248114e-65 2.061004e-65 15.000000 111
9954783351427638767374015305208242896896.000000 9.119505e-67 8.360490e-67 15.000000 111
49634197128586514027082455890624690257920.000000 5.722073e-43 4.735926e-43 25.000000 35
446428334900175314981199646329956152115200.000000 9.737201e-43 7.238436e-43 55.000000 35
724184231340287514334707907305621766012928.000000 2.108994e-67 1.933633e-67 15.000000 111
821398795094326710605745966077650908741632.000000 8.369995e-69 7.674037e-69 15.000000 111
1307471613864523001445946081282865347166208.000000 3.375836e-70 3.095138e-70 15.000000 111
3737835707715504300904441746636403176898560.000000 1.340198e-71 1.228762e-71 15.000000 111
15889656176970410179226900430713954875998208.000000 5.329059e-73 4.885952e-73 15.000000 111
76648758523244943284659311707242538068869120.000000 2.157080e-74 1.977720e-74 15.000000 111
380444270254617653377662782363575350401695744.000000 8.653925e-76 7.934358e-76 15.000000 111
1899421828911481362299005164173914599153729536.000000 3.456576e-77 3.169164e-77 15.000000 111
9494309622195799510764904501903922875194146816.000000 1.372742e-78 1.258599e-78 15.000000 111
47468748588617394056046201875242168745505849344.000000 5.484734e-80 5.028683e-80 15.000000 111
237340943420725337626488883492657163672890638336.000000 2.204029e-81 2.020766e-81 15.000000 111
1186701917581265014913883084276391290415312011264.000000 8.769701e-83 8.040507e-83 15.000000 111
5933506788383963117397119637071675988865900871680.000000 3.492838e-84 3.202411e-84 15.000000 111
29667531142397455901443178010035186963210989207552.000000 1.417178e-85 1.299340e-85 15.000000 111
148337652912464931504341401578214906028553171632128.000000 5.594311e-87 5.129148e-87 15.000000 111
741688261762802247211270217001181958989308133113856.000000 2.257935e-88 2.070190e-88 15.000000 111
3708441306014489012668601201369811850890950792445952.000000 9.113684e-90 8.355888e-90 15.000000 111
18542206527272924750720500064029528609621813242101760.000000 3.600335e-91 3.300970e-91 15.000000 111
92711032633565104770207990162243985307083185770725376.000000 1.432969e-92 1.313818e-92 15.000000 111
463555163165025999550733457513652777179161807292465152.000000 5.773958e-94 5.293858e-94 15.000000 111
2317775815822330324579825266360118971313164163502571520.000000 2.317565e-95 2.124862e-95 15.000000 111
11588879079108852460148834692000145137045087092205420544.000000 9.257867e-97 8.488083e-97 15.000000 111
57944395395541466540817551029584910599450776053401780224.000000 3.702014e-98 3.394194e-98 15.000000 111
289721976977704545110937938820031861032469799221820653568.000000 1.478466e-99 1.355533e-99 15.000000 111
1448609884888519894405396911892143289885615163797583953920.000000 5.894347e-101 5.404237e-101 15.000000 111
7243049424442596161760119152571343877719894722746758725632.000000 2.370750e-102 2.173624e-102 15.000000 111
36215247122212978021207445946528826696634689532688605380608.000000 9.427544e-104 8.643651e-104 15.000000 111
181076235611064901256409828997955704251032583987623779893248.000000 3.775894e-105 3.461931e-105 15.000000 111
905381178055324506282049144989778521255162919938118899466240.000000 1.518302e-106 1.392057e-106 15.000000 111
4526905890276622531410245724948892606275814599690594497331200.000000 6.017455e-108 5.517108e-108 15.000000 111
22634529451383112657051228624744463031379072998452972486656000.000000 2.424594e-109 2.222991e-109 15.000000 111
113172647256915551867274601476043266690607609396303771371307008.000000 9.676789e-111 8.872171e-111 15.000000 111
565863236284577713664446840789500139587887024597674492608643072.000000 3.909008e-112 3.583977e-112 15.000000 111
2829316181422888385634529537584635922478831033452995006051647488.000000 1.547385e-113 1.418721e-113 15.000000 111
14146580907114442658923466353374638714236571525406484858224508928.000000 6.243454e-115 5.724316e-115 15.000000 111
70732904535572216217620606428679029978552523059598463602987630592.000000 2.494973e-116 2.287518e-116 15.000000 111
353664522677861081088103032143395149892762615297992318014938152960.000000 9.932575e-118 9.106689e-118 15.000000 111
1768322613389305545744672344483655897017557017253131477044214890496.000000 3.972376e-119 3.642076e-119 15.000000 111
8841613066946527354578942565707132424944467910897204353302343450624.000000 1.589917e-120 1.457717e-120 15.000000 111
44208065334732636772894712828535662124722339554486021766511717253120.000000 6.341680e-122 5.814374e-122 15.000000 111
221040326673663183864473564142678310623611697772430108832558586265600.000000 2.515419e-123 2.306264e-123 15.000000 111
1105201633368315871431882168654364729419713890414988556077195363090432.000000 1.012082e-124 9.279277e-125 15.000000 111
5526008166841579548721353451507930941891947845863590732728367088402432.000000 4.073156e-126 3.734476e-126 15.000000 111
27630040834207898509854537690484083888633252804472545473011396533813248.000000 1.613994e-127 1.479791e-127 15.000000 111
138150204171039480289308361525309552576390046819889258415144005200248832.000000 6.484888e-129 5.945674e-129 15.000000 111
690751020855197352406684499918104295414845365289552416276068116125974528.000000 2.599739e-130 2.383573e-130 15.000000 111
3453755104275986762033422499590521477074226826447762081380340580629872640.000000 1.042893e-131 9.561773e-132 15.000000 111
17268775521379934594804829421287702864844812033197112419696133461153677312.000000 4.205861e-133 3.856147e-133 15.000000 111
86343877606899679251125882493119278160013483373651978200836111769802899456.000000 1.670211e-134 1.531334e-134 15.000000 111
431719388034498421364036354012319446143225109698925555413602336705152548864.000000 6.666876e-136 6.112530e-136 15.000000 111
2158596940172491905952926237687812787970864005849302461792637460676658331648.000000 2.649851e-137 2.429518e-137 15.000000 111
10792984700862459529764631188439063939854320029246512308963187303383291658240.000000 1.074907e-138 9.855297e-139 15.000000 111
53964923504312296041885111683205044157309507805069959022612942734123622989824.000000 4.234267e-140 3.882191e-140 15.000000 111
269824617521561473781673381380064118618699169660699385024252738539446773743616.000000 1.692483e-141 1.551754e-141 15.000000 111
1349123087607807317486349490612631775750708893386293644410767891647863139074048.000000 6.890838e-143 6.317870e-143 15.000000 111
6745615438039036176055608122761648340011248827593841976369873049844349858217984.000000 2.704119e-144 2.479273e-144 15.000000 111
33728077190195179234773483292602199545087061580618704899113499615641885942480896.000000 1.093283e-145 1.002377e-145 15.000000 111
168640385950975883009830957893362660485681847444289484633680573009570522923532288.000000 4.357122e-147 3.994830e-147 15.000000 111
843201929754879362393008955188219953469395395386231263720855164773296987462172672.000000 1.749621e-148 1.604142e-148 15.000000 111
4216009648774396390715878101712352975674866242249427043023894221670039920066953216.000000 6.961869e-150 6.382995e-150 15.000000 111
21080048243871980268582723811646777711685888272520218112797944699564419531359125504.000000 2.803610e-151 2.570492e-151 15.000000 111
105400241219359894602926952270573939891675669607693422154703617862678977380893065216.000000 1.114638e-152 1.021957e-152 15.000000 111
527001206096799473014634761352869699458378348038467110773518089313394886904465326080.000000 4.439998e-154 4.070816e-154 15.000000 111
2635006030483997257233387138161789318623831392113812859319012756404684510107885633536.000000 1.769607e-155 1.622465e-155 15.000000 111
13175030152419986286166935690808946593119156960569064296595063782023422550539428167680.000000 7.134350e-157 6.541135e-157 15.000000 111
65875150762099927979961505058762839248217853664332595257420832824923835171435028938752.000000 2.856742e-158 2.619206e-158 15.000000 111
329375753810499653703300218874941771110600992875713881189322108465392286182223592292352.000000 1.143673e-159 1.048577e-159 15.000000 111
1646878769052498323730471868699219155031051862594773025555482319690053872211311751856128.000000 4.527255e-161 4.150817e-161 15.000000 111
8234393845262491839508242440794136973067446905838679606212898707902639126257333920858112.000000 1.821664e-162 1.670194e-162 15.000000 111
41171969226312460964388276982355014448634735272111913858548390415132153752892870896910336.000000 7.270672e-164 6.666122e-164 15.000000 111
205859846131562290687164866684700435576793670417211442672870777070709103791614744143593472.000000 2.941948e-165 2.697328e-165 15.000000 111
1029299230657811396896718260515203631218448328312664706884869185333738859066675279354134528.000000 1.159083e-166 1.062706e-166 15.000000 111
5146496153289056532170742719309629782768081451376183482588468326510241016202188865860009984.000000 4.649817e-168 4.263188e-168 15.000000 111
25732480766445282660853713596548148913840407256880917412942341632551205081010944329300049920.000000 1.871057e-169 1.715480e-169 15.000000 111
128662403832226416922771356648871851555795317805901707479398728964023651638104221893785550848.000000 7.466712e-171 6.845860e-171 15.000000 111
643312019161132113561879092573408113671722841201485500714489811230259268054917111447210164224.000000 2.984024e-172 2.735904e-172 15.000000 111
3216560095805660567809395462867040568358614206007427503572449056151296340274585557236050821120.000000 1.204670e-173 1.104502e-173 15.000000 111
16082800479028302375878620365070421147509130995285506104782306618194225543542591754527735545856.000000 4.794008e-175 4.395390e-175 15.000000 111
80414002395141506321372818434174725406138374559407953566952269140224053823748926392808455012352.000000 1.933921e-176 1.773117e-176 15.000000 111
402070011975707516785476669794400612813605791684987562616203308499128072068173878951161681149952.000000 7.682570e-178 7.043770e-178 15.000000 111
2010350059878537524641833659466111007199684633976728992206784393687671572138586382704286030102528.000000 3.070171e-179 2.814888e-179 15.000000 111
10051750299392686911782572023259850353578291276505139110543136182742732402265535768903161642745856.000000 1.225782e-180 1.123859e-180 15.000000 111
50258751496963436456050450180487797587678474764868377820691109675568663233800735230164524234440704.000000 4.927694e-182 4.517960e-182 15.000000 111
251293757484817197457352971415947354496688520883083347247258978472683325948788127236012349337894912.000000 1.948248e-183 1.786253e-183 15.000000 111
1256468787424085926578361975025703306250258016180450903661081171984056590624802831839302834026708992.000000 7.731766e-185 7.088876e-185 15.000000 111
6282343937120429632891809875128516531251290080902254518305405859920282953124014159196514170133544960.000000 3.151731e-186 2.889667e-186 15.000000 111
31411719685602147193124603262778047196525496992751819270323609773531654139713865926530428248063475712.000000 1.264126e-187 1.159015e-187 15.000000 111
157058598428010732080285231862432094143703671316721283066804370763379228194944510154843570829900382208.000000 5.016146e-189 4.599057e-189 15.000000 111
785292992140053722566830710535490740141299374936211427891040703485360821032719662419154980716173852672.000000 1.993039e-190 1.827319e-190 15.000000 111
3926464960700268861495771757570774778397620948091477189683278916100662825395586758675523409847557029888.000000 8.096573e-192 7.423349e-192 15.000000 111
19632324803501343312832385968280589581223608446815705747504092985807879246049980007058623024171034083328.000000 3.213187e-193 2.946013e-193 15.000000 111
98161624017506720542747821119696085149176027408645249541169671307821135753961715180569091221122174681088.000000 1.289786e-194 1.182541e-194 15.000000 111
490808120087533618628082670711652974718112077741493130920445182054232636864655836483949360506678890463232.000000 5.157193e-196 4.728376e-196 15.000000 111
2454040600437667965825664832652884481812704863121330588885451306150147519564501097770915567324850315853824.000000 2.075568e-197 1.902986e-197 15.000000 111
12270203002188338810610335996021379274840680110917572418693059697782612279752280811663927954955898487570432.000000 8.215837e-199 7.532696e-199 15.000000 111
61351015010941694053051679980106896374203400554587862093465298488913061398761404058319639774779492437852160.000000 3.302037e-200 3.027475e-200 15.000000 111
306755075054708478413402305238478826944799756410451954673200067108310309538368817709123397927244286922850304.000000 1.198436e-109 1.182184e-109 65.000000 35
2760795675492376240535469504442754681912935778593966438411812006664832765488824980041908988918423984436936704.000000 3.360606e-201 3.078561e-201 15.000000 111
3619709885645560006167056456191917301594479908183272372955567633492085640338855421363535140085417826968403968.000000 1.337701e-202 1.225432e-202 15.000000 111
7914280936411478312843781273309292315280104323328992816498436989148669851737052593250053156506190256676012032.000000 5.383638e-204 4.931805e-204 15.000000 111
29387136190241071410671035183781481637874515097460022721740510102870631397283903556847481456852642754063237120.000000 2.141606e-205 1.961868e-205 15.000000 111
136751412459389049415356343335224942284176878555334593748172686354992763033465079208153328704525628031792840704.000000 8.595073e-207 7.873714e-207 15.000000 111
673572793805128901892135768295194703415697767083049184379668135565066449489030194964726447705068386048060424192.000000 3.422479e-208 3.135240e-208 15.000000 111
3357679700533828214338229047491373565206623448070499823538032624349484177400643457080866865691545067292572254208.000000 1.371211e-209 1.256129e-209 15.000000 111
16778214234177326512058162129211709820116388115768846134027279483051948398930016123215096152394375367171827040256.000000 5.505391e-211 5.043339e-211 15.000000 111
83880886902394814796677273656448267502132652199932405782416730241585114586014467720556653914947701832124970565632.000000 2.190933e-212 2.007054e-212 15.000000 111
419394250243482217772006184716249572801823261568812141175682581614501086474687784907309378676184433743573123334144.000000 8.637626e-214 7.912696e-214 15.000000 111
2096961066948919301000235889484378735940970905838878485428556553891969584223385821152104227462865694035600669147136.000000 3.552038e-215 3.253926e-215 15.000000 111
10484795150476104101977118068102920821870457750358201201114023976563314328218892949576797446571793588882657360478208.000000 1.386533e-216 1.270165e-216 15.000000 111
52423965568112024825985441786677744692764551296522766749787214750101383409540518976770764743052548227848175282552832.000000 5.585583e-218 5.116801e-218 15.000000 111
262119817656291619697024161247504166557226110556860133080475445044941983113066223472928604427952628528623056800710656.000000 2.247862e-219 2.059205e-219 15.000000 111
1310599078097189707789255447268256343249649716974857963098727002966191675770766279271273761220001037655182669590298624.000000 8.935468e-221 8.185541e-221 15.000000 111
6552995380301680253238446666956589596591874650710672650142117475446637087496255665940743506750287398016613230644822016.000000 3.604392e-222 3.301886e-222 15.000000 111
32764976891324132980484402765398255863302999319389746085359069837848864146123702599288092234401719199823766035917438976.000000 1.443974e-223 1.322785e-223 15.000000 111
163824884446436411175055007413333955820233446357672921052139563675081976289190093530671998543705023184563236327726776320.000000 5.748281e-225 5.265845e-225 15.000000 111
819124422221997703599139374829627191077425336537540558533640154536668001405001605780749198163139946349650883836060368896.000000 2.278668e-226 2.087426e-226 15.000000 111
4095622111099804524078719960359767056554149678387963245404422666388523710982315321237834585086065823115488044834866855936.000000 9.174757e-228 8.404746e-228 15.000000 111
20478110555488838339789295889251527432585159474879209080187711579612661791670278975157902008640094198192354711063188471808.000000 3.661568e-229 3.354263e-229 15.000000 111
102390552777433999391097019568460038674867074900031145466126694056749419113549159390528172816713407828511752156764893609984.000000 1.480695e-230 1.356425e-230 15.000000 111
511952763887159813821630101924788641329560233234138590582081563115557700673298919015071031211019208260182951825776165519360.000000 5.914180e-232 5.417821e-232 15.000000 111
2559763819435788720842395162421282818623921563154416078809176688293358199365651281279338244811642029377203126241783093133312.000000 2.358705e-233 2.160746e-233 15.000000 111
12798819097178932155066884789669428131901698467754071937593457513407421298784770186877693790342048261353398505461488184983552.000000 9.409010e-235 8.619340e-235 15.000000 111
63994095485894653729706675626847456991066701970759277560919640842077494372050936337761393607884910915669997373001331829112832.000000 3.790566e-236 3.472435e-236 15.000000 111
319970477429473249860192715943571461839488735539100168799137812943828506201926909431134767122557006868757999786857034890084352.000000 1.511886e-237 1.384998e-237 15.000000 111
1599852387147366174147600930955194016734064580436715967973847499652906668376323458124985031945314843505422050621686677428502528.000000 5.993197e-239 5.490206e-239 15.000000 111
7999261935736831171351455249826623253523839291218719343956603758529476792414861646747680374396454980880582046358827375230189568.000000 2.410568e-240 2.208256e-240 15.000000 111
39996309678684158261664881009538341626447327568374712752481948874766931566340263082720443589341321011230684577797288780852363264.000000 9.692015e-242 8.878592e-242 15.000000 111
199981548393420781688693986006070806696924113392749099631614024045356467414637496017674051077270420628842325504973836285456154624.000000 3.872298e-243 3.547307e-243 15.000000 111
999907741967103831486426577697386822002120371370749785111704357598956813736676924920944920430862627725722848452768320476835479552.000000 1.544614e-244 1.414979e-244 15.000000 111
4999538709835519465260306297818802955940602639225731777743984838506086162029426845274425941976271040302569358552245046185958572032.000000 6.203705e-246 5.683047e-246 15.000000 111
24997693549177599788926918763748965547143019455104521706203628596620847556915471991729740428457018414904487723068452781344042254336.000000 2.468942e-247 2.261731e-247 15.000000 111
124988467745887998944634593818744827735715097275522608531018142983104237784577359958648702142285092074522438615342263906720211271680.000000 9.894993e-249 9.064535e-249 15.000000 111
624942338729440014424176067290963744818095536449419945194960350148244522897033501916104396460030766079745320519169139936915051511808.000000 3.935924e-250 3.605594e-250 15.000000 111
3124711693647199993316867943665860299532397481959872115815323209810329278588580701089078439305732607570194092826014418071319276945408.000000 1.588320e-251 1.455017e-251 15.000000 111
15623558468235998705720141433705966704732704205203718816524959394157353018597514569582295508617923472594450307812771584544500694908928.000000 6.303615e-253 5.774571e-253 15.000000 111
78117792341179993528600707168529833523663521026018594082624796970786765092987572847911477543089617362972251539063857922722503474544640.000000 2.525229e-254 2.313294e-254 15.000000 111
390588961705899947469176363288675810931449073856562702212297478375625131475411641265747840708876253770756935194242481520618986335633408.000000 1.006781e-255 9.222846e-256 15.000000 111
1952944808529499575955264436011592201162297119094571365454875340051656105460848422538262827491806604500950095962597942859146683381448704.000000 4.061316e-257 3.720462e-257 15.000000 111
9764724042647497879776322180057961005811485595472856827274376700258280527304242112691314137459033022504750479812989714295733416907243520.000000 1.602745e-258 1.468231e-258 15.000000 111
48823620213237486816631732813381215373138255974352409806666090672067889805861854022808948670453970482878399118927117135575495111788724224.000000 6.401184e-260 5.863951e-260 15.000000 111
244118101066187444412158176414540435489367967883809546352153624677233500351946696276635231419634630932973408715186911421490163449933594624.000000 2.585345e-261 2.368365e-261 15.000000 111
1220590505330937263376788931463239611941546591467237721036060808653743707050283186033538109367632268739192696058139860081901568813627867136.000000 1.036539e-262 9.495449e-263 15.000000 111
6102952526654686151619952459754048321728905949143428648079133302198413714089217111566242737760324887398660870361878088511704837812299759616.000000 4.142028e-264 3.794400e-264 15.000000 111
30514762633273432080211699879267439512475145811259222897205032439554507139743676106642796161424316087371725231239960137740948239108215406592.000000 1.645900e-265 1.507765e-265 15.000000 111
152573813166367155112610749074348405947053264794127795858787698483522781421528018337967650916630813835344942638477521907975044995354210598912.000000 6.599686e-267 6.045793e-267 15.000000 111
762869065831835796716844746659697196196556181019312253802888347274612924216401540470823574145117135582779447263276724662794009777518518730752.000000 2.641312e-268 2.419634e-268 15.000000 111
3814345329159178983584223733298485980982780905096561269014441736373064621082007702354117870725585677913897236316383623313970048887592593653760.000000 1.056072e-269 9.674389e-270 15.000000 111
19071726645795895594842430707706995231675179951040351129358604037289291652890404872762119579610746514563237671850369800503251358061881871826944.000000 4.243483e-271 3.887340e-271 15.000000 111
95358633228979480681897401703393237465421001457431934783938601608142332454373489807776718801985005072791194320325655738249861244805084973367296.000000 1.710491e-272 1.566934e-272 15.000000 111
476793166144897370917264030538667051642563786860397524273946030980361171992809863711290143162749755364255900068742597862446052770077317496045568.000000 6.652586e-274 6.094254e-274 15.000000 111
2383965830724486767940392211417870896387375679830621888981071549407537885886562424349534846887948056822079309589351173768754921306524967824785408.000000 2.714892e-275 2.487039e-275 15.000000 111
11919829153622433839701961057089354481936878399153109444905357747037689429432812121747674234439740284110396547946755868843774606532624839123927040.000000 1.081501e-276 9.907340e-277 15.000000 111
59599145768112166425840111164631912831270207852681843788089713359371871976684479994117063366573078380577576635594201246827662071259552366645477376.000000 4.333598e-278 3.969892e-278 15.000000 111
297995728840560843219879332306419002470007775835744032686196868300125660565340722429070548055367884062785507594529318623703154201912049149124018176.000000 1.716397e-279 1.572345e-279 15.000000 111
1489978644202804216099396661532095012350038879178720163430984341500628302826703612145352740276839420313927537972646593118515771009560245745620090880.000000 6.908412e-281 6.328609e-281 15.000000 111
7449893221014020903046122883928324048731686610736243797222948883450880703222824901391000001824157227011275699198299967359541353517972631673754353664.000000 2.772576e-282 2.539882e-282 15.000000 111
37249466105070105934837497809498828347806495334940075145570527009672490003399669781641109605601105131523274421310963822662006779828491934803540574208.000000 1.103892e-283 1.011245e-283 15.000000 111
186247330525350518317332421928636476905847978424629526452206374309017758118713986710716671256162973685881204703999107226395633801233429462539552423936.000000 4.410077e-285 4.039952e-285 15.000000 111
931236652626752637014082378118613043861977885123431029363616914502467558186707382343538863368185076316346693130218383679635769397803268158610363908096.000000 1.763144e-286 1.615169e-286 15.000000 111
4656183263133762821651049742789619944647985481614887969997404228853307650188437321398050260141963718486208108769309138016918043855927374025751005233152.000000 7.075842e-288 6.481987e-288 15.000000 111
23280916315668815561932697305161880821887543184083508557269742518902658813922584968268827527505665244813141971373676811609633431811992737197958283395072.000000 2.823350e-289 2.586394e-289 15.000000 111
116404581578344071994953692160954279714847252816381267957217827095968811817691331396229832730344939614537304146759859571947994308930540217712978388058112.000000 1.135701e-290 1.040385e-290 15.000000 111
582022907891720383233607638264191896152598116498051439102612677474021988096143030761606383280458244510800143574233395804140662945170394961672144055959552.000000 4.570206e-292 4.186642e-292 15.000000 111
2910114539458602102238751610996323461389885401819417990045251723323533372542206144051689673432159594058909700594639762575908845929993525793218737205149696.000000 1.799466e-293 1.648443e-293 15.000000 111
14550572697293009766910904376280161384441847731780446772097505272803973134465066759283817339041324484274912572079307678658722104833401425026661618324340736.000000 7.359391e-295 6.741739e-295 15.000000 111
72752863486465048834554521881400806922209238658902233860487526364019865672325333796419086695206622421374562860396538393293610524167007125133308091621703680.000000 4.625887e-157 3.980229e-157 15.000000 62
654775771378185415693939379214160672779640611055987523044267630274140591747057157416583587357036450239742715954964329244576186723372945600137946658150285312.000000 6.568642e-296 6.023115e-296 15.000000 111
858483789140287504796589405045189753121341405552648614453392490089319817021826398544180644303968689914334792386865604155665680202780328498387556981800960000.000000 2.647737e-297 2.427842e-297 15.000000 111
1877023877950797855041634263326548796748875230539423744698536361157063146180189217177413157439337282076781775391953913530847915623296768885388303934274142208.000000 2.641951e-158 2.191847e-158 75.000000 35
12062424766055903262856188263615866394643616430337781583159583631997552382073485143604793720778875327911519588531198310887974909358870654840341866774609788928.000000 2.666450e-298 2.442119e-298 15.000000 111
15627315076892690536664103247212272986230656440253328133822871888824334803498072265873388004344884068795731419747606110684030285072403411341564832431848030208.000000 1.069933e-299 9.799186e-300 15.000000 111
33451766631076623857121109497233142485574811769942090429523939476697357399725539493064270730997564374480361802888267023895819740391412022511765911413073117184.000000 4.269298e-301 3.910118e-301 15.000000 111
122574024401996281313658434743453999606522454258718990535183156327279801848176470476562418290728875706694227399767437332649304747240489564355030058404300193792.000000 1.714905e-302 1.570629e-302 15.000000 111
568185313256594635665161571669703881300263650540160841131017461897931593330131429845399107295287427139964988388873606763323453092956291042961453278069690204160.000000 6.784956e-304 6.214132e-304 15.000000 111
2796241757529586602531961651050467751118796494020264203397572906311887479437216203275316228553431441825450234802652651405877389909449229401492049331914471899136.000000 2.739992e-305 2.509474e-305 15.000000 111
13936523978894545558874182271581472024137239832092757522937122503858530730834745175789100291785070856416784980264430985917322696096301231849401869801308137979904.000000 1.092746e-306 1.000812e-306 15.000000 111
69637935085719334097088184742252030626034996936122612623438585161649445269508470787614542968412027688761252580589380338820686984217315453192999613571705855803392.000000 4.366010e-308 3.998694e-308 15.000000 111
348144990619843293957775223833562096234308546318686569743235683107945347688240376786286319860257722512167157431419968482385629592558812484874854568509263629516800.000000 1.759618e-309 1.611580e-309 15.000000 111
1740680268290463255592135035721708456118732242476154254269324591417924704458061807298975622947298442885114040987155409511210760947410688206578864666187888425172992.000000 7.039391e-311 6.447161e-311 15.000000 111
8703356656643562614232142849659558936590849633047544649101636589211975764588566773808891748336252747425769617622988767640258336239116369870590417337067928297668608.000000 2.776901e-312 2.543277e-312 15.000000 111
43516738598409060805975532460913330997906995533243001598635164492089306650143409518525011366536022084026181673246558637887961355087811835351341285012619944878145536.000000 1.120260e-313 1.026012e-313 15.000000 111
217583648307236559756368769326122303641376633304726029062714049228802107277359439883057260836134856275011865793903854158283420120132243775101913362368390411883380736.000000 4.488409e-315 4.110795e-315 15.000000 111
1087918196851374060901675984699319256728235948778545760556237469090227027372993045018479829287009017236327185471221888695586268881995167163732227940329651054191837184.000000 1.782430e-316 1.632472e-316 15.000000 111
5439590939572061029587565453604528473123597890369658507481018889457034603248670992423641698899460661506404261639161278814753898013485634157177648770813656454022561792.000000 1.141887e-316 5.269845e-317 155.000000 35
27197954653175498737233794707254710816641392322474480431666716278972763280507007813566522901051954405718120427644995736436440655286000102189504230572952605115637825536.000000 1.260934e-316 3.634297e-317 165.000000 35
135989773221192690548855548871647492547420061310597742269237249269616196150090060015414725316488978010046793583578325175431558569208643451568393685469040401752241733632.000000 6.294402e-317 5.992889e-317 145.000000 35
679948866061278711801385869720306931451917645975597943573288789041064360680541314851197869082490638813821913555423958237254146562463209373590715331771947398177285472256.000000 6.901902e-317 2.817325e-317 145.000000 35
3399744330261708582379913705441389485024747397713459990495319172797640340535819086108480246775930991237250865949552808682525829344410926320059852259538182540648517730304.000000 3.680607e-317 2.296902e-317 145.000000 35
16998721651263858878009047958135660816687528842751326063498380351983179611000121954081425499789404559736182217780594320364249271991449961706975422113362557611620624760832.000000 1.532446e-316 2.497851e-317 165.000000 35
84993608256274609518166723600194698751624873680075273461053322460886289855599046061335899885260086352113695341504337648145875348571266960281935595635823811314378097033216.000000 1.305400e-316 4.266408e-317 165.000000 35
424968041281328386182618979210034812680855344726925733537718219042090252094826193110695324441320704717281282752204052744609757557820940947226031384154627486087051219042304.000000 6.839558e-317 2.746538e-317 145.000000 35
2124840206406597309728304047087026681049082694578716416359140163725290196461646259522784537442264726948742114306412911297024743163527463443208158762588355699251363847340032.000000 1.275677e-319 1.175086e-319 255.000000 43
10624201032032942356506583144635093209259019386424745909805956146097878005449712790679679564800488095766023813418366890140119133159613703243243045637047235050949695183519744.000000 0.000000e+00 0.000000e+00 0.000000 3
