Std No.	Outgassing	ChemProd	ChemLoss	DryDepo		WetDepo		Escape		Condensation	Net Flux	Global Change
3	0.000000e+00	6.182834e+10	-6.165568e+10	-1.910283e+02	-3.780294e-05	-1.910573e+08	0.000000e+00	-1.840042e+07	-1.432101e-08
53	9.000000e-01	4.681789e+10	-4.540893e+09	-0.000000e+00	0.000000e+00	-0.000000e+00	0.000000e+00	4.227700e+10	3.454988e-16
1	0.000000e+00	1.099339e+08	-1.099349e+08	-1.063008e-06	-1.003021e-10	-0.000000e+00	0.000000e+00	-1.019933e+03	-4.001775e-07
56	0.000000e+00	8.438940e+08	-8.462946e+08	-0.000000e+00	-6.004266e-22	-0.000000e+00	0.000000e+00	-2.400527e+06	-1.106183e+01
54	0.000000e+00	4.254084e+04	-4.253725e+04	-0.000000e+00	0.000000e+00	-0.000000e+00	0.000000e+00	3.592148e+00	1.452194e-09
2	0.000000e+00	5.719970e-08	-5.720103e-08	-7.293969e-25	-1.129315e-22	-0.000000e+00	0.000000e+00	-1.332879e-12	-4.249384e-08
4	0.000000e+00	2.286570e+09	-2.287634e+09	-1.064586e-06	-4.463150e-06	-0.000000e+00	0.000000e+00	-1.064129e+06	-2.066694e-06
5	0.000000e+00	4.826912e+00	-4.826911e+00	-8.420943e-152	-1.999927e-07	-0.000000e+00	0.000000e+00	9.338037e-07	4.463678e-09
7	2.000000e-02	1.442468e+09	-1.350136e+09	-0.000000e+00	0.000000e+00	-0.000000e+00	-1.233834e+28	-1.233834e+28	-1.841634e+04
6	0.000000e+00	3.727690e+00	-3.727639e+00	-2.289945e-13	-3.929341e-07	-0.000000e+00	0.000000e+00	5.082337e-05	3.550075e-12
52	3.000000e+11	4.918738e+08	-8.074109e+08	-2.153853e+11	-8.429696e+10	-0.000000e+00	0.000000e+00	2.210120e+06	1.690752e-16
20	0.000000e+00	1.718042e+10	-1.709239e+10	-8.981112e+07	0.000000e+00	-0.000000e+00	0.000000e+00	-1.789404e+06	-3.282648e-17
22	0.000000e+00	3.366325e+09	-3.146575e+09	-9.748609e+04	-2.197370e+08	-0.000000e+00	0.000000e+00	-8.493213e+04	-4.452914e-12
61	0.000000e+00	1.786243e+10	-1.786268e+10	-9.194158e+04	-8.096959e-06	-0.000000e+00	0.000000e+00	-3.380923e+05	-7.232475e-09
19	0.000000e+00	6.907579e+07	-6.907344e+07	-0.000000e+00	-2.645370e-15	-0.000000e+00	0.000000e+00	2.347622e+03	1.762225e-09
58	0.000000e+00	2.060332e+08	-2.061134e+08	-0.000000e+00	-7.791451e-19	-0.000000e+00	0.000000e+00	-8.021051e+04	-2.114033e-04
59	0.000000e+00	1.880106e+08	-1.880114e+08	-0.000000e+00	-1.449191e-17	-0.000000e+00	0.000000e+00	-7.558979e+02	-1.570360e-06
80	0.000000e+00	1.600354e+08	-1.607164e+08	-0.000000e+00	-8.720658e-23	-0.000000e+00	0.000000e+00	-6.810022e+05	-2.622642e+01
60	0.000000e+00	2.807887e+08	-2.813110e+08	-0.000000e+00	-3.006780e-12	-0.000000e+00	0.000000e+00	-5.222850e+05	-6.094518e-07
21	3.000000e+08	3.885027e+06	-3.026003e+08	-0.000000e+00	0.000000e+00	-0.000000e+00	0.000000e+00	1.284737e+06	4.585120e-16
62	0.000000e+00	2.193453e+07	-2.193712e+07	-9.735610e-04	-4.103750e-13	-0.000000e+00	0.000000e+00	-2.584937e+03	-5.558508e-06
24	0.000000e+00	1.363633e+07	-1.340240e+07	-2.248015e+04	-2.090960e+05	-0.000000e+00	0.000000e+00	2.345748e+03	8.870853e-12
63	0.000000e+00	1.603558e+04	-1.835012e+03	-3.996867e+00	-1.419679e+04	-0.000000e+00	0.000000e+00	-2.151388e-01	-2.799710e-14
23	0.000000e+00	3.859808e-05	-4.844295e-09	-2.750534e-151	-1.158248e-05	-0.000000e+00	0.000000e+00	2.701075e-05	4.301616e-06
71	0.000000e+00	2.092999e+01	-2.095458e+01	-1.758215e-16	-1.397167e-13	-0.000000e+00	0.000000e+00	-2.458966e-02	-5.867389e+01
25	0.000000e+00	3.192434e-10	-6.479573e-11	-1.156026e-10	-7.577293e-10	-0.000000e+00	0.000000e+00	-6.188842e-10	-6.398543e-08
26	0.000000e+00	2.775321e-32	-2.775233e-32	-0.000000e+00	-1.507952e-54	-0.000000e+00	0.000000e+00	8.759879e-37	1.160080e-09
64	0.000000e+00	7.123272e+06	-7.128109e+06	-0.000000e+00	-7.553471e-21	-0.000000e+00	0.000000e+00	-4.837265e+03	-1.493034e-03
27	0.000000e+00	7.300974e+06	-7.296408e+06	-0.000000e+00	0.000000e+00	-0.000000e+00	0.000000e+00	4.565549e+03	1.102025e-10
28	0.000000e+00	2.233686e+05	-2.233905e+05	-0.000000e+00	-1.703176e-14	-0.000000e+00	0.000000e+00	-2.193575e+01	-4.566274e-07
29	0.000000e+00	2.611421e+05	-2.610527e+05	-0.000000e+00	0.000000e+00	-0.000000e+00	0.000000e+00	8.935765e+01	1.448243e-11
30	0.000000e+00	9.092143e+04	-9.092216e+04	-0.000000e+00	-1.591878e-12	-0.000000e+00	0.000000e+00	-7.247459e-01	-5.419998e-09
31	0.000000e+00	1.673364e+05	-1.294353e+05	-3.761673e+04	0.000000e+00	-0.000000e+00	0.000000e+00	2.843808e+02	1.244039e-14
32	0.000000e+00	2.560709e+04	-2.561019e+04	-7.976968e-160	-1.713120e-20	-0.000000e+00	0.000000e+00	-3.103677e+00	-3.913006e-07
33	0.000000e+00	9.545412e+03	-9.476198e+03	-9.710948e-05	-6.887862e+01	-0.000000e+00	0.000000e+00	3.350647e-01	3.437928e-12
34	0.000000e+00	1.084675e+05	-1.084515e+05	-1.357285e-03	-1.179250e-13	-0.000000e+00	0.000000e+00	1.599746e+01	3.926406e-06
35	0.000000e+00	5.163147e+02	-5.157334e+02	-4.686904e-01	-1.067340e-01	-0.000000e+00	0.000000e+00	5.891888e-03	4.774616e-12
36	0.000000e+00	9.184594e+01	-9.184634e+01	-1.451674e-10	-3.771924e-18	-0.000000e+00	0.000000e+00	-3.987775e-04	-1.224567e-08
40	0.000000e+00	4.741367e+09	-4.742134e+09	-0.000000e+00	-4.848256e-08	-0.000000e+00	0.000000e+00	-7.664022e+05	-4.642327e-09
41	0.000000e+00	2.326813e+09	-2.326437e+09	-0.000000e+00	-9.844481e-10	-0.000000e+00	0.000000e+00	3.766607e+05	4.347054e-07
76	0.000000e+00	4.614632e+06	-4.611336e+06	-0.000000e+00	-7.148280e-14	-0.000000e+00	0.000000e+00	3.296016e+03	6.997304e-06
77	0.000000e+00	1.029634e+06	-1.028676e+06	-0.000000e+00	-1.949203e-14	-0.000000e+00	0.000000e+00	9.579365e+02	4.201087e-06
42	0.000000e+00	2.460483e+07	-2.460457e+07	-0.000000e+00	-4.644824e-06	-0.000000e+00	0.000000e+00	2.555008e+02	1.550638e-11
43	3.000000e+09	5.796062e+08	-5.807267e+08	-1.221696e+09	-1.778390e+09	-0.000000e+00	0.000000e+00	-1.206723e+06	-4.193484e-10
74	0.000000e+00	5.683971e+08	-5.672167e+08	-0.000000e+00	-4.370482e-18	-0.000000e+00	0.000000e+00	1.180316e+06	1.384676e+04
75	0.000000e+00	6.302259e+07	-6.299602e+07	-0.000000e+00	-3.563406e-17	-0.000000e+00	0.000000e+00	2.657218e+04	5.740831e+01
44	0.000000e+00	1.035326e+00	-1.035099e+00	-5.510890e-12	-2.979015e-08	-0.000000e+00	0.000000e+00	2.262257e-04	2.853893e-10
45	3.000000e+08	4.019688e+08	-4.023882e+08	-2.977814e+08	-2.132459e+06	-0.000000e+00	0.000000e+00	-3.331544e+05	-2.771269e-12
46	0.000000e+00	1.224929e+09	-1.224596e+09	-0.000000e+00	-1.725186e-06	-0.000000e+00	0.000000e+00	3.332769e+05	1.077648e-07
47	0.000000e+00	2.342475e+07	-2.342593e+07	-0.000000e+00	-8.380171e-05	-0.000000e+00	0.000000e+00	-1.181553e+03	-2.723445e-11
48	0.000000e+00	1.876780e+04	-1.876777e+04	-0.000000e+00	-7.483654e-12	-0.000000e+00	0.000000e+00	2.489106e-02	2.867365e-14
68	0.000000e+00	7.022959e-01	-7.015897e-01	-1.453451e-06	-6.980538e-04	-0.000000e+00	0.000000e+00	6.776847e-06	3.320990e-11
73	0.000000e+00	5.920217e-01	-3.307441e-01	-1.097908e-04	-2.608238e-01	-0.000000e+00	-2.792808e-08	3.440272e-04	1.168598e-12
78	0.000000e+00	0.000000e+00	0.000000e+00	-8.277665e-11	-2.097659e-16	-0.000000e+00	2.792808e-08	2.784531e-08	1.510616e-13
79	0.000000e+00	1.329298e-01	0.000000e+00	-0.000000e+00	-7.901931e-02	-0.000000e+00	-2.848581e+06	-2.848581e+06	-1.030743e-10
111	0.000000e+00	0.000000e+00	0.000000e+00	-5.075339e-02	-3.136243e-03	-0.000000e+00	2.848581e+06	2.848581e+06	1.101783e-10
8	0.000000e+00	4.762802e+07	-4.762803e+07	-0.000000e+00	-4.277835e-10	-0.000000e+00	0.000000e+00	-1.134357e+01	-2.422671e-10
9	3.000000e+10	7.911974e+09	-3.605911e+10	-1.829231e+09	0.000000e+00	-0.000000e+00	0.000000e+00	2.363068e+07	2.129102e-16
10	0.000000e+00	5.931047e+10	-5.932675e+10	-0.000000e+00	-1.731080e+02	-0.000000e+00	0.000000e+00	-1.627882e+07	-4.119790e-09
57	0.000000e+00	1.529733e+09	-1.537088e+09	-0.000000e+00	-1.426317e+03	-0.000000e+00	0.000000e+00	-7.356286e+06	-7.510396e-15
11	0.000000e+00	3.337028e+08	-9.944812e+07	-0.000000e+00	-2.340615e+08	-0.000000e+00	0.000000e+00	1.931698e+05	3.644978e-15
12	0.000000e+00	1.049594e+09	-1.049611e+09	-1.392138e-09	-1.855956e-09	-0.000000e+00	0.000000e+00	-1.736938e+04	-5.426173e-07
13	0.000000e+00	2.362415e-02	-2.362414e-02	-8.412612e-30	-5.779319e-19	-0.000000e+00	0.000000e+00	9.192173e-09	2.157170e-08
14	0.000000e+00	7.275601e-13	-7.274544e-13	-3.642368e-40	-2.997120e-25	-0.000000e+00	0.000000e+00	1.056237e-16	5.186962e-06
15	0.000000e+00	3.121796e-33	-3.121762e-33	-7.279841e-79	-2.903286e-40	-0.000000e+00	0.000000e+00	3.412536e-38	2.392693e-12
16	0.000000e+00	1.019996e+09	-1.019981e+09	-0.000000e+00	-2.625192e+02	-0.000000e+00	0.000000e+00	1.436215e+04	1.684440e-09
17	0.000000e+00	1.917192e-01	-1.916728e-01	-6.166132e-18	-4.039101e-10	-0.000000e+00	0.000000e+00	4.642835e-05	1.972513e-09
18	0.000000e+00	2.869176e-11	-2.868834e-11	-1.025232e-23	-1.257101e-18	-0.000000e+00	0.000000e+00	3.422614e-15	4.979103e-10
70	0.000000e+00	6.230316e-22	-6.230342e-22	-0.000000e+00	-4.103250e-30	-0.000000e+00	0.000000e+00	-2.607245e-27	-1.179292e-11
37	0.000000e+00	8.676593e+08	-5.637023e+08	-7.834454e+07	-2.240066e+08	-0.000000e+00	0.000000e+00	1.605922e+06	3.724814e-12
38	0.000000e+00	5.642939e+08	-5.660278e+08	-1.308307e-17	-3.783320e-08	-0.000000e+00	0.000000e+00	-1.733925e+06	-3.002811e-05
39	0.000000e+00	8.261333e+06	-8.261279e+06	-0.000000e+00	-3.469797e-18	-0.000000e+00	0.000000e+00	5.412625e+01	5.083530e-08
72	0.000000e+00	2.837955e+04	-2.837964e+04	-0.000000e+00	-3.127082e-03	-0.000000e+00	0.000000e+00	-8.749666e-02	-4.068374e-17
65	0.000000e+00	3.256364e-03	-3.255337e-03	-7.562593e-14	-7.877096e-12	-0.000000e+00	0.000000e+00	1.027117e-06	2.955143e-09
66	0.000000e+00	5.285500e-13	-5.285872e-13	-2.007248e-18	-9.252426e-19	-0.000000e+00	0.000000e+00	-4.011818e-17	-6.675914e-12
109	0.000000e+00	2.767176e+08	-2.714254e+08	-0.000000e+00	-5.164568e+06	-0.000000e+00	0.000000e+00	1.276200e+05	4.772368e-12
67	0.000000e+00	1.423220e+00	-1.423150e+00	-0.000000e+00	-7.067790e-05	-0.000000e+00	0.000000e+00	-1.104347e-06	-2.275431e-20
110	0.000000e+00	8.990166e+04	-3.520229e+03	-0.000000e+00	-8.637435e+04	-0.000000e+00	0.000000e+00	7.085842e+00	7.592333e-14
106	0.000000e+00	1.016282e+10	-1.016346e+10	-0.000000e+00	-6.085014e-03	-0.000000e+00	0.000000e+00	-6.366116e+05	-3.224257e-12
107	0.000000e+00	3.804919e+10	-3.804862e+10	-0.000000e+00	-1.054831e-06	-0.000000e+00	0.000000e+00	5.765971e+05	4.682307e-09
108	0.000000e+00	3.804862e+10	-3.804919e+10	-0.000000e+00	-7.784405e-03	-0.000000e+00	0.000000e+00	-5.738774e+05	-3.671197e-12
49	0.000000e+00	4.097294e-01	-4.096236e-01	-8.211209e-05	-2.246907e-07	-0.000000e+00	0.000000e+00	2.356075e-05	3.783751e-12
50	0.000000e+00	3.002959e-01	-3.000219e-01	-0.000000e+00	-2.997732e-04	-0.000000e+00	0.000000e+00	-2.582180e-05	-1.254399e-19
51	0.000000e+00	0.000000e+00	0.000000e+00	-0.000000e+00	0.000000e+00	-0.000000e+00	0.000000e+00	0.000000e+00	nan
69	0.000000e+00	0.000000e+00	0.000000e+00	-0.000000e+00	0.000000e+00	-0.000000e+00	0.000000e+00	0.000000e+00	nan
