0.000000 5.367156e-03 3.307656e-03 63.000000 56
0.000010 9.023610e-04 7.967109e-04 73.000000 56
0.000110 1.226093e-04 9.398137e-05 95.000000 56
0.001110 3.016680e-05 2.601315e-05 95.000000 56
0.011110 3.370355e-06 2.031045e-06 7.000000 7
0.111110 2.300481e-07 1.963780e-07 61.000000 60
1.111110 3.934982e-08 3.172253e-08 5.000000 14
11.111110 5.368183e-09 4.152219e-09 49.000000 60
111.111110 3.560930e-10 3.069325e-10 53.000000 32
1111.111110 9.276356e-11 6.010874e-11 47.000000 29
11111.111110 4.193195e-12 3.981621e-12 49.000000 60
111111.111110 5.345922e-13 4.528374e-13 11.000000 72
1111111.111110 5.092868e-14 4.776666e-14 97.000000 54
11111111.111110 4.792227e-15 4.042924e-15 97.000000 54
111111111.111110 4.130978e-16 3.246887e-16 97.000000 54
1111111111.111110 3.409199e-17 2.007408e-17 47.000000 29
11111111111.111111 8.818839e-19 8.340918e-19 45.000000 72
111111111111.111115 4.330231e-20 2.286492e-20 47.000000 29
1111111111111.111084 1.262796e-21 1.196501e-21 45.000000 72
11111111111111.111328 5.296453e-23 4.052738e-23 47.000000 29
111111111111111.109375 1.935960e-24 1.647377e-24 47.000000 29
1111111111111111.125000 7.591987e-26 6.156986e-26 47.000000 29
11111111111111112.000000 3.270570e-27 1.820253e-27 47.000000 29
111111111111111104.000000 1.093378e-28 6.849220e-29 47.000000 29
1111111111111111168.000000 5.299733e-30 2.973751e-30 47.000000 29
11111111111111110656.000000 1.125545e-30 1.121520e-30 45.000000 2
111111111111111114752.000000 7.138677e-32 7.106789e-32 45.000000 2
1111111111111111081984.000000 1.227796e-32 1.202813e-32 45.000000 2
11111111111111111344128.000000 2.240644e-33 2.208193e-33 45.000000 2
111111111111111109246976.000000 1.034537e-34 1.022753e-34 45.000000 2
1111111111111111092469760.000000 6.908345e-36 6.708622e-36 45.000000 2
11111111111111108777213952.000000 4.408209e-37 4.275693e-37 45.000000 2
111111111111111104952008704.000000 5.821445e-39 5.422113e-39 45.000000 2
1111111111111110912081133568.000000 1.140556e-38 1.113477e-38 45.000000 2
11111111111111109670567149568.000000 4.105672e-40 4.066022e-40 45.000000 2
111111111111111105501764517888.000000 1.026625e-40 1.013431e-40 45.000000 2
1111111111111110914280156823552.000000 1.270173e-41 1.252912e-41 45.000000 2
11111111111111109705751521656832.000000 3.064037e-43 3.049640e-43 45.000000 13
111111111111111097057515216568320.000000 7.643898e-44 7.572705e-44 45.000000 2
1111111111111111114690340241539072.000000 3.542504e-45 3.490002e-45 45.000000 2
11111111111111109993981897808543744.000000 2.254523e-46 2.167643e-46 45.000000 2
111111111111111113774877033367601152.000000 1.108990e-46 1.085677e-46 45.000000 2
1111111111111111027068305891418701824.000000 5.429233e-48 5.321898e-48 45.000000 2
11111111111111108499795627838070063104.000000 1.144751e-48 1.137081e-48 45.000000 2
111111111111111089720322761250345844736.000000 5.751564e-50 5.430304e-50 45.000000 2
1111111111111110859424295749546296737792.000000 8.819901e-51 8.745323e-51 45.000000 2
11111111111111107687548592784491086348288.000000 1.083850e-51 1.062995e-51 45.000000 2
111111111111111081711189206303427562307584.000000 2.645665e-53 2.601039e-53 45.000000 2
1111111111111110971854396973706809985466368.000000 4.393470e-54 4.289958e-54 45.000000 2
11111111111111110028028979558413168579444736.000000 2.042029e-55 2.040525e-55 45.000000 2
111111111111111107707930031296413335189192704.000000 1.540880e-56 1.259454e-56 11.000000 2
1111111111111110997851137798699795758347976704.000000 4.057774e-57 3.928882e-57 11.000000 2
11111111111111110612336678101112658331831369728.000000 5.418602e-58 5.320367e-58 45.000000 13
111111111111111113729270382380502992298532929536.000000 7.298147e-59 7.169216e-59 45.000000 2
1111111111111111177857523031108370770879831867392.000000 1.122193e-59 1.097753e-59 45.000000 2
11111111111111112103093783969510434491954339250176.000000 5.121919e-61 4.984644e-61 45.000000 2
111111111111111128819383127497345787715287886331904.000000 2.275995e-61 2.237592e-61 45.000000 2
1111111111111111122040331801858973764176996328275968.000000 2.074613e-62 2.024765e-62 45.000000 2
11111111111111110888096319072360769415818198212673536.000000 6.385326e-64 6.131452e-64 45.000000 2
111111111111111100905595216014112456735339620444667904.000000 2.397361e-65 2.327030e-65 45.000000 2
1111111111111111179197135620610356299040699920330784768.000000 9.228673e-66 9.076277e-66 45.000000 2
11111111111111112132253723127042026453781606635076059136.000000 1.980669e-66 1.936888e-66 45.000000 2
111111111111111121322537231270420264537816066350760591360.000000 5.123437e-68 4.878805e-68 45.000000 2
1111111111111111126113086380943955998754261160974943780864.000000 2.088667e-69 2.058522e-69 45.000000 2
11111111111111112654927438717603506333525003650272031932416.000000 3.927240e-70 3.923933e-70 45.000000 2
111111111111111115398901787910723492567390900178539566333952.000000 1.337830e-70 1.313817e-70 45.000000 2
1111111111111111332394979467352220057959655182972287711182848.000000 7.540734e-72 7.406902e-72 45.000000 2
11111111111111112610325948320542260050453567104975308920455168.000000 9.238544e-73 9.118074e-73 45.000000 2
111111111111111117539773326969663314154819854352782270908071936.000000 1.291717e-73 1.268906e-73 45.000000 2
1111111111111111358085437936059497917008802633063200166072287232.000000 1.397111e-74 1.364711e-74 45.000000 2
11111111111111112484728151362417790517324401793419736918773465088.000000 7.257074e-76 7.040649e-76 45.000000 2
111111111111111133616291337609595414395353014231895487123329908736.000000 1.424613e-76 1.385499e-76 45.000000 2
1111111111111111195858756192329273996399786201555784984263774961664.000000 1.676769e-77 1.639423e-77 45.000000 2
11111111111111113081020819393426181144427813541663208938393942622208.000000 1.830573e-78 1.792943e-78 45.000000 2
111111111111111121830742134173194282000838523207789216617889882177536.000000 2.774945e-80 2.029374e-80 47.000000 29
1111111111111111170416935689672915996310040633630730178093301253537792.000000 2.463741e-80 2.411001e-80 45.000000 2
11111111111111112087293242113201374552687163123884597685617793081278464.000000 1.446788e-81 1.429041e-81 45.000000 2
111111111111111123937923502863791462243565685539464344093656175179988992.000000 1.394180e-82 1.381600e-82 45.000000 2
1111111111111111288419092336346358089902761724204537316736213661675159552.000000 3.401677e-84 3.387701e-84 45.000000 13
11111111111111112491872064901796033159290778291566222160964921337749438464.000000 1.679119e-85 1.667636e-85 43.000000 72
111111111111111115503068045937939185839223648104162597456116046681442615296.000000 9.312205e-86 9.192209e-86 45.000000 2
1111111111111111230355901284019561024421709559533622967789425800382840307712.000000 5.345634e-87 5.323249e-87 45.000000 2
11111111111111111098355479645952903587745526339464277786242012666733776601088.000000 3.101404e-88 3.064186e-88 45.000000 13
111111111111111120625183062013470689129227817441618392995638089364094777819136.000000 1.691102e-88 1.666627e-88 45.000000 2
1111111111111111257673848036422395708635065129333387210666876694690318507835392.000000 5.596120e-90 5.483509e-90 45.000000 2
11111111111111112576738480364223957086350651293333872106668766946903185078353920.000000 6.651755e-91 6.481298e-91 45.000000 2
111111111111111125767384803642239570863506512933338721066687669469031850783539200.000000 1.897023e-91 1.864436e-91 45.000000 2
1111111111111111257673848036422395708635065129333387210666876694690318507835392000.000000 7.634384e-93 7.515128e-93 45.000000 2
11111111111111112576738480364223957086350651293333872106668766946903185078353920000.000000 6.506314e-94 6.405649e-94 45.000000 2
111111111111111132507371470429899519530260284688246389475973775104174971059441762304.000000 1.146573e-94 1.114515e-94 45.000000 2
1111111111111111486833394707202833963304693369000247936582604286285184597216079118336.000000 6.930555e-96 6.793824e-96 45.000000 2
11111111111111115299693093746438576347719175082316570144020353623501005669818555170816.000000 1.005422e-96 9.780269e-97 45.000000 2
111111111111111149546057764069103869759813819684652975214649050149816779116923439808512.000000 1.536163e-97 1.509053e-97 45.000000 2
1111111111111111605888519189340059296554231993278936991364234056224352673769621978873856.000000 5.883550e-99 5.821941e-99 45.000000 2
11111111111111116942308724282592757757191070304248627827384289000053005798499320435048448.000000 6.065989e-100 5.996133e-100 45.000000 2
111111111111111162355698983712390259238720700070812214963907302498054225498568399180005376.000000 1.639927e-101 1.585262e-101 11.000000 2
1111111111111111651826542873578051865719967012594818402878815374990445584931383212481970176.000000 1.604835e-101 1.576515e-101 45.000000 2
11111111111111115613639731569247741910551349745573903925116398549587549291051457062998376448.000000 1.260362e-102 1.242942e-102 45.000000 2
111111111111111170610408470357001847051886623541727520909912068700945997842712571619124969472.000000 1.284238e-103 1.258088e-103 45.000000 2
1111111111111111648208040084911920758733373731073321282464128354189177958698333712234684874752.000000 9.985666e-105 9.799688e-105 45.000000 2
11111111111111118334753828646178334364469497449739738476961038192140804218304681248956922986496.000000 1.664548e-106 1.296022e-106 11.000000 2
111111111111111175936844575273546836536151933941371282160331363320411943657761435983128932909056.000000 1.985582e-106 1.927994e-106 45.000000 2
1111111111111111877939545131747252479098207988310130463351777930820057012982180383934334080385024.000000 2.815376e-108 1.442278e-108 47.000000 29
11111111111111117830826656285378251881088570691929963499530064927273069518585275646518982793494528.000000 2.110754e-108 2.071778e-108 45.000000 2
111111111111111178308266562853782518810885706919299634995300649272730695185852756465189827934945280.000000 2.650627e-109 2.608062e-109 45.000000 2
1111111111111111722374262746483791721875672480958030517377792772347946912739389760311139366686687232.000000 2.307459e-110 2.277473e-110 45.000000 2
11111111111111118195077073577702452678487678221339758494981347249549229753300102472563536269471121408.000000 1.662526e-111 1.642187e-111 45.000000 2
111111111111111174180095166874108243107029154919321958380186116286934212525751385770018221873877221376.000000 2.418002e-113 1.338849e-113 47.000000 29
1111111111111111803966356219964412700493072567545824596358880012537806805315510969345119345305444155392.000000 1.390319e-114 1.369482e-114 45.000000 2
11111111111111117542340325789857484849548477528637405863132649328030350612691132800291696440521066020864.000000 1.528102e-114 1.506330e-114 45.000000 2
111111111111111187359160931733454260224658730810074221042274112416648724698046773438744892706011673001984.000000 8.830375e-116 8.628026e-116 45.000000 2
1111111111111111905420296447560887700191051189497275976851934775196741163170162255549656735862252764135424.000000 2.412821e-116 2.356732e-116 45.000000 2
11111111111111119818091455601041159352577645048489570162819995376693505620254291063389554769873792460128256.000000 1.719872e-117 1.672310e-117 45.000000 2
111111111111111181884626745334522903378210943209870413216452804439445051113419315798845149592044275134103552.000000 7.993790e-119 7.804397e-119 45.000000 2
1111111111111111786253691831993451653486978417548653555341033745739470500955945968318350699707055452406677504.000000 8.815671e-120 8.707371e-120 45.000000 2
11111111111111117862536918319934516534869784175486535553410337457394705009559459683183506997070554524066775040.000000 1.212558e-120 1.199573e-120 45.000000 2
111111111111111195312767901331455184059804921204491250867732455485296815306857157942926677631959842295059054592.000000 2.962710e-122 2.945920e-122 43.000000 72
1111111111111111819628489268257671690909192576447905346008291907562170031378471090540533915029564046515460112384.000000 1.027256e-122 1.004508e-122 45.000000 2
11111111111111117929286513192462956609714212493285039134744853781040104070404509927627873427715571712284340256768.000000 1.086957e-123 1.050738e-123 45.000000 2
111111111111111162204968844557348906936968475576433474525812358957178881127712236698520928032031316939146707075072.000000 2.679324e-125 2.646150e-125 45.000000 2
1111111111111111690401273595042611706010379353190002412544668304984677449582453817296240505300810770126253852721152.000000 1.839701e-125 1.800810e-125 45.000000 2
11111111111111116630606395352549626513541015142197353456300504188195219942603212371718280153086117298323391399329792.000000 2.300566e-126 2.266474e-126 45.000000 2
111111111111111175055066852657543962625419059892458995975682765454801945129114549356994798328364865877286622085513216.000000 2.005511e-127 1.983898e-127 45.000000 2
1111111111111111680558645333519058046334119331160706268455405865965221485666486088451452008903619115620444556117409792.000000 1.889525e-128 1.878737e-128 45.000000 2
11111111111111115965682175018514001504300338098440458388936997196658639269168948023092568396475836638375385584321429504.000000 2.497455e-130 2.074576e-130 47.000000 29
111111111111111168615800718896356857272772503258181696375951960905184532291645884086093168685402147907263828929642758144.000000 5.296141e-131 5.269684e-131 45.000000 13
1111111111111111757829838938653303310565878010772033863652175520560630439716110071702271564619171731260718073987855286272.000000 1.360901e-131 1.341774e-131 45.000000 2
11111111111111118151673043384050911008364003933242073835663002497676585331558310563753434668312919330111819017409974501376.000000 2.012770e-132 1.981642e-132 45.000000 2
111111111111111167755738737900080040418714667519899093577240089967079110890050069315997090152220344881006871513345625686016.000000 2.666064e-133 2.629317e-133 45.000000 2
1111111111111111787645320946524232961506549649699164094007520379748285048304764983732268953769474236170959264419489211482112.000000 6.360630e-135 6.295590e-135 45.000000 2
11111111111111117582885386618513176128880421898324512518114885183942866644636278395796561398368686928747217846098804235829248.000000 2.920991e-136 2.829764e-136 45.000000 2
111111111111111157040513203994465938172959444668548906175688460572869700788035011700293413066819321577880191382838418102812672.000000 1.095985e-136 1.069742e-136 45.000000 2
1111111111111111645558494688707322674192973543944273937778726170794932870513661206033622934335663406617169862140982678050045952.000000 8.003604e-138 7.729819e-138 45.000000 2
11111111111111116756198397482123879911783251828477878881874627968214272155669856416458984558026514829525170414660220768588136448.000000 2.498865e-139 2.280287e-139 45.000000 2
111111111111111157942353555779617897682519993835654324687950559353664531139634744768661678710828963867940606762589600067075702784.000000 1.263001e-139 1.255081e-139 45.000000 2
1111111111111111656380578910129146188307700133949538959925871356164470834732858002854042122063779114097894846697996861621202321408.000000 1.726291e-140 1.716836e-140 45.000000 2
11111111111111115332493095463963986499356998210007458190516861359599499973944411145861615861349959534283128001826354841004898516992.000000 3.567876e-142 3.494911e-142 45.000000 13
111111111111111158250181729188949766528449994618026307540136022404175833232980786989331380050650921769614561878878003510877483958272.000000 6.377016e-143 6.189644e-143 45.000000 2
1111111111111111661305829684678456089842580146467490685560838764972651668226394678384757343500930440524678128558611316722030820196352.000000 1.525585e-144 1.456911e-144 45.000000 2
11111111111111117243490395989096228294890443066972727736884215977173663369436641251779121778964674187875041363744763420126356046872576.000000 7.875949e-145 7.741304e-145 45.000000 2
111111111111111167391447166752468943777187297851344710318635533152159460196984856774338831038003783617724333012178432178015177709453312.000000 1.239320e-145 1.222752e-145 45.000000 2
1111111111111111552871508632200849297650661790872265493981396292651742438032691229900531028340606837912617395115323473222190590871994368.000000 2.782225e-147 2.771139e-147 45.000000 2
11111111111111116497058790604599214097476307409852107813453635237476241691824171001748168539721516365243181431204921520685595398500253696.000000 2.893541e-147 2.848197e-147 45.000000 2
111111111111111167552837784132900730630682246101532952464242145203985929748901066558129307414056358282077167592187046642759125957750030336.000000 2.575726e-148 2.540511e-148 45.000000 2
1111111111111111551580383693157395002822702204870759556816543396237130681617361551630207217332186240597794718475254557504239004885620621312.000000 1.317168e-149 1.291483e-149 45.000000 2
11111111111111116176859805721822548980142330081478635396570116926652526100822410790707863409633208231167157624467830422633602073879564517376.000000 1.571564e-150 1.546927e-150 45.000000 2
111111111111111167057045807540214281416745765076954672592938632980775015285414470102324963986822848913185259762400583007065716938982511607808.000000 6.668526e-152 6.564794e-152 45.000000 2
1111111111111111712878040077978053147090037364866893274947286039521748187071667598585220278992154621943962065765784060316494738991320047550464.000000 3.432426e-153 3.378320e-153 45.000000 2
11111111111111116790319744759173248807519735935890160357329662717505497596976492805356437676930137156942744912523614761198246833101241023725568.000000 4.180452e-154 4.045905e-154 45.000000 2
111111111111111157072456454932299442847016952549980887024714301488271479210079066277699893153576281569527425280940920669048050513029707780325376.000000 3.460273e-155 3.379385e-155 45.000000 2
1111111111111111657370492490598458790295612779971174602635801620376982766178277556983914800461563535694474443563771022233955847674158697458696192.000000 2.153183e-156 1.725823e-156 11.000000 2
11111111111111117613456060201290160244861446853368134815021919469701043350712618300322138431725243996935146724690052008861262587267926410452271104.000000 3.102739e-157 2.769392e-157 11.000000 2
111111111111111167816551519650457023713371916104430237840907968569560707995687441159357460900375570849428248934481785796438992988468548617600237568.000000 3.687865e-158 3.671851e-158 45.000000 13
1111111111111111855616375620236721250152226946201659398341052509747867890867567570929338308563795583052644480009750856197427431414514083230348476416.000000 1.073870e-158 1.052541e-158 45.000000 2
11111111111111117491458593659974306423411222751072451863818688153165114043211516753278800888277716583176272856107910572576049304966169249977408159744.000000 1.583694e-159 1.551445e-159 45.000000 2
111111111111111172075372169820028648025816102948206806319275316346814967457544076983415789689816527838828936710440177754031893025184434946904543985664.000000 1.243853e-160 1.227491e-160 45.000000 2
1111111111111111675326301429724855820925423036481784666090168120510770906982303321044202389810795070501348697494178929992661329860208228623132838068224.000000 2.931359e-161 2.873838e-161 45.000000 2
11111111111111115663004927853838222385268518532811045130439640174130618647587734439483091728011065715726910904296440958782830889202815385929425937760256.000000 1.369409e-162 1.348539e-162 45.000000 2
111111111111111165352113970085664910444570879984164863548092729989122909853759734562502374640885737071561717608127196316978568167222289061709478920978432.000000 2.362152e-163 2.315705e-163 45.000000 2
1111111111111111793074174765613172089915879914338519231380068551856296672583715588307767064181258649344298913123876550836189830075329053855738301903798272.000000 1.979369e-164 1.935969e-164 45.000000 2
11111111111111116814317467138079537015397430227410227546607555502842426133468209941615724099633376264413535234897928807030665113528441232648234917485871104.000000 5.917116e-166 5.832449e-166 45.000000 13
111111111111111162188911841951183722773913668055569130041045528277914711508714387728360192771377974755978264901828158996540074136751882694966892633247449088.000000 1.655906e-166 1.637376e-166 45.000000 2
1111111111111111812425528961259409943901076975548751954011416138795452709518110651293107470912364959980809447327117720325931205320559775158163535664034873344.000000 1.725967e-167 1.692686e-167 45.000000 2
11111111111111117362109647445603808574363008575515276925710317963889304717457239416893052536329308750123987280035832681817190197393433958747656919314107203584.000000 1.832986e-168 1.791329e-168 45.000000 2
111111111111111173621096474456038085743630085755152769257103179638893047174572394168930525363293087501239872800358326818171901973934339587476569193141072035840.000000 8.467376e-170 8.396817e-170 45.000000 2
1111111111111111638656322547185623626761387426515080637927339838108582007397068953396438415515255246252833007269459169437127422195386430392016451953651804536832.000000 1.746649e-170 1.697096e-170 45.000000 2
11111111111111116386563225471856236267613874265150806379273398381085820073970689533964384155152552462528330072694591694371274221953864303920164519536518045368320.000000 6.844729e-172 6.555894e-172 45.000000 2
111111111111111176352626455982531288202527661824173286787126554470742804176334733841130796830588005106507712980913801583020466705165134620993547912518321678843904.000000 3.023677e-173 2.754734e-173 11.000000 2
1111111111111111663630310949713561477814165264860411083916124979428351214270324630399412326073380207215281831777394938715742871166639413555600257387958086987153408.000000 3.079074e-174 3.047068e-174 11.000000 2
11111111111111118234638367258923637245519434302705259382443498838748741382591609632184453536453799573749543086281838620988817445826585058025366121675182946692104192.000000 1.874248e-174 1.840398e-174 45.000000 2
111111111111111169559701610494932192716172089794243405478176996031765579906809189696321893158778015724721632714755272339237064584984323200498752834387012852356481024.000000 1.111945e-175 1.084538e-175 45.000000 2
1111111111111111772317108477515147005595854417339289184859317914451986802582733336716354784822340037323859116035931406616277305089532396283516978638059028210952175616.000000 4.959117e-177 4.902060e-177 45.000000 2
11111111111111116086475780827080535049363695759593315740272156122987473284181649319096649645886122931603544997407235490719430987115288458226541513437893755445257961472.000000 2.527974e-178 2.487323e-178 45.000000 2
111111111111111157591367200374663480480447260768334005186079515186809943358525125094832700054186674432765357648168197756307625743592813573048158588493544501124052025344.000000 1.254948e-178 1.240745e-178 45.000000 2
1111111111111111549726547140577499844698955033062546834127658783523581117718920306179256629304470305261492837874448720355982784415447567656743533517852300584612299538432.000000 1.233026e-179 1.199767e-179 45.000000 2
11111111111111116335253467027187317170366112718490851308736951622260397284911793294402818172641389102732072014175951434186818980809853854927053010925183627498226058264576.000000 1.101147e-180 1.064868e-180 45.000000 2
111111111111111156648630705300574621916648628081985449347686605926407283987337211083146166689640402626383571058307800496852260714855513122393588703278551301765436079603712.000000 1.849420e-182 1.797571e-182 45.000000 2
1111111111111111512855075333235357820870386287996469983559402776894499328979126335944405546602216119056338517915464294208395174402610927808920355784999233231919764771700736.000000 5.787981e-183 5.561017e-183 45.000000 2
11111111111111116415700314606842899767810262707725928073613146545814757551253161956733402353082670963543317803177372000327010129928770160049576307796863047176827952301080576.000000 5.540695e-185 3.149642e-185 47.000000 29
111111111111111153859806655872514425205251428455169454831978515243189461420836430789019248434342631451593717039591887537325634212066414544812781078393664752907237086338220032.000000 6.952100e-185 6.892192e-185 45.000000 13
1111111111111111675894019761337338551690530266179558893708491155298002802097633491601056152296547356967129983625009974919182569950281306190567570778269523780552936685683343360.000000 1.121204e-185 1.115801e-185 45.000000 2
11111111111111115880246097116655341999222000379377257126597193134636935618485012140261034048065498897983665831583916712097897841393263233154061243818964829796053745594106118144.000000 6.519054e-187 6.476679e-187 45.000000 2
111111111111111158802460971166553419992220003793772571265971931346369356184850121402610340480654988979836658315839167120978978413932632331540612438189648297960537455941061181440.000000 9.592448e-188 9.460192e-188 45.000000 2
1111111111111111644261032143455488985053931384012498948530933292237651475607945871674073163200148268786375159457027385583801167058337512355509450075575229092211814320225160003584.000000 2.228930e-188 2.190894e-188 45.000000 2
11111111111111115092936183071595975007377761534330431824400197431801524825852786933189457430555121592151545763403016710861738480527106586592614684107462384219563588942702443495424.000000 6.040681e-190 5.979389e-190 45.000000 2
111111111111111161726754937619631068819070033789660779531275058242615167700341243600304767917122104687213104283368224268427570325721214161625985374260943095816072323503417687277568.000000 1.096813e-190 1.083812e-190 45.000000 2
1111111111111111530888404520966940138228360990325756105014565911029352321468905441855766130278653936746549869638977785405794219093610955250661145477118876929197231762423030854189056.000000 4.525985e-192 4.394337e-192 45.000000 2
11111111111111117151639135454562639781480182651435730443173598766758576132758536960366334345827971050144563724543472942665547186426268194972717231101653921909860135706601423605071872.000000 5.433348e-193 5.405265e-193 45.000000 2
111111111111111164145370993566053444218015535521644626859624229041725549655307439436428651286113983770729377132819949072225051882302047379862749205694678608627050084736529775797993472.000000 2.876846e-193 2.831156e-193 45.000000 2
1111111111111111759390035711333701699728736011099849109750030428431018883309521277040041587615791465398753933130035976393137238534390626916458261742096555853815321204637049122023538688.000000 2.148921e-194 2.109007e-194 45.000000 2
11111111111111117593900357113337016997287360110998491097500304284310188833095212770400415876157914653987539331300359763931372385343906269164582617420965558538153212046370491220235386880.000000 4.138480e-196 4.043118e-196 45.000000 2
111111111111111175939003571133370169972873601109984910975003042843101888330952127704004158761579146539875393313003597639313723853439062691645826174209655585381532120463704912202353868800.000000 1.596580e-196 1.562852e-196 45.000000 2
1111111111111111759390035711333701699728736011099849109750030428431018883309521277040041587615791465398753933130035976393137238534390626916458261742096555853815321204637049122023538688000.000000 1.674840e-197 1.650759e-197 45.000000 2
11111111111111115661631595604707844649611414645004818948036639431092689504477587044640844731377702385890656040339070782699564369592817680482043286899471730666698875312830116871744979468288.000000 1.202821e-198 1.171057e-198 45.000000 2
111111111111111172074466048116111825277521710177997566676075713136666889673716876252485016472018722003681626731081019676850107821936885514280747513166667929638623446996624163505373053976576.000000 9.618047e-200 9.289969e-200 45.000000 2
1111111111111111658912060112884984737649586846868178157977919856063708918221404739300543888087220427457716002000048949369083221715334020304966216554978876804499695694492949655902037502590976.000000 1.095667e-200 1.077576e-200 45.000000 2
11111111111111116094459798182640779255490826429387401509516500358213409354087935207210988667808469933944357897514399514495489365121061524346932096936286348109904646741143160725806830728511488.000000 7.870136e-202 7.852763e-202 45.000000 13
111111111111111164901884405396080337522948600608229055657266589201523532165888249558465488382594574064505995955032714978517636467468844673091161518270882840579784949041722293923776661664301056.000000 3.440045e-203 2.723173e-203 11.000000 2
1111111111111111775652009608190324814206776768141651854559916631835697357659167215148034138370261731847057302906766184459184134794951788478810512747765447909181480902586524912540433956776968192.000000 8.001101e-204 7.843752e-204 45.000000 2
11111111111111117249987433864985162386158604633179073353650163359075125432590533273226824365525353353662583655641905705895810267468464517796509537217428001078280283377188041232193670207233851392.000000 1.221130e-205 1.169849e-205 47.000000 29
111111111111111164395351743179162251767039437559991610465317586242241684021887110680211971364417310099698006581606958839821605386987791306099565928010656362566250423393045086030565992303765225472.000000 5.504345e-206 5.372642e-206 45.000000 2
1111111111111111546699246286143350052535835070338326627798967294240301996570652442177444446154138419753846106118324409768578086417515666598609305950143079847063875309384426944809211405814772793344.000000 3.594276e-208 3.488838e-208 59.000000 29
11111111111111114948303016751309380711307367741988122401433893912098407466249358210442843034927865897575079942795269811661045037762558018186699175074958884984779398829598808565444388632959037472768.000000 3.493367e-208 3.419551e-208 45.000000 2
111111111111111137034483460870114931575850086346397770977000242393673374675521593032469996110554219776629652586641315252016790543723212634681538524514262926187169485954097024470898476125061803671552.000000 2.409931e-209 2.334773e-209 45.000000 2
1111111111111111469933208261844980320056289592051845334068711997755219346650991842900367435015337711359265700596904215436917184108451066724299011055025236651156690878276098734177348042886846605164544.000000 7.560714e-210 7.525424e-210 45.000000 2
11111111111111115496039071843600451234945205749221394335076796568100078265676125729609014141431741222336410403812970657703166070454262190262859117029313225625846876932642015257520386681958294599237632.000000 2.072401e-210 2.034474e-210 45.000000 2
111111111111111103971143408026363038148984228455225719709828663885936155510123990057348394772502109263763886576118282363656030024878524429356974755633237272944550807734034365967401866621833918946476032.000000 1.561549e-210 1.516670e-210 45.000000 2
211111111111111100944455629277399204096434556000728082358070414836283003945678065591544733177208361131791398992092164771838165759246802913996359796680477150815574398800824347778583679928001047801364480.000000 1.443363e-210 1.402913e-210 45.000000 2
311111111111111131910599390801529686177530102904222594100271700316672937145656985951568902676458148306219056382740329988937388613391146380816822447500980350895876630929204853994966826699334194686853120.000000 1.509683e-210 1.482907e-210 45.000000 2
411111111111111094891080071779471535991335211091732807654553916736976700816786216659937409986620864867846423824039929588202437227983359883275129878774956906557621580934404311400947306540335305511141376.000000 1.138816e-210 1.123618e-210 45.000000 2
511111111111111057871560752757413385805140319279243021208836133157280464487915447368305917296783581429473791265339529187467485842575573385733437310048933462219366530939603768806927786381336416335429632.000000 1.613270e-210 1.586711e-210 45.000000 2
611111111111111020852041433735355235618945427466753234763118349577584228159044678076674424606946297991101158706639128786732534457167786888191744741322910017881111480944803226212908266222337527159717888.000000 3.662911e-210 3.604512e-210 45.000000 2
711111111111110983832522114713297085432750535654263448317400565997887991830173908785042931917109014552728526147938728385997583071760000390650052172596886573542856430950002683618888746063338637984006144.000000 2.230750e-210 2.197165e-210 45.000000 2
811111111111110946813002795691238935246555643841773661871682782418191755501303139493411439227271731114355893589238327985262631686352213893108359603870863129204601380955202141024869225904339748808294400.000000 6.908383e-211 6.729521e-211 45.000000 2
911111111111110909793483476669180785060360752029283875425964998838495519172432370201779946537434447675983261030537927584527680300944427395566667035144839684866346330960401598430849705745340859632582656.000000 2.713700e-210 2.662201e-210 45.000000 2
1011111111111110872773964157647122634874165860216794088980247215258799282843561600910148453847597164237610628471837527183792728915536640898024974466418816240528091280965601055836830185586341970456870912.000000 1.817706e-210 1.779868e-210 45.000000 2
1111111111111110835754444838625064484687970968404304302534529431679103046514690831618516961157759880799237995913137126783057777530128854400483281897692792796189836230970800513242810665427343081281159168.000000 1.101328e-210 1.065027e-210 45.000000 2
1211111111111110798734925519603006334501776076591814516088811648099406810185820062326885468467922597360865363354436726382322826144721067902941589328966769351851581180975999970648791145268344192105447424.000000 6.536579e-211 6.412018e-211 45.000000 2
1311111111111110897686732361673325448850162062211293326018932002639882912914648672338565300156259455148093310694433457217256223238417541334124207199333799196350440695227561525675576958970009375052136448.000000 1.688373e-210 1.651547e-210 45.000000 2
1411111111111110996638539203743644563198548047830772135949052357180359015643477282350245131844596312935321258034430188052189620332114014765306825069700829040849300209479123080702362772671674557998825472.000000 6.103646e-211 5.880730e-211 45.000000 2
1511111111111111095590346045813963677546934033450250945879172711720835118372305892361924963532933170722549205374426918887123017425810488196489442940067858885348159723730684635729148586373339740945514496.000000 2.216312e-210 2.167205e-210 45.000000 2
1611111111111111194542152887884282791895320019069729755809293066261311221101134502373604795221270028509777152714423649722056414519506961627672060810434888729847019237982246190755934400075004923892203520.000000 2.617143e-211 1.257680e-211 47.000000 29
1711111111111111293493959729954601906243706004689208565739413420801787323829963112385284626909606886297005100054420380556989811613203435058854678680801918574345878752233807745782720213776670106838892544.000000 2.394539e-210 2.340925e-210 45.000000 2
1811111111111111392445766572024921020592091990308687375669533775342263426558791722396964458597943744084233047394417111391923208706899908490037296551168948418844738266485369300809506027478335289785581568.000000 3.661836e-211 2.070262e-211 47.000000 29
1911111111111111491397573414095240134940477975928166185599654129882739529287620332408644290286280601871460994734413842226856605800596381921219914421535978263343597780736930855836291841180000472732270592.000000 6.140722e-211 5.968168e-211 45.000000 2
2011111111111111590349380256165559249288863961547644995529774484423215632016448942420324121974617459658688942074410573061790002894292855352402532291903008107842457294988492410863077654881665655678959616.000000 9.116494e-211 8.978747e-211 45.000000 2
2111111111111111689301187098235878363637249947167123805459894838963691734745277552432003953662954317445916889414407303896723399987989328783585150162270037952341316809240053965889863468583330838625648640.000000 2.348169e-210 2.301838e-210 45.000000 2
2211111111111111788252993940306197477985635932786602615390015193504167837474106162443683785351291175233144836754404034731656797081685802214767768032637067796840176323491615520916649282284996021572337664.000000 1.859636e-210 1.827016e-210 45.000000 2
2311111111111111887204800782376516592334021918406081425320135548044643940202934772455363617039628033020372784094400765566590194175382275645950385903004097641339035837743177075943435095986661204519026688.000000 2.788198e-211 1.450741e-211 47.000000 29
2411111111111111986156607624446835706682407904025560235250255902585120042931763382467043448727964890807600731434397496401523591269078749077133003773371127485837895351994738630970220909688326387465715712.000000 2.648293e-210 2.617802e-210 45.000000 2
2511111111111112085108414466517154821030793889645039045180376257125596145660591992478723280416301748594828678774394227236456988362775222508315621643738157330336754866246300185997006723389991570412404736.000000 8.506286e-211 8.459685e-211 45.000000 13
2611111111111112184060221308587473935379179875264517855110496611666072248389420602490403112104638606382056626114390958071390385456471695939498239514105187174835614380497861741023792537091656753359093760.000000 1.080627e-210 1.066832e-210 45.000000 2
2711111111111112283012028150657793049727565860883996665040616966206548351118249212502082943792975464169284573454387688906323782550168169370680857384472217019334473894749423296050578350793321936305782784.000000 1.904592e-210 1.891124e-210 45.000000 2
2811111111111112381963834992728112164075951846503475474970737320747024453847077822513762775481312321956512520794384419741257179643864642801863475254839246863833333409000984851077364164494987119252471808.000000 4.168140e-211 4.058038e-211 45.000000 2
2911111111111112480915641834798431278424337832122954284900857675287500556575906432525442607169649179743740468134381150576190576737561116233046093125206276708332192923252546406104149978196652302199160832.000000 1.637319e-210 1.602704e-210 45.000000 2
3011111111111112579867448676868750392772723817742433094830978029827976659304735042537122438857986037530968415474377881411123973831257589664228710995573306552831052437504107961130935791898317485145849856.000000 1.885600e-211 1.853535e-211 43.000000 72
3111111111111112678819255518939069507121109803361911904761098384368452762033563652548802270546322895318196362814374612246057370924954063095411328865940336397329911951755669516157721605599982668092538880.000000 1.829786e-211 1.818796e-211 47.000000 24
3211111111111112777771062361009388621469495788981390714691218738908928864762392262560482102234659753105424310154371343080990768018650536526593946736307366241828771466007231071184507419301647851039227904.000000 1.731659e-211 1.725093e-211 11.000000 2
3311111111111112876722869203079707735817881774600869524621339093449404967491220872572161933922996610892652257494368073915924165112347009957776564606674396086327630980258792626211293233003313033985916928.000000 1.570280e-211 1.520269e-211 1.000000 6
3411111111111112975674676045150026850166267760220348334551459447989881070220049482583841765611333468679880204834364804750857562206043483388959182477041425930826490494510354181238079046704978216932605952.000000 1.180821e-210 1.153620e-210 45.000000 2
3511111111111113074626482887220345964514653745839827144481579802530357172948878092595521597299670326467108152174361535585790959299739956820141800347408455775325350008761915736264864860406643399879294976.000000 1.219069e-211 1.197948e-211 43.000000 72
3611111111111113173578289729290665078863039731459305954411700157070833275677706702607201428988007184254336099514358266420724356393436430251324418217775485619824209523013477291291650674108308582825984000.000000 1.598983e-210 1.575913e-210 45.000000 2
3711111111111113272530096571360984193211425717078784764341820511611309378406535312618881260676344042041564046854354997255657753487132903682507036088142515464323069037265038846318436487809973765772673024.000000 5.535531e-211 5.462287e-211 45.000000 2
3811111111111113371481903413431303307559811702698263574271940866151785481135363922630561092364680899828791994194351728090591150580829377113689653958509545308821928551516600401345222301511638948719362048.000000 3.465119e-211 3.448077e-211 45.000000 2
3911111111111113470433710255501622421908197688317742384202061220692261583864192532642240924053017757616019941534348458925524547674525850544872271828876575153320788065768161956372008115213304131666051072.000000 1.027393e-210 1.008725e-210 45.000000 2
4011111111111113569385517097571941536256583673937221194132181575232737686593021142653920755741354615403247888874345189760457944768222323976054889699243604997819647580019723511398793928914969314612740096.000000 4.665684e-211 4.645479e-211 45.000000 13
4111111111111113668337323939642260650604969659556700004062301929773213789321849752665600587429691473190475836214341920595391341861918797407237507569610634842318507094271285066425579742616634497559429120.000000 8.755728e-211 8.465399e-211 45.000000 2
4211111111111113767289130781712579764953355645176178813992422284313689892050678362677280419118028330977703783554338651430324738955615270838420125439977664686817366608522846621452365556318299680506118144.000000 1.103394e-210 1.077148e-210 45.000000 2
4311111111111113866240937623782898879301741630795657623922542638854165994779506972688960250806365188764931730894335382265258136049311744269602743310344694531316226122774408176479151370019964863452807168.000000 7.661728e-211 7.438483e-211 45.000000 2
4411111111111113965192744465853217993650127616415136433852662993394642097508335582700640082494702046552159678234332113100191533143008217700785361180711724375815085637025969731505937183721630046399496192.000000 9.234197e-211 9.052049e-211 45.000000 2
4511111111111114064144551307923537107998513602034615243782783347935118200237164192712319914183038904339387625574328843935124930236704691131967979051078754220313945151277531286532722997423295229346185216.000000 2.432332e-210 2.390730e-210 45.000000 2
4611111111111114163096358149993856222346899587654094053712903702475594302965992802723999745871375762126615572914325574770058327330401164563150596921445784064812804665529092841559508811124960412292874240.000000 1.358569e-210 1.318292e-210 45.000000 2
4711111111111114262048164992064175336695285573273572863643024057016070405694821412735679577559712619913843520254322305604991724424097637994333214791812813909311664179780654396586294624826625595239563264.000000 2.863456e-211 2.625255e-211 45.000000 2
4811111111111114360999971834134494451043671558893051673573144411556546508423650022747359409248049477701071467594319036439925121517794111425515832662179843753810523694032215951613080438528290778186252288.000000 1.162924e-211 1.159920e-211 45.000000 72
4911111111111113916066474031835304507253734034784656097999912213616333254921681115545793943423689770585897095339527242332185124695073545141801208776174660442960924951298329116156644916787299672643338240.000000 1.377353e-210 1.359265e-210 45.000000 2
5011111111111113471132976229536114563463796510676260522426680015676120001419712208344228477599330063470722723084735448224445127872352978858086584890169477132111326208564442280700209395046308567100424192.000000 2.061296e-211 2.013922e-211 45.000000 13
5111111111111113026199478427236924619673858986567864946853447817735906747917743301142663011774970356355548350829943654116705131049632412574371961004164293821261727465830555445243773873305317461557510144.000000 8.103966e-211 7.806110e-211 45.000000 2
5211111111111112581265980624937734675883921462459469371280215619795693494415774393941097545950610649240373978575151860008965134226911846290657337118159110510412128723096668609787338351564326356014596096.000000 6.698887e-211 6.660648e-211 45.000000 13
5311111111111112136332482822638544732093983938351073795706983421855480240913805486739532080126250942125199606320360065901225137404191280006942713232153927199562529980362781774330902829823335250471682048.000000 1.586755e-210 1.565735e-210 45.000000 2
5411111111111111691398985020339354788304046414242678220133751223915266987411836579537966614301891235010025234065568271793485140581470713723228089346148743888712931237628894938874467308082344144928768000.000000 9.454379e-211 9.160270e-211 45.000000 2
5511111111111111246465487218040164844514108890134282644560519025975053733909867672336401148477531527894850861810776477685745143758750147439513465460143560577863332494895008103418031786341353039385853952.000000 4.155196e-211 4.133969e-211 45.000000 2
5611111111111110801531989415740974900724171366025887068987286828034840480407898765134835682653171820779676489555984683578005146936029581155798841574138377267013733752161121267961596264600361933842939904.000000 2.122781e-211 2.098350e-211 45.000000 2
5711111111111110356598491613441784956934233841917491493414054630094627226905929857933270216828812113664502117301192889470265150113309014872084217688133193956164135009427234432505160742859370828300025856.000000 3.995949e-211 3.909345e-211 45.000000 2
5811111111111109911664993811142595013144296317809095917840822432154413973403960950731704751004452406549327745046401095362525153290588448588369593802128010645314536266693347597048725221118379722757111808.000000 4.899470e-211 4.731826e-211 45.000000 2
5911111111111109466731496008843405069354358793700700342267590234214200719901992043530139285180092699434153372791609301254785156467867882304654969916122827334464937523959460761592289699377388617214197760.000000 5.045324e-211 4.938512e-211 45.000000 2
6011111111111109021797998206544215125564421269592304766694358036273987466400023136328573819355732992318979000536817507147045159645147316020940346030117644023615338781225573926135854177636397511671283712.000000 2.205484e-211 1.944508e-211 11.000000 2
6111111111111108576864500404245025181774483745483909191121125838333774212898054229127008353531373285203804628282025713039305162822426749737225722144112460712765740038491687090679418655895406406128369664.000000 1.231492e-210 1.230742e-210 45.000000 2
6211111111111108131931002601945835237984546221375513615547893640393560959396085321925442887707013578088630256027233918931565165999706183453511098258107277401916141295757800255222983134154415300585455616.000000 7.510933e-211 7.505898e-211 45.000000 2
6311111111111107686997504799646645294194608697267118039974661442453347705894116414723877421882653870973455883772442124823825169176985617169796474372102094091066542553023913419766547612413424195042541568.000000 1.061124e-211 9.003099e-212 47.000000 29
6411111111111107242064006997347455350404671173158722464401429244513134452392147507522311956058294163858281511517650330716085172354265050886081850486096910780216943810290026584310112090672433089499627520.000000 5.766134e-211 5.747656e-211 45.000000 13
6511111111111106797130509195048265406614733649050326888828197046572921198890178600320746490233934456743107139262858536608345175531544484602367226600091727469367345067556139748853676568931441983956713472.000000 7.534163e-211 7.260763e-211 45.000000 2
6611111111111106352197011392749075462824796124941931313254964848632707945388209693119181024409574749627932767008066742500605178708823918318652602714086544158517746324822252913397241047190450878413799424.000000 1.111668e-210 1.093966e-210 45.000000 2
6711111111111105907263513590449885519034858600833535737681732650692494691886240785917615558585215042512758394753274948392865181886103352034937978828081360847668147582088366077940805525449459772870885376.000000 2.026205e-210 2.003240e-210 45.000000 2
6811111111111105462330015788150695575244921076725140162108500452752281438384271878716050092760855335397584022498483154285125185063382785751223354942076177536818548839354479242484370003708468667327971328.000000 2.390787e-210 2.352066e-210 45.000000 2
6911111111111105017396517985851505631454983552616744586535268254812068184882302971514484626936495628282409650243691360177385188240662219467508731056070994225968950096620592407027934481967477561785057280.000000 4.194279e-211 2.315442e-211 47.000000 29
7011111111111104572463020183552315687665046028508349010962036056871854931380334064312919161112135921167235277988899566069645191417941653183794107170065810915119351353886705571571498960226486456242143232.000000 1.675459e-210 1.645264e-210 45.000000 2
7111111111111104127529522381253125743875108504399953435388803858931641677878365157111353695287776214052060905734107771961905194595221086900079483284060627604269752611152818736115063438485495350699229184.000000 6.839997e-211 6.837734e-211 45.000000 2
7211111111111103682596024578953935800085170980291557859815571660991428424376396249909788229463416506936886533479315977854165197772500520616364859398055444293420153868418931900658627916744504245156315136.000000 2.053679e-211 2.021343e-211 47.000000 29
7311111111111103237662526776654745856295233456183162284242339463051215170874427342708222763639056799821712161224524183746425200949779954332650235512050260982570555125685045065202192395003513139613401088.000000 7.208401e-211 6.983939e-211 45.000000 2
7411111111111102792729028974355555912505295932074766708669107265111001917372458435506657297814697092706537788969732389638685204127059388048935611626045077671720956382951158229745756873262522034070487040.000000 6.357996e-211 6.242547e-211 45.000000 2
7511111111111102347795531172056365968715358407966371133095875067170788663870489528305091831990337385591363416714940595530945207304338821765220987740039894360871357640217271394289321351521530928527572992.000000 1.443351e-210 1.415614e-210 45.000000 2
7611111111111101902862033369757176024925420883857975557522642869230575410368520621103526366165977678476189044460148801423205210481618255481506363854034711050021758897483384558832885829780539822984658944.000000 3.596020e-210 3.523137e-210 45.000000 2
7711111111111101457928535567457986081135483359749579981949410671290362156866551713901960900341617971361014672205357007315465213658897689197791739968029527739172160154749497723376450308039548717441744896.000000 1.640482e-210 1.608977e-210 45.000000 2
7811111111111101012995037765158796137345545835641184406376178473350148903364582806700395434517258264245840299950565213207725216836177122914077116082024344428322561412015610887920014786298557611898830848.000000 1.166628e-210 1.143988e-210 45.000000 2
7911111111111100568061539962859606193555608311532788830802946275409935649862613899498829968692898557130665927695773419099985220013456556630362492196019161117472962669281724052463579264557566506355916800.000000 2.425449e-211 2.424479e-211 45.000000 2
8011111111111100123128042160560416249765670787424393255229714077469722396360644992297264502868538850015491555440981624992245223190735990346647868310013977806623363926547837217007143742816575400813002752.000000 9.379887e-211 9.181484e-211 45.000000 2
8111111111111099678194544358261226305975733263315997679656481879529509142858676085095699037044179142900317183186189830884505226368015424062933244424008794495773765183813950381550708221075584295270088704.000000 5.150728e-211 4.969362e-211 45.000000 2
8211111111111099233261046555962036362185795739207602104083249681589295889356707177894133571219819435785142810931398036776765229545294857779218620538003611184924166441080063546094272699334593189727174656.000000 1.164807e-211 9.731732e-212 11.000000 2
8311111111111098788327548753662846418395858215099206528510017483649082635854738270692568105395459728669968438676606242669025232722574291495503996651998427874074567698346176710637837177593602084184260608.000000 1.224877e-210 1.201945e-210 45.000000 2
8411111111111098343394050951363656474605920690990810952936785285708869382352769363491002639571100021554794066421814448561285235899853725211789372765993244563224968955612289875181401655852610978641346560.000000 2.931380e-211 2.893914e-211 45.000000 13
8511111111111097898460553149064466530815983166882415377363553087768656128850800456289437173746740314439619694167022654453545239077133158928074748879988061252375370212878403039724966134111619873098432512.000000 6.027901e-211 5.838593e-211 45.000000 2
8611111111111097453527055346765276587026045642774019801790320889828442875348831549087871707922380607324445321912230860345805242254412592644360124993982877941525771470144516204268530612370628767555518464.000000 8.364575e-211 8.270977e-211 45.000000 2
8711111111111097008593557544466086643236108118665624226217088691888229621846862641886306242098020900209270949657439066238065245431692026360645501107977694630676172727410629368812095090629637662012604416.000000 1.448079e-210 1.434490e-210 45.000000 2
8811111111111096563660059742166896699446170594557228650643856493948016368344893734684740776273661193094096577402647272130325248608971460076930877221972511319826573984676742533355659568888646556469690368.000000 3.565660e-211 3.528357e-211 45.000000 13
8911111111111096118726561939867706755656233070448833075070624296007803114842924827483175310449301485978922205147855478022585251786250893793216253335967328008976975241942855697899224047147655450926776320.000000 7.344126e-211 7.063045e-211 45.000000 2
9011111111111095673793064137568516811866295546340437499497392098067589861340955920281609844624941778863747832893063683914845254963530327509501629449962144698127376499208968862442788525406664345383862272.000000 1.563024e-210 1.528394e-210 45.000000 2
9111111111111095228859566335269326868076358022232041923924159900127376607838987013080044378800582071748573460638271889807105258140809761225787005563956961387277777756475082026986353003665673239840948224.000000 3.666406e-211 3.602497e-211 45.000000 2
9211111111111094783926068532970136924286420498123646348350927702187163354337018105878478912976222364633399088383480095699365261318089194942072381677951778076428179013741195191529917481924682134298034176.000000 7.851195e-211 7.714201e-211 45.000000 2
9311111111111094338992570730670946980496482974015250772777695504246950100835049198676913447151862657518224716128688301591625264495368628658357757791946594765578580271007308356073481960183691028755120128.000000 2.076203e-211 1.786466e-211 11.000000 2
941111111111109389405907292837175703670654544990685519720446330630673684733308029147534798132750295040305034387389650748388526767264806237464313