0.000000 1.841917e-02 1.794724e-02 29.500000 56
0.000010 2.036768e-03 1.948285e-03 41.500000 56
0.000110 1.487090e-04 1.027233e-04 49.500000 56
0.001110 4.248458e-05 2.323189e-05 20.500000 61
0.011110 5.213034e-06 3.231631e-06 20.500000 61
0.111110 3.116321e-07 2.542697e-07 8.500000 61
1.111110 3.568479e-08 2.718868e-08 52.500000 80
11.111110 4.680213e-09 4.495537e-09 12.500000 47
111.111110 3.328860e-10 3.172085e-10 40.500000 35
1111.111110 3.891474e-11 3.697306e-11 4.500000 41
11111.111110 4.124261e-12 3.859568e-12 1.500000 63
111111.111110 1.176879e-12 1.145895e-12 1.500000 54
1111111.111110 1.530994e-13 1.482308e-13 1.500000 54
11111111.111110 3.294851e-15 3.146353e-15 1.500000 54
111111111.111110 2.688392e-16 2.496205e-16 1.500000 54
1111111111.111110 1.553243e-17 1.485317e-17 0.500000 54
11111111111.111111 4.572260e-19 4.467182e-19 1.500000 54
111111111111.111115 3.214118e-20 2.919017e-20 1.500000 54
1111111111111.111084 5.804338e-21 5.803925e-21 1.500000 111
11111111111111.111328 3.148276e-22 3.148052e-22 1.500000 111
111111111111111.109375 1.429647e-24 1.429545e-24 1.500000 111
1111111111111111.125000 3.599874e-25 3.599619e-25 1.500000 111
11111111111111112.000000 2.589034e-26 2.588850e-26 1.500000 111
111111111111111104.000000 6.548321e-27 6.547855e-27 1.500000 111
1111111111111111168.000000 8.662608e-28 8.661991e-28 1.500000 111
11111111111111110656.000000 4.554025e-30 4.553703e-30 1.500000 111
111111111111111114752.000000 2.761943e-30 2.761747e-30 1.500000 111
1111111111111111081984.000000 1.872670e-31 1.872537e-31 1.500000 111
11111111111111111344128.000000 1.258295e-33 1.258207e-33 1.500000 111
111111111111111109246976.000000 2.085975e-33 2.085827e-33 1.500000 111
1111111111111111092469760.000000 1.395375e-34 1.395276e-34 1.500000 111
11111111111111108777213952.000000 4.178080e-35 4.177783e-35 1.500000 111
111111111111111104952008704.000000 2.402845e-36 2.402673e-36 1.500000 111
1111111111111110912081133568.000000 9.018818e-38 9.018179e-38 1.500000 111
11111111111111109670567149568.000000 7.787801e-39 7.787245e-39 1.500000 111
111111111111111105501764517888.000000 1.075095e-39 1.075018e-39 1.500000 111
1111111111111110914280156823552.000000 1.460671e-40 1.460567e-40 1.500000 111
11111111111111109705751521656832.000000 2.900070e-41 2.899864e-41 1.500000 111
111111111111111097057515216568320.000000 4.505476e-43 4.505161e-43 1.500000 111
1111111111111111114690340241539072.000000 2.705138e-43 2.704945e-43 1.500000 111
11111111111111109993981897808543744.000000 7.116079e-44 7.115573e-44 1.500000 111
111111111111111113774877033367601152.000000 6.200672e-45 6.200230e-45 1.500000 111
1111111111111111027068305891418701824.000000 4.053030e-46 4.052741e-46 1.500000 111
11111111111111108499795627838070063104.000000 3.647263e-47 3.647003e-47 1.500000 111
111111111111111089720322761250345844736.000000 4.960734e-48 4.960381e-48 1.500000 111
1111111111111110859424295749546296737792.000000 6.024545e-49 6.024116e-49 1.500000 111
11111111111111107687548592784491086348288.000000 1.300459e-50 1.300367e-50 1.500000 111
111111111111111081711189206303427562307584.000000 2.777862e-52 2.777665e-52 1.500000 111
1111111111111110971854396973706809985466368.000000 2.023436e-52 2.023291e-52 1.500000 111
11111111111111110028028979558413168579444736.000000 8.350805e-54 8.350211e-54 1.500000 111
111111111111111107707930031296413335189192704.000000 2.943929e-54 2.943720e-54 1.500000 111
1111111111111110997851137798699795758347976704.000000 4.951655e-55 4.951303e-55 1.500000 111
11111111111111110612336678101112658331831369728.000000 2.501686e-56 2.501508e-56 1.500000 111
111111111111111113729270382380502992298532929536.000000 8.807936e-57 8.807309e-57 1.500000 111
1111111111111111177857523031108370770879831867392.000000 1.382989e-58 1.382890e-58 1.500000 111
11111111111111112103093783969510434491954339250176.000000 4.462253e-59 4.461935e-59 1.500000 111
111111111111111128819383127497345787715287886331904.000000 6.143407e-60 6.142970e-60 1.500000 111
1111111111111111122040331801858973764176996328275968.000000 5.185821e-62 5.185452e-62 1.500000 111
11111111111111110888096319072360769415818198212673536.000000 6.427906e-62 6.427448e-62 1.500000 111
111111111111111100905595216014112456735339620444667904.000000 5.561489e-63 5.561093e-63 1.500000 111
1111111111111111179197135620610356299040699920330784768.000000 3.765116e-64 3.764849e-64 1.500000 111
11111111111111112132253723127042026453781606635076059136.000000 2.913368e-65 2.913161e-65 1.500000 111
111111111111111121322537231270420264537816066350760591360.000000 4.481501e-66 4.481182e-66 1.500000 111
1111111111111111126113086380943955998754261160974943780864.000000 3.807097e-67 3.806826e-67 1.500000 111
11111111111111112654927438717603506333525003650272031932416.000000 3.165737e-68 3.165511e-68 1.500000 111
111111111111111115398901787910723492567390900178539566333952.000000 4.693752e-69 4.693418e-69 1.500000 111
1111111111111111332394979467352220057959655182972287711182848.000000 6.487089e-70 6.486627e-70 1.500000 111
11111111111111112610325948320542260050453567104975308920455168.000000 6.121047e-71 6.120611e-71 1.500000 111
111111111111111117539773326969663314154819854352782270908071936.000000 2.697478e-72 2.697286e-72 1.500000 111
1111111111111111358085437936059497917008802633063200166072287232.000000 1.080899e-73 1.080823e-73 1.500000 111
11111111111111112484728151362417790517324401793419736918773465088.000000 2.737022e-74 2.736827e-74 1.500000 111
111111111111111133616291337609595414395353014231895487123329908736.000000 1.159142e-75 1.159060e-75 1.500000 111
1111111111111111195858756192329273996399786201555784984263774961664.000000 8.680155e-77 8.679540e-77 1.500000 111
11111111111111113081020819393426181144427813541663208938393942622208.000000 5.237119e-77 5.236746e-77 1.500000 111
111111111111111121830742134173194282000838523207789216617889882177536.000000 9.654644e-78 9.653957e-78 1.500000 111
1111111111111111170416935689672915996310040633630730178093301253537792.000000 9.109140e-79 9.108491e-79 1.500000 111
11111111111111112087293242113201374552687163123884597685617793081278464.000000 3.601372e-80 3.601115e-80 1.500000 111
111111111111111123937923502863791462243565685539464344093656175179988992.000000 2.020478e-82 1.868302e-82 1.500000 54
1111111111111111288419092336346358089902761724204537316736213661675159552.000000 1.547048e-82 1.546938e-82 1.500000 111
11111111111111112491872064901796033159290778291566222160964921337749438464.000000 1.269985e-83 1.269895e-83 1.500000 111
111111111111111115503068045937939185839223648104162597456116046681442615296.000000 5.120764e-84 5.120399e-84 1.500000 111
1111111111111111230355901284019561024421709559533622967789425800382840307712.000000 8.744286e-85 8.743663e-85 1.500000 111
11111111111111111098355479645952903587745526339464277786242012666733776601088.000000 6.893982e-86 6.893491e-86 1.500000 111
111111111111111120625183062013470689129227817441618392995638089364094777819136.000000 4.535514e-87 4.535191e-87 1.500000 111
1111111111111111257673848036422395708635065129333387210666876694690318507835392.000000 6.416518e-88 6.416062e-88 1.500000 111
11111111111111112576738480364223957086350651293333872106668766946903185078353920.000000 1.214475e-89 1.214389e-89 1.500000 111
111111111111111125767384803642239570863506512933338721066687669469031850783539200.000000 1.278284e-91 1.278193e-91 1.500000 111
1111111111111111257673848036422395708635065129333387210666876694690318507835392000.000000 5.432651e-91 5.432264e-91 1.500000 111
11111111111111112576738480364223957086350651293333872106668766946903185078353920000.000000 5.150147e-92 5.149781e-92 1.500000 111
111111111111111132507371470429899519530260284688246389475973775104174971059441762304.000000 4.878832e-93 4.878485e-93 1.500000 111
1111111111111111486833394707202833963304693369000247936582604286285184597216079118336.000000 6.899711e-94 6.899220e-94 1.500000 111
11111111111111115299693093746438576347719175082316570144020353623501005669818555170816.000000 1.547304e-95 1.547194e-95 1.500000 111
111111111111111149546057764069103869759813819684652975214649050149816779116923439808512.000000 5.238150e-96 5.237778e-96 1.500000 111
1111111111111111605888519189340059296554231993278936991364234056224352673769621978873856.000000 4.449067e-97 4.448750e-97 1.500000 111
11111111111111116942308724282592757757191070304248627827384289000053005798499320435048448.000000 2.978723e-98 2.978511e-98 1.500000 111
111111111111111162355698983712390259238720700070812214963907302498054225498568399180005376.000000 9.078036e-99 9.077390e-99 1.500000 111
1111111111111111199513694290311663492395806822407678351042937774831992305800195681571307520.000000 7.607771e-99 7.607230e-99 1.500000 111
2111111111111111279076019151592160635552032962574588866981581772180785381020371794985484288.000000 1.806712e-99 1.806583e-99 1.500000 111
3111111111111111358638344012872657778708259102741499382920225769529578456240547908399661056.000000 2.167834e-100 2.167673e-100 1.500000 111
4111111111111111438200668874153154921864485242908409898858869766878371531460724021813837824.000000 3.194982e-99 3.194755e-99 1.500000 111
5111111111111111517762993735433652065020711383075320414797513764227164606680900135228014592.000000 8.816963e-100 8.816336e-100 1.500000 111
6111111111111111597325318596714149208176937523242230930736157761575957681901076248642191360.000000 1.405097e-99 1.404997e-99 1.500000 111
