Std No.	Outgassing	ChemProd	ChemLoss	DryDepo		WetDepo		Escape		Condensation	Net Flux	Global Change
3	0.000000e+00	1.522185e+11	-1.512177e+11	-1.753036e+02	-4.637687e-06	-1.000795e+09	0.000000e+00	-1.077652e-04	-1.485891e-20
53	3.000000e+10	4.790540e+09	-1.064887e+09	-0.000000e+00	0.000000e+00	-3.372565e+10	0.000000e+00	-3.449635e+00	-1.010918e-22
1	0.000000e+00	6.378877e+10	-6.378877e+10	-2.889133e+00	-5.921797e-04	-0.000000e+00	0.000000e+00	5.277758e-05	2.621638e-22
56	0.000000e+00	2.593499e+10	-2.593499e+10	-0.000000e+00	-7.294275e-22	-0.000000e+00	0.000000e+00	-7.629395e-06	-2.076369e-13
54	0.000000e+00	3.612585e+10	-3.612585e+10	-0.000000e+00	0.000000e+00	-0.000000e+00	0.000000e+00	0.000000e+00	0.000000e+00
2	0.000000e+00	1.128805e+09	-1.128805e+09	-2.435261e-15	-4.993480e-06	-0.000000e+00	0.000000e+00	-2.251083e-07	-1.632096e-18
4	0.000000e+00	5.835472e+10	-5.835472e+10	-1.031845e-01	-2.707014e-04	-0.000000e+00	0.000000e+00	-3.874976e-05	-2.707788e-15
5	0.000000e+00	2.963771e+10	-2.963771e+10	-2.648612e-07	-5.155015e+01	-0.000000e+00	0.000000e+00	-1.374156e-05	-1.789004e-18
7	1.000000e-02	2.506242e+08	-5.028901e+09	-0.000000e+00	0.000000e+00	-0.000000e+00	-7.052209e+26	-7.052209e+26	-1.380752e+04
6	0.000000e+00	1.662304e+08	-1.662174e+08	-2.172597e+02	-1.278595e+04	-0.000000e+00	0.000000e+00	5.510810e-08	8.088668e-23
52	1.000000e-02	5.735696e+10	-5.353267e+10	-0.000000e+00	-1.017789e+12	-0.000000e+00	0.000000e+00	-1.013965e+12	-4.640362e-12
20	2.000000e+10	1.726920e+11	-1.776464e+11	-1.504563e+10	0.000000e+00	-0.000000e+00	0.000000e+00	3.448214e+01	2.411206e-22
22	0.000000e+00	4.790956e+09	-3.963688e+09	-2.197649e+07	-8.052917e+08	-0.000000e+00	0.000000e+00	1.430511e-06	2.359749e-22
61	0.000000e+00	1.249774e+11	-1.249768e+11	-5.999983e+05	-4.172281e-06	-0.000000e+00	0.000000e+00	3.263871e-05	1.495074e-18
19	0.000000e+00	1.309951e+09	-1.309951e+09	-0.000000e+00	-3.340614e-17	-0.000000e+00	0.000000e+00	2.384186e-07	7.183534e-23
58	0.000000e+00	2.459111e+07	-2.459111e+07	-0.000000e+00	-7.867203e-21	-0.000000e+00	0.000000e+00	1.117587e-08	1.844487e-15
59	0.000000e+00	5.394183e+07	-5.394183e+07	-0.000000e+00	-1.710888e-21	-0.000000e+00	0.000000e+00	7.450581e-09	1.821241e-15
80	0.000000e+00	1.584181e+08	-1.584181e+08	-0.000000e+00	-3.423296e-21	-0.000000e+00	0.000000e+00	2.980232e-08	4.978333e-15
60	0.000000e+00	2.643129e+08	-2.643129e+08	-0.000000e+00	-1.001760e-12	-0.000000e+00	0.000000e+00	-5.960565e-08	-3.688379e-16
21	3.000000e+08	2.397073e+05	-3.002397e+08	-0.000000e+00	0.000000e+00	-0.000000e+00	0.000000e+00	2.444273e-02	1.108426e-22
62	0.000000e+00	5.366893e+06	-5.366893e+06	-2.529715e-04	-3.957413e-15	-0.000000e+00	0.000000e+00	3.627173e-09	8.350937e-18
24	0.000000e+00	1.082683e+06	-6.907970e+05	-2.230969e+05	-1.687895e+05	-0.000000e+00	0.000000e+00	5.820766e-10	7.625261e-24
63	0.000000e+00	1.172493e+09	-5.706703e+08	-1.662906e+07	-5.851932e+08	-0.000000e+00	0.000000e+00	7.152557e-07	4.979063e-22
23	0.000000e+00	2.457989e-03	-2.410592e-03	-8.438766e-07	-4.655308e-05	-0.000000e+00	0.000000e+00	-1.341700e-18	-2.182723e-23
71	0.000000e+00	2.374614e+04	-2.374614e+04	-6.102308e-22	-2.152335e-12	-0.000000e+00	0.000000e+00	1.485644e-12	3.128183e-12
25	0.000000e+00	4.830998e-05	-4.829769e-05	-3.293913e-09	-8.989725e-09	-0.000000e+00	0.000000e+00	4.045906e-20	1.371551e-22
26	0.000000e+00	5.291207e-35	-5.291207e-35	-0.000000e+00	-5.868215e-60	-0.000000e+00	0.000000e+00	1.069106e-50	1.364729e-19
64	0.000000e+00	3.649635e-03	-3.649635e-03	-0.000000e+00	-3.608149e-29	-0.000000e+00	0.000000e+00	-1.651982e-13	-9.185835e-11
27	0.000000e+00	7.019427e+00	-7.019427e+00	-0.000000e+00	0.000000e+00	-0.000000e+00	0.000000e+00	-4.174439e-14	-3.206488e-18
28	0.000000e+00	9.773944e+00	-9.773944e+00	-0.000000e+00	-5.168925e-22	-0.000000e+00	0.000000e+00	-3.552714e-15	-4.680982e-15
29	0.000000e+00	1.101041e+05	-1.101041e+05	-0.000000e+00	0.000000e+00	-0.000000e+00	0.000000e+00	0.000000e+00	0.000000e+00
30	0.000000e+00	1.865737e+01	-1.865737e+01	-0.000000e+00	-3.881273e-17	-0.000000e+00	0.000000e+00	3.513901e-15	1.119431e-17
31	0.000000e+00	3.854353e+01	-7.880304e+00	-3.066322e+01	0.000000e+00	-0.000000e+00	0.000000e+00	5.178791e-11	1.773322e-23
32	0.000000e+00	3.212504e+04	-3.212504e+04	-2.060087e-20	-1.379075e-19	-0.000000e+00	0.000000e+00	-2.582965e-10	-4.233262e-18
33	0.000000e+00	1.603678e+04	-1.596172e+04	-1.392168e+00	-7.366584e+01	-0.000000e+00	0.000000e+00	-2.444267e-12	-1.442568e-22
34	0.000000e+00	5.093415e+05	-5.093412e+05	-2.535066e-01	-1.857807e-12	-0.000000e+00	0.000000e+00	-7.331570e-11	-3.158755e-18
35	0.000000e+00	2.022745e+04	-2.022294e+04	-3.947531e+00	-5.620226e-01	-0.000000e+00	0.000000e+00	-2.518763e-12	-7.941442e-22
36	0.000000e+00	8.617400e+00	-8.617400e+00	-7.490457e-12	-2.398340e-21	-0.000000e+00	0.000000e+00	3.992389e-15	3.407327e-18
40	0.000000e+00	3.903576e+08	-3.903576e+08	-0.000000e+00	-4.040078e-08	-0.000000e+00	0.000000e+00	-2.192147e-07	-4.887088e-19
41	0.000000e+00	2.798647e+07	-2.798647e+07	-0.000000e+00	-1.775502e-09	-0.000000e+00	0.000000e+00	-9.226082e-09	-1.482532e-18
76	0.000000e+00	1.829682e+04	-1.829682e+04	-0.000000e+00	-2.217239e-13	-0.000000e+00	0.000000e+00	3.416255e-12	3.392464e-18
77	0.000000e+00	4.291257e+03	-4.291257e+03	-0.000000e+00	-1.427697e-13	-0.000000e+00	0.000000e+00	-1.052264e-12	-2.106471e-18
42	0.000000e+00	9.582712e+09	-9.582712e+09	-0.000000e+00	-1.196928e-04	-0.000000e+00	0.000000e+00	-1.437183e-06	-4.692343e-21
43	3.000000e+09	3.753074e+09	-3.726716e+09	-2.462851e+09	-5.635066e+08	-0.000000e+00	0.000000e+00	-2.384186e-07	-1.017455e-22
74	0.000000e+00	3.504144e+09	-3.504144e+09	-0.000000e+00	-6.058520e-18	-0.000000e+00	0.000000e+00	2.384186e-06	4.111880e-09
75	0.000000e+00	3.782203e+08	-3.782203e+08	-0.000000e+00	-4.776848e-17	-0.000000e+00	0.000000e+00	5.960464e-08	1.780362e-11
44	0.000000e+00	1.429508e+05	-1.429508e+05	-3.735012e-07	-6.873648e-03	-0.000000e+00	0.000000e+00	5.071072e-12	2.372845e-21
45	3.000000e+08	1.915442e+09	-1.941933e+09	-2.732835e+08	-2.249717e+05	-0.000000e+00	0.000000e+00	2.134766e-06	1.259708e-22
46	0.000000e+00	2.063230e+09	-2.063230e+09	-0.000000e+00	-9.460842e-07	-0.000000e+00	0.000000e+00	-2.308285e-07	-6.695762e-20
47	0.000000e+00	9.139563e+09	-9.139563e+09	-0.000000e+00	-4.861352e-07	-0.000000e+00	0.000000e+00	1.421213e-06	5.560539e-19
48	0.000000e+00	3.315648e+05	-3.315648e+05	-0.000000e+00	-1.592709e-10	-0.000000e+00	0.000000e+00	1.535204e-11	5.066688e-24
68	0.000000e+00	3.229401e+03	-3.202761e+03	-5.782894e+00	-2.085770e+01	-0.000000e+00	0.000000e+00	-4.796163e-13	-6.103791e-22
73	0.000000e+00	1.366005e+05	-3.079381e+03	-2.710028e+04	-9.446354e+04	-0.000000e+00	-1.195730e+04	1.818989e-11	8.026620e-24
78	0.000000e+00	0.000000e+00	0.000000e+00	-1.195730e+04	-5.732572e-08	-0.000000e+00	1.195730e+04	-2.546585e-11	-1.522148e-24
79	0.000000e+00	4.910653e-05	0.000000e+00	-0.000000e+00	-3.985936e-08	-0.000000e+00	-4.906666e-05	1.093425e-11	2.001107e-22
111	0.000000e+00	0.000000e+00	0.000000e+00	-4.906666e-05	-1.784427e-13	-0.000000e+00	4.906666e-05	1.050142e-13	3.085992e-22
8	0.000000e+00	5.734955e+05	-5.734955e+05	-0.000000e+00	-3.766087e-09	-0.000000e+00	0.000000e+00	1.920337e-10	2.380137e-20
9	0.000000e+00	2.196148e+03	-2.196148e+03	-0.000000e+00	0.000000e+00	-0.000000e+00	0.000000e+00	4.547474e-13	6.313577e-23
10	0.000000e+00	7.542788e+04	-7.542788e+04	-0.000000e+00	-2.912793e-03	-0.000000e+00	0.000000e+00	-6.945664e-11	-1.856180e-18
57	0.000000e+00	2.903680e+03	-2.903680e+03	-0.000000e+00	-5.177915e-18	-0.000000e+00	0.000000e+00	4.547422e-13	3.052944e-19
11	0.000000e+00	8.849812e+03	-8.729848e+03	-0.000000e+00	-1.199647e+02	-0.000000e+00	0.000000e+00	4.321706e-09	1.258431e-22
12	1.000000e+08	8.604650e+10	-8.614622e+10	-2.803528e+05	-1.966743e+02	-0.000000e+00	0.000000e+00	4.793489e-05	3.755186e-20
13	0.000000e+00	3.362324e+08	-3.362324e+08	-4.583152e-03	-7.264509e-05	-0.000000e+00	0.000000e+00	2.196018e-07	5.760761e-19
14	0.000000e+00	2.434142e+05	-2.434142e+05	-4.318763e-10	-2.213417e-04	-0.000000e+00	0.000000e+00	1.948402e-11	9.839226e-19
15	0.000000e+00	4.586126e+00	-4.586055e+00	-3.457066e-21	-7.111348e-05	-0.000000e+00	0.000000e+00	1.369266e-15	2.446482e-22
16	0.000000e+00	8.580917e+10	-8.571055e+10	-0.000000e+00	-9.861560e+07	-0.000000e+00	0.000000e+00	4.991889e-05	7.322361e-21
17	0.000000e+00	1.774690e+03	-1.723395e+03	-2.639248e+01	-2.490235e+01	-0.000000e+00	0.000000e+00	3.730349e-13	3.263726e-21
18	0.000000e+00	5.780239e+01	-5.779944e+01	-1.953073e-04	-2.757390e-03	-0.000000e+00	0.000000e+00	-9.271663e-15	-9.817347e-23
70	0.000000e+00	1.730170e+05	-1.730152e+05	-1.126533e-15	-1.738732e+00	-0.000000e+00	0.000000e+00	7.030976e-11	4.348137e-22
37	0.000000e+00	1.697438e+01	-2.075687e-01	-1.128084e+01	-5.485970e+00	-0.000000e+00	0.000000e+00	-1.749711e-13	-3.477973e-23
38	0.000000e+00	9.102983e+00	-9.102983e+00	-5.319251e-22	-1.737315e-18	-0.000000e+00	0.000000e+00	-1.737847e-18	-1.378586e-19
39	0.000000e+00	3.626440e-01	-3.626440e-01	-0.000000e+00	-9.302909e-25	-0.000000e+00	0.000000e+00	1.110223e-16	6.302877e-16
72	0.000000e+00	9.525650e+00	-9.525650e+00	-0.000000e+00	-6.420709e-09	-0.000000e+00	0.000000e+00	1.300510e-12	1.464508e-22
65	0.000000e+00	7.637122e+04	-7.637097e+04	-8.859186e-02	-1.594319e-01	-0.000000e+00	0.000000e+00	9.855228e-12	2.878870e-21
66	0.000000e+00	1.212241e+03	-1.212237e+03	-3.422104e-04	-3.601843e-03	-0.000000e+00	0.000000e+00	1.484329e-13	5.546737e-23
109	0.000000e+00	3.832241e+00	-3.741793e+00	-0.000000e+00	-9.044735e-02	-0.000000e+00	0.000000e+00	9.992007e-16	1.153650e-23
67	0.000000e+00	4.525341e-08	-4.525341e-08	-0.000000e+00	-1.879955e-27	-0.000000e+00	0.000000e+00	9.833521e-21	3.746825e-14
110	0.000000e+00	7.053668e-11	-6.602502e-11	-0.000000e+00	-4.511658e-12	-0.000000e+00	0.000000e+00	-1.833341e-21	-1.255081e-18
106	0.000000e+00	1.736376e-05	-1.736376e-05	-0.000000e+00	-1.491629e-16	-0.000000e+00	0.000000e+00	-4.407254e-22	-2.711465e-24
107	0.000000e+00	2.470870e-02	-2.470870e-02	-0.000000e+00	-8.373946e-13	-0.000000e+00	0.000000e+00	1.784724e-16	1.319344e-22
108	0.000000e+00	2.470870e-02	-2.470870e-02	-0.000000e+00	-2.497448e-16	-0.000000e+00	0.000000e+00	6.994308e-18	1.099080e-22
49	0.000000e+00	4.291615e-09	-4.289823e-09	-1.791931e-12	-6.806979e-16	-0.000000e+00	0.000000e+00	-3.573236e-19	-9.272229e-17
50	0.000000e+00	5.299536e-13	-5.299536e-13	-0.000000e+00	-8.435616e-39	-0.000000e+00	0.000000e+00	-1.009742e-28	-4.403466e-17
51	0.000000e+00	0.000000e+00	0.000000e+00	-0.000000e+00	0.000000e+00	-0.000000e+00	0.000000e+00	0.000000e+00	nan
69	0.000000e+00	0.000000e+00	0.000000e+00	-0.000000e+00	0.000000e+00	-0.000000e+00	0.000000e+00	0.000000e+00	nan
