Std No.	Outgassing	ChemProd	ChemLoss	DryDepo		WetDepo		Escape		Condensation	Net Flux	Global Change
3	0.000000e+00	2.932698e+12	-2.930587e+12	-2.707850e+03	-3.715927e-04	-2.111031e+09	0.000000e+00	1.811981e-05	2.008377e-22
53	9.000000e-01	6.811198e+11	-6.959116e+11	-0.000000e+00	0.000000e+00	-0.000000e+00	0.000000e+00	-1.479180e+10	-1.233774e-16
1	0.000000e+00	1.000148e+11	-1.000148e+11	-3.557454e+00	-6.352343e-04	-0.000000e+00	0.000000e+00	-1.426343e-05	-7.748718e-21
56	0.000000e+00	7.324155e+08	-7.324155e+08	-0.000000e+00	-2.544449e-23	-0.000000e+00	0.000000e+00	-2.110004e-05	-1.939198e-10
54	0.000000e+00	1.645560e+08	-1.645560e+08	-0.000000e+00	0.000000e+00	-0.000000e+00	0.000000e+00	5.960464e-08	3.751330e-22
2	0.000000e+00	1.545493e+05	-1.545493e+05	-1.172046e-16	-6.998689e-10	-0.000000e+00	0.000000e+00	2.772671e-11	1.624708e-18
4	0.000000e+00	9.019118e+10	-9.019118e+10	-2.001093e-02	-3.047092e-04	-0.000000e+00	0.000000e+00	5.484763e-05	1.939446e-16
5	0.000000e+00	7.118207e+07	-7.118207e+07	-1.561301e-06	-2.326911e-03	-0.000000e+00	0.000000e+00	5.788791e-08	1.393958e-17
7	1.000000e-02	5.484625e+10	-4.022163e+10	-0.000000e+00	0.000000e+00	-0.000000e+00	-3.607231e+27	-3.607231e+27	-1.327542e+04
6	0.000000e+00	1.122779e+01	-1.122779e+01	-7.896216e-11	-2.105809e-07	-0.000000e+00	0.000000e+00	-4.383613e-15	-9.476524e-21
52	3.000000e+11	6.073933e+10	-7.522287e+10	-2.318326e+11	-5.368390e+10	-0.000000e+00	0.000000e+00	6.264496e-02	4.750879e-24
20	0.000000e+00	2.918980e+12	-2.918891e+12	-8.928440e+07	0.000000e+00	-0.000000e+00	0.000000e+00	-1.953628e+00	-3.843286e-23
22	0.000000e+00	1.671199e+12	-1.656956e+12	-4.813080e+07	-1.419463e+10	-0.000000e+00	0.000000e+00	2.288818e-05	3.680052e-22
61	0.000000e+00	3.903430e+12	-3.903427e+12	-2.313858e+06	-9.848393e-05	-0.000000e+00	0.000000e+00	1.296120e-03	1.735212e-18
19	0.000000e+00	5.612364e+08	-5.612364e+08	-0.000000e+00	-4.547247e-15	-0.000000e+00	0.000000e+00	-4.547247e-15	-8.444369e-29
58	0.000000e+00	1.302389e+09	-1.302389e+09	-0.000000e+00	-3.147110e-19	-0.000000e+00	0.000000e+00	-1.430511e-06	-5.391163e-16
59	0.000000e+00	1.236346e+09	-1.236346e+09	-0.000000e+00	-2.629107e-19	-0.000000e+00	0.000000e+00	-2.384186e-07	-1.651478e-15
80	0.000000e+00	5.994037e+08	-5.994037e+08	-0.000000e+00	-3.319948e-23	-0.000000e+00	0.000000e+00	-3.319948e-23	-1.415334e-28
60	0.000000e+00	1.212301e+09	-1.212301e+09	-0.000000e+00	-9.948335e-11	-0.000000e+00	0.000000e+00	-2.384285e-06	-5.555936e-20
21	3.000000e+08	8.554935e+08	-1.155493e+09	-0.000000e+00	0.000000e+00	-0.000000e+00	0.000000e+00	-1.363704e-01	-1.299695e-23
62	0.000000e+00	4.598491e+07	-4.598491e+07	-3.159144e-01	-2.011602e-11	-0.000000e+00	0.000000e+00	2.177616e-08	2.775332e-17
24	0.000000e+00	1.997792e+07	-1.205916e+07	-1.382896e+06	-6.535872e+06	-0.000000e+00	0.000000e+00	8.381903e-09	3.120002e-23
63	0.000000e+00	3.106080e+09	-2.682946e+09	-3.861729e+05	-4.227474e+08	-0.000000e+00	0.000000e+00	-1.311302e-06	-1.833147e-22
23	0.000000e+00	5.985180e-09	-5.968254e-09	-6.716467e-14	-1.733853e-11	-0.000000e+00	0.000000e+00	-4.797166e-13	-3.594466e-10
71	0.000000e+00	6.757596e+02	-6.757596e+02	-2.672142e-21	-9.416484e-17	-0.000000e+00	0.000000e+00	-1.628678e-09	-1.205097e-07
25	0.000000e+00	1.401463e-06	-1.401463e-06	-6.809549e-16	-4.232872e-14	-0.000000e+00	0.000000e+00	1.906662e-15	2.064809e-14
26	0.000000e+00	7.791744e-31	-7.791744e-31	-0.000000e+00	-2.536713e-56	-0.000000e+00	0.000000e+00	-1.751623e-46	-5.366512e-19
64	0.000000e+00	3.790925e+09	-3.790925e+09	-0.000000e+00	-1.898516e-19	-0.000000e+00	0.000000e+00	-1.898516e-19	-1.173876e-28
27	0.000000e+00	3.916193e+09	-3.916193e+09	-0.000000e+00	0.000000e+00	-0.000000e+00	0.000000e+00	-4.768372e-07	-1.748347e-22
28	0.000000e+00	6.667377e+07	-6.667377e+07	-0.000000e+00	-2.784242e-20	-0.000000e+00	0.000000e+00	1.490116e-08	2.467539e-16
29	0.000000e+00	1.381698e+08	-1.381698e+08	-0.000000e+00	0.000000e+00	-0.000000e+00	0.000000e+00	-2.980232e-08	-1.107860e-21
30	0.000000e+00	1.216798e+07	-1.216798e+07	-0.000000e+00	-7.529404e-12	-0.000000e+00	0.000000e+00	-7.529404e-12	-5.934409e-20
31	0.000000e+00	8.340958e+07	-7.541206e+07	-7.997524e+06	0.000000e+00	-0.000000e+00	0.000000e+00	-3.608502e-05	-7.909781e-24
32	0.000000e+00	1.045802e+07	-1.045802e+07	-2.944417e-23	-9.100621e-19	-0.000000e+00	0.000000e+00	-9.100915e-19	-1.085847e-28
33	0.000000e+00	3.658219e+06	-3.657474e+06	-4.410489e-01	-7.450203e+02	-0.000000e+00	0.000000e+00	2.650040e-10	8.548152e-23
34	0.000000e+00	1.289753e+07	-1.289753e+07	-2.281455e-01	-1.319701e-11	-0.000000e+00	0.000000e+00	-3.673656e-09	-1.935480e-17
35	0.000000e+00	1.019946e+06	-1.019893e+06	-3.554955e+01	-1.740867e+01	-0.000000e+00	0.000000e+00	2.074785e-10	7.455356e-21
36	0.000000e+00	2.458228e+05	-2.458228e+05	-1.730370e-07	-5.772130e-16	-0.000000e+00	0.000000e+00	7.255882e-11	3.028183e-20
40	0.000000e+00	1.594123e+11	-1.594123e+11	-0.000000e+00	-8.514600e-06	-0.000000e+00	0.000000e+00	-1.000673e-04	-5.882698e-19
41	0.000000e+00	1.151805e+11	-1.151805e+11	-0.000000e+00	-1.747975e-05	-0.000000e+00	0.000000e+00	2.829662e-05	9.239126e-19
76	0.000000e+00	2.915475e+09	-2.915475e+09	-0.000000e+00	-1.201818e-08	-0.000000e+00	0.000000e+00	-1.201818e-08	-1.005781e-18
77	0.000000e+00	2.820152e+10	-2.820152e+10	-0.000000e+00	-8.609195e-07	-0.000000e+00	0.000000e+00	-8.490314e-06	-1.299293e-17
42	0.000000e+00	3.646837e+10	-3.646837e+10	-0.000000e+00	-2.781763e-05	-0.000000e+00	0.000000e+00	-2.781763e-05	-1.279753e-19
43	3.000000e+09	2.714642e+11	-2.718875e+11	-1.256875e+09	-1.319772e+09	-0.000000e+00	0.000000e+00	-2.980232e-05	-1.395532e-20
74	0.000000e+00	2.687862e+11	-2.687862e+11	-0.000000e+00	-1.565866e-15	-0.000000e+00	0.000000e+00	3.051758e-05	4.783007e-09
75	0.000000e+00	2.489061e+10	-2.489061e+10	-0.000000e+00	-1.062405e-14	-0.000000e+00	0.000000e+00	3.814697e-06	9.012403e-11
44	0.000000e+00	2.889771e+05	-2.889771e+05	-1.977967e-07	-8.098663e-03	-0.000000e+00	0.000000e+00	-3.326144e-11	-1.988494e-21
45	3.000000e+08	6.208607e+11	-6.206457e+11	-5.127526e+08	-2.213303e+06	-0.000000e+00	0.000000e+00	6.897422e-05	3.975011e-22
46	0.000000e+00	6.984645e+11	-6.984645e+11	-0.000000e+00	-4.649818e-05	-0.000000e+00	0.000000e+00	-7.789201e-04	-5.392622e-18
47	0.000000e+00	1.360414e+10	-1.360414e+10	-0.000000e+00	-8.657931e-05	-0.000000e+00	0.000000e+00	-2.655967e-06	-3.764464e-20
48	0.000000e+00	7.393995e+05	-7.393995e+05	-0.000000e+00	-5.901499e-10	-0.000000e+00	0.000000e+00	-7.065652e-10	-1.143286e-23
68	0.000000e+00	4.853232e+03	-4.849096e+03	-2.541280e-01	-3.881406e+00	-0.000000e+00	0.000000e+00	-2.415845e-13	-2.290298e-21
73	0.000000e+00	1.609453e+05	-7.395750e+03	-4.204910e+03	-1.483473e+05	-0.000000e+00	-9.973315e+02	9.470114e-11	2.075693e-23
78	0.000000e+00	0.000000e+00	0.000000e+00	-9.973315e+02	-9.156057e-08	-0.000000e+00	9.973315e+02	1.138005e-10	1.895772e-24
79	0.000000e+00	2.602919e+07	0.000000e+00	-0.000000e+00	-2.103055e-02	-0.000000e+00	-2.602919e+07	8.702278e-06	1.136021e-21
111	0.000000e+00	0.000000e+00	0.000000e+00	-2.602919e+07	-2.588825e-03	-0.000000e+00	2.602919e+07	-9.853393e-06	-3.320647e-22
8	0.000000e+00	7.171395e+05	-7.171395e+05	-0.000000e+00	-8.746825e-12	-0.000000e+00	0.000000e+00	1.076685e-10	3.315774e-19
9	1.000000e+10	6.207837e+11	-6.307836e+11	-8.248196e+04	0.000000e+00	-0.000000e+00	0.000000e+00	5.135074e-04	1.417008e-22
10	0.000000e+00	6.308286e+11	-6.308285e+11	-0.000000e+00	-2.882952e+04	-0.000000e+00	0.000000e+00	-2.529507e-04	-3.883892e-17
57	0.000000e+00	2.534913e+06	-2.534913e+06	-0.000000e+00	-7.260843e-07	-0.000000e+00	0.000000e+00	2.209943e-09	1.761603e-21
11	0.000000e+00	5.167488e+05	-5.164410e+05	-0.000000e+00	-3.078620e+02	-0.000000e+00	0.000000e+00	2.376623e-10	2.340298e-24
12	0.000000e+00	9.900252e+08	-9.900252e+08	-6.675387e-03	-9.277233e-05	-0.000000e+00	0.000000e+00	-4.092067e-07	-8.451202e-20
13	0.000000e+00	4.603311e+06	-4.603311e+06	-1.071413e-10	-1.301942e-07	-0.000000e+00	0.000000e+00	1.946474e-09	2.267856e-18
14	0.000000e+00	3.152037e+03	-3.152037e+03	-1.923165e-17	-3.877620e-08	-0.000000e+00	0.000000e+00	1.016040e-12	1.961835e-17
15	0.000000e+00	1.754151e-05	-1.754151e-05	-2.995489e-36	-1.806629e-13	-0.000000e+00	0.000000e+00	-6.812310e-21	-3.129272e-20
16	0.000000e+00	9.819038e+08	-9.819037e+08	-0.000000e+00	-1.025553e+02	-0.000000e+00	0.000000e+00	1.043410e-07	5.640057e-20
17	0.000000e+00	4.957587e+02	-4.957587e+02	-1.506182e-08	-4.026373e-06	-0.000000e+00	0.000000e+00	-1.657151e-13	-1.569108e-19
18	0.000000e+00	2.086800e-01	-2.086800e-01	-3.666679e-15	-1.095558e-08	-0.000000e+00	0.000000e+00	-2.352753e-17	-2.090702e-21
70	0.000000e+00	3.763723e-01	-3.763723e-01	-1.643917e-24	-2.315864e-09	-0.000000e+00	0.000000e+00	5.636239e-17	1.541058e-20
37	0.000000e+00	2.125677e+06	-2.031168e+02	-6.078836e+05	-1.517590e+06	-0.000000e+00	0.000000e+00	-3.119931e-08	-4.301072e-23
38	0.000000e+00	2.031470e+02	-2.031470e+02	-1.532995e-20	-3.286574e-16	-0.000000e+00	0.000000e+00	-3.286727e-16	-9.095068e-20
39	0.000000e+00	1.554582e-01	-1.554582e-01	-0.000000e+00	-2.281911e-20	-0.000000e+00	0.000000e+00	-2.281911e-20	-3.722786e-22
72	0.000000e+00	8.951611e-02	-8.951611e-02	-0.000000e+00	-4.699170e-10	-0.000000e+00	0.000000e+00	1.154032e-14	1.520409e-23
65	0.000000e+00	1.773693e+03	-1.773692e+03	-1.192483e-07	-7.667192e-05	-0.000000e+00	0.000000e+00	2.565080e-13	1.085248e-19
66	0.000000e+00	2.154070e-01	-2.154070e-01	-4.974312e-14	-2.296839e-08	-0.000000e+00	0.000000e+00	1.080346e-17	1.372550e-21
109	0.000000e+00	2.130488e+06	-2.125454e+06	-0.000000e+00	-5.034493e+03	-0.000000e+00	0.000000e+00	-3.765308e-10	-1.952789e-22
67	0.000000e+00	2.015020e-02	-2.015020e-02	-0.000000e+00	-2.264790e-25	-0.000000e+00	0.000000e+00	-2.264790e-25	-1.693223e-26
110	0.000000e+00	9.803736e+00	-9.802243e+00	-0.000000e+00	-1.493557e-03	-0.000000e+00	0.000000e+00	-1.116728e-16	-1.228075e-23
106	0.000000e+00	3.942169e+09	-3.942169e+09	-0.000000e+00	-2.252908e-07	-0.000000e+00	0.000000e+00	-7.021279e-07	-2.118872e-21
107	0.000000e+00	9.981260e+09	-9.981260e+09	-0.000000e+00	-1.505742e-07	-0.000000e+00	0.000000e+00	-1.505742e-07	-5.204721e-21
108	0.000000e+00	9.981260e+09	-9.981260e+09	-0.000000e+00	-3.956635e-07	-0.000000e+00	0.000000e+00	1.511685e-06	1.808393e-21
49	0.000000e+00	2.497214e-02	-2.497214e-02	-2.576973e-21	-6.026249e-14	-0.000000e+00	0.000000e+00	8.742559e-18	4.499819e-21
50	0.000000e+00	8.165411e-03	-8.165411e-03	-0.000000e+00	-2.179185e-23	-0.000000e+00	0.000000e+00	-3.469469e-18	-3.146090e-23
51	0.000000e+00	0.000000e+00	0.000000e+00	-0.000000e+00	0.000000e+00	-0.000000e+00	0.000000e+00	0.000000e+00	nan
69	0.000000e+00	0.000000e+00	0.000000e+00	-0.000000e+00	0.000000e+00	-0.000000e+00	0.000000e+00	0.000000e+00	nan
